 Total battles: 55238
 Avg. weight/team: 0.032
Rank,Pokemon,Usage percentage,Raw,Raw percentage,Real,Real percentage
1,Arceus,58.21513,8661,7.840,4737,6.868
2,Groudon-Primal,57.03911,14552,13.172,9839,14.266
3,Rayquaza-Mega,52.17463,16106,14.579,9490,13.760
4,Xerneas,34.19844,10360,9.378,6157,8.927
5,Arceus-Ghost,31.10719,3153,2.854,2120,3.074
6,Darkrai,26.94585,12611,11.415,7761,11.253
7,Kyogre-Primal,26.72175,11242,10.176,6907,10.015
8,Yveltal,19.33586,3905,3.535,2375,3.444
9,Arceus-Steel,14.84985,1503,1.360,901,1.306
10,Arceus-Fairy,14.33811,2024,1.832,1259,1.825
11,Lugia,13.83015,4272,3.867,2490,3.610
12,Mewtwo-Mega-Y,13.19101,7215,6.531,4552,6.600
13,Klefki,12.63650,3458,3.130,2133,3.093
14,Deoxys-Attack,10.49792,2875,2.602,1841,2.669
15,Ho-Oh,9.36577,2494,2.258,1619,2.347
16,Ferrothorn,6.74365,4466,4.043,3276,4.750
17,Aegislash,6.71189,8303,7.516,5314,7.705
18,Mewtwo,6.61026,3102,2.808,1644,2.384
19,Smeargle,5.52786,6811,6.165,4490,6.510
20,Shaymin-Sky,5.48542,2316,2.096,1421,2.060
21,Kyogre,5.44589,1380,1.249,759,1.101
22,Gengar-Mega,4.99356,4594,4.158,3083,4.470
23,Chansey,4.96756,3365,3.046,1888,2.737
24,Diancie-Mega,4.35403,1872,1.694,1231,1.785
25,Arceus-Water,4.24757,670,0.606,462,0.670
26,Giratina,4.19929,1061,0.960,639,0.927
27,Sableye-Mega,4.07653,2636,2.386,1888,2.737
28,Sableye,3.75529,1565,1.417,991,1.437
29,Tyranitar,3.61200,3716,3.364,2414,3.500
30,Kyurem-White,3.61081,1822,1.649,1139,1.651
31,Mewtwo-Mega-X,3.42693,4507,4.080,2938,4.260
32,Greninja,3.41244,10739,9.721,7216,10.463
33,Gliscor,3.37716,4837,4.378,3165,4.589
34,Arceus-Ground,3.36116,722,0.654,434,0.629
35,Lopunny-Mega,3.06150,3488,3.157,2403,3.484
36,Scolipede,2.99527,3258,2.949,2497,3.621
37,Skarmory,2.97452,2505,2.267,1953,2.832
38,Giratina-Origin,2.90102,3019,2.733,1814,2.630
39,Ditto,2.72393,3694,3.344,1451,2.104
40,Clefable,2.65968,3063,2.773,1853,2.687
41,Kangaskhan-Mega,2.60895,3224,2.918,2159,3.130
42,Scizor,2.52110,3332,3.016,2184,3.167
43,Blaziken,2.11474,5973,5.407,4116,5.968
44,Blissey,2.11028,2764,2.502,1608,2.332
45,Chandelure,1.98149,2776,2.513,1850,2.682
46,Talonflame,1.90923,5032,4.555,2778,4.028
47,Shuckle,1.89744,3241,2.934,2092,3.033
48,Garchomp,1.88812,6222,5.632,4002,5.803
49,Gengar,1.83653,5379,4.869,3334,4.834
50,Blaziken-Mega,1.70642,6523,5.904,4566,6.620
51,Palkia,1.65721,1755,1.589,1056,1.531
52,Landorus-Therian,1.62776,1284,1.162,797,1.156
53,Dialga,1.55715,3135,2.838,1983,2.875
54,Sylveon,1.53640,3516,3.183,2185,3.168
55,Quagsire,1.45537,964,0.873,626,0.908
56,Lucario-Mega,1.43975,4635,4.195,3087,4.476
57,Arceus-Electric,1.41157,624,0.565,418,0.606
58,Genesect,1.36584,2196,1.988,1234,1.789
59,Whimsicott,1.34005,2098,1.899,1111,1.611
60,Hoopa-Unbound,1.18978,1794,1.624,1124,1.630
61,Espeon,1.16133,4046,3.662,2373,3.441
62,Dragonite,1.15519,5689,5.150,3570,5.176
63,Cloyster,1.12317,4502,4.075,2785,4.038
64,Scizor-Mega,1.11168,2434,2.203,1555,2.255
65,Serperior,1.10401,4704,4.258,2857,4.142
66,Excadrill,1.01946,2153,1.949,1381,2.002
67,Rotom-Wash,1.01572,2254,2.040,1529,2.217
68,Weavile,1.00988,3024,2.737,2095,3.038
69,Swampert-Mega,0.94668,2670,2.417,1787,2.591
70,Breloom,0.91553,3583,3.243,2407,3.490
71,Jirachi,0.87189,1526,1.381,897,1.301
72,Zekrom,0.82494,2670,2.417,1584,2.297
73,Ninjask,0.79581,3550,3.213,2784,4.037
74,Deoxys-Speed,0.77757,1215,1.100,860,1.247
75,Xatu,0.75104,618,0.559,422,0.612
76,Slurpuff,0.74804,1103,0.998,645,0.935
77,Arceus-Poison,0.74481,290,0.263,175,0.254
78,Hawlucha,0.73733,1364,1.235,926,1.343
79,Mawile-Mega,0.71296,2571,2.327,1715,2.487
80,Deoxys-Defense,0.68628,1176,1.064,749,1.086
81,Togekiss,0.68355,4440,4.019,2792,4.048
82,Moltres,0.68300,616,0.558,409,0.593
83,Druddigon,0.67127,433,0.392,325,0.471
84,Mew,0.65127,3192,2.889,1799,2.608
85,Manaphy,0.64769,1177,1.065,721,1.045
86,Azumarill,0.62575,2504,2.267,1580,2.291
87,Drifblim,0.62209,2611,2.363,1890,2.740
88,Tyranitar-Mega,0.61325,2058,1.863,1386,2.010
89,Gardevoir-Mega,0.58825,4768,4.316,2860,4.147
90,Jolteon,0.56240,3207,2.903,2253,3.267
91,Liepard,0.56049,680,0.616,477,0.692
92,Volcarona,0.55756,3354,3.036,2044,2.964
93,Salamence-Mega,0.55699,2480,2.245,1538,2.230
94,Thundurus,0.54374,752,0.681,508,0.737
95,Machamp,0.53269,2317,2.097,1654,2.398
96,Groudon,0.53096,531,0.481,310,0.449
97,Arceus-Flying,0.50590,193,0.175,98,0.142
98,Pineco,0.49733,364,0.329,284,0.412
99,Latios,0.47440,1371,1.241,869,1.260
100,Heracross-Mega,0.46900,2167,1.962,1394,2.021
101,Milotic,0.46582,3245,2.937,1868,2.708
102,Galvantula,0.44473,1478,1.338,1210,1.754
103,Charizard-Mega-Y,0.44416,3268,2.958,2159,3.130
104,Venusaur-Mega,0.42442,2371,2.146,1604,2.326
105,Charizard-Mega-X,0.40514,6058,5.484,4117,5.969
106,Amoonguss,0.39745,674,0.610,411,0.596
107,Kangaskhan,0.39568,268,0.243,170,0.246
108,Arceus-Dragon,0.39549,650,0.588,382,0.554
109,Metagross-Mega,0.39472,2874,2.601,1892,2.743
110,Umbreon,0.37338,3562,3.224,2273,3.296
111,Slowbro,0.36673,922,0.835,598,0.867
112,Arceus-Dark,0.36667,424,0.384,270,0.391
113,Sigilyph,0.36017,1273,1.152,728,1.056
114,Gyarados,0.35229,2406,2.178,1559,2.260
115,Darmanitan,0.35226,830,0.751,518,0.751
116,Venomoth,0.34130,736,0.666,594,0.861
117,Gallade-Mega,0.33485,3311,2.997,2247,3.258
118,Arceus-Fire,0.32076,528,0.478,325,0.471
119,Arcanine,0.32032,3771,3.413,2524,3.660
120,Durant,0.31739,1454,1.316,1030,1.493
121,Raikou,0.31472,807,0.730,558,0.809
122,Salamence,0.30180,2645,2.394,1632,2.366
123,Kingdra,0.28555,2186,1.979,1252,1.815
124,Landorus,0.28421,368,0.333,234,0.339
125,Alakazam,0.28202,1936,1.752,1146,1.662
126,Hydreigon,0.27601,1885,1.706,1176,1.705
127,Medicham-Mega,0.27496,1196,1.083,822,1.192
128,Electivire,0.27334,4023,3.642,2713,3.934
129,Forretress,0.27216,2638,2.388,2084,3.022
130,Drapion,0.26527,1634,1.479,1140,1.653
131,Wobbuffet,0.26113,1346,1.218,719,1.043
132,Haxorus,0.26040,2366,2.142,1417,2.055
133,Ludicolo,0.25997,1358,1.229,841,1.219
134,Feraligatr,0.25946,1283,1.161,895,1.298
135,Reuniclus,0.25842,518,0.469,313,0.454
136,Snorlax,0.25760,4301,3.893,2600,3.770
137,Gyarados-Mega,0.25554,1714,1.551,1162,1.685
138,Lucario,0.25428,2534,2.294,1691,2.452
139,Omastar,0.25330,402,0.364,278,0.403
140,Porygon-Z,0.24548,1527,1.382,1063,1.541
141,Porygon2,0.24505,1061,0.960,657,0.953
142,Crobat,0.24283,3425,3.100,2357,3.418
143,Rayquaza,0.23949,950,0.860,593,0.860
144,Metagross,0.23834,2669,2.416,1650,2.392
145,Victini,0.23335,1121,1.015,673,0.976
146,Cottonee,0.23085,196,0.177,98,0.142
147,Ninetales,0.22374,1281,1.160,885,1.283
148,Staraptor,0.22357,2348,2.125,1525,2.211
149,Vaporeon,0.21594,2136,1.933,1415,2.052
150,Conkeldurr,0.21435,1195,1.082,790,1.145
151,Regirock,0.21270,303,0.274,204,0.296
152,Magnezone,0.20886,1850,1.675,1202,1.743
153,Aggron-Mega,0.20784,1580,1.430,1072,1.554
154,Alakazam-Mega,0.20722,1749,1.583,1139,1.651
155,Shedinja,0.20314,1566,1.418,955,1.385
156,Aggron,0.20298,1476,1.336,982,1.424
157,Meloetta,0.20107,509,0.461,355,0.515
158,Infernape,0.19940,3411,3.088,2365,3.429
159,Gardevoir,0.19914,2772,2.509,1706,2.474
160,Aron,0.19749,822,0.744,368,0.534
161,Latias,0.19508,949,0.859,564,0.818
162,Celebi,0.19226,703,0.636,477,0.692
163,Starmie,0.19088,2138,1.935,1382,2.004
164,Volcanion,0.19054,1147,1.038,729,1.057
165,Nosepass,0.18648,581,0.526,347,0.503
166,Bronzong,0.18545,516,0.467,336,0.487
167,Lapras,0.18508,1865,1.688,1214,1.760
168,Trevenant,0.18465,946,0.856,564,0.818
169,Zapdos,0.18407,1745,1.580,1205,1.747
170,Heatran,0.18105,1347,1.219,919,1.332
171,Goodra,0.18018,2180,1.973,1340,1.943
172,Nidoking,0.17982,2326,2.105,1570,2.276
173,Altaria-Mega,0.17955,1662,1.504,1016,1.473
174,Dugtrio,0.17740,1010,0.914,673,0.976
175,Heracross,0.17557,958,0.867,581,0.842
176,Florges,0.17553,868,0.786,499,0.724
177,Mamoswine,0.17373,1333,1.207,913,1.324
178,Ambipom,0.16907,1416,1.282,1012,1.467
179,Beedrill-Mega,0.16701,1766,1.599,1166,1.691
180,Sceptile,0.16024,2029,1.837,1196,1.734
181,Eelektross,0.15878,1307,1.183,840,1.218
182,Terrakion,0.15849,317,0.287,184,0.267
183,Tentacruel,0.15755,1225,1.109,921,1.335
184,Kyurem-Black,0.15751,924,0.836,587,0.851
185,Bisharp,0.15729,2183,1.976,1366,1.981
186,Articuno,0.15620,2041,1.847,1255,1.820
187,Huntail,0.15577,365,0.330,269,0.390
188,Tyrantrum,0.14737,1239,1.122,822,1.192
189,Hippowdon,0.14326,679,0.615,466,0.676
190,Deoxys,0.14211,416,0.377,273,0.396
191,Sceptile-Mega,0.13828,4036,3.653,2576,3.735
192,Magnemite,0.13789,648,0.587,358,0.519
193,Cinccino,0.13774,1343,1.216,815,1.182
194,Politoed,0.13497,709,0.642,554,0.803
195,Roserade,0.13464,1513,1.370,1001,1.451
196,Honchkrow,0.13370,1127,1.020,772,1.119
197,Typhlosion,0.13323,1202,1.088,881,1.277
198,Absol-Mega,0.13165,1030,0.932,706,1.024
199,Mismagius,0.12896,848,0.768,595,0.863
200,Reshiram,0.12818,1346,1.218,820,1.189
201,Abomasnow-Mega,0.12605,638,0.578,462,0.670
202,Zoroark,0.12568,1834,1.660,810,1.174
203,Gothitelle,0.12252,451,0.408,274,0.397
204,Houndoom-Mega,0.12242,1206,1.092,880,1.276
205,Swampert,0.12192,1683,1.523,1204,1.746
206,Venusaur,0.11968,1737,1.572,1058,1.534
207,Probopass,0.11925,391,0.354,214,0.310
208,Kabutops,0.11817,484,0.438,322,0.467
209,Cofagrigus,0.11591,987,0.893,739,1.072
210,Empoleon,0.11397,1445,1.308,948,1.375
211,Arceus-Fighting,0.11344,251,0.227,164,0.238
212,Rhydon,0.11332,485,0.439,326,0.473
213,Krookodile,0.11249,1389,1.257,906,1.314
214,Garchomp-Mega,0.11099,2292,2.075,1506,2.184
215,Blastoise,0.11011,1728,1.564,1140,1.653
216,Charizard,0.10922,1612,1.459,1065,1.544
217,Suicune,0.10910,891,0.807,575,0.834
218,Tornadus,0.10828,119,0.108,82,0.119
219,Keldeo,0.10714,807,0.730,523,0.758
220,Arceus-Rock,0.10624,126,0.114,60,0.087
221,Gallade,0.10125,1260,1.141,792,1.148
222,Avalugg,0.09631,382,0.346,250,0.362
223,Bibarel,0.09471,294,0.266,191,0.277
224,Sealeo,0.09345,37,0.033,16,0.023
225,Malamar,0.09289,891,0.807,583,0.845
226,Swoobat,0.09032,355,0.321,164,0.238
227,Banette-Mega,0.08952,826,0.748,602,0.873
228,Slowbro-Mega,0.08926,654,0.592,404,0.586
229,Scrafty,0.08916,1341,1.214,887,1.286
230,Rotom-Heat,0.08886,644,0.583,455,0.660
231,Absol,0.08866,775,0.702,488,0.708
232,Toxicroak,0.08861,1043,0.944,674,0.977
233,Noivern,0.08791,1868,1.691,1249,1.811
234,Aerodactyl-Mega,0.08594,714,0.646,490,0.710
235,Vivillon,0.08508,704,0.637,428,0.621
236,Gorebyss,0.08504,339,0.307,208,0.302
237,Pikachu,0.08379,2079,1.882,1363,1.976
238,Yanmega,0.08288,596,0.539,408,0.592
239,Diggersby,0.08268,322,0.291,220,0.319
240,Froslass,0.08192,1080,0.978,798,1.157
241,Mandibuzz,0.08172,518,0.469,334,0.484
242,Flygon,0.08132,1436,1.300,967,1.402
243,Crustle,0.07983,319,0.289,221,0.320
244,Thundurus-Therian,0.07959,622,0.563,433,0.628
245,Pelipper,0.07667,486,0.440,376,0.545
246,Primeape,0.07613,261,0.236,180,0.261
247,Pidgeot-Mega,0.07567,1158,1.048,822,1.192
248,Torterra,0.07513,1425,1.290,894,1.296
249,Torkoal,0.07499,342,0.310,222,0.322
250,Donphan,0.07460,425,0.385,287,0.416
251,Rotom-Fan,0.07444,189,0.171,145,0.210
252,Togetic,0.07414,84,0.076,53,0.077
253,Raticate,0.07403,213,0.193,134,0.194
254,Hitmonchan,0.07378,558,0.505,336,0.487
255,Rhyperior,0.07323,713,0.645,493,0.715
256,Gastrodon,0.07191,814,0.737,524,0.760
257,Arceus-Ice,0.06965,182,0.165,111,0.161
258,Exploud,0.06903,394,0.357,241,0.349
259,Ampharos-Mega,0.06766,1252,1.133,826,1.198
260,Muk,0.06749,718,0.650,485,0.703
261,Samurott,0.06590,796,0.721,510,0.739
262,Slowking,0.06534,478,0.433,299,0.434
263,Claydol,0.06455,262,0.237,175,0.254
264,Blastoise-Mega,0.06446,1500,1.358,1018,1.476
265,Vileplume,0.06401,359,0.325,212,0.307
266,Delphox,0.06398,1291,1.169,831,1.205
267,Lilligant,0.06383,402,0.364,239,0.347
268,Dusclops,0.06361,493,0.446,303,0.439
269,Sawk,0.06342,187,0.169,118,0.171
270,Lanturn,0.06248,482,0.436,340,0.493
271,Sharpedo,0.05999,687,0.622,431,0.625
272,Emboar,0.05837,527,0.477,358,0.519
273,Rotom-Frost,0.05698,406,0.368,258,0.374
274,Wynaut,0.05518,128,0.116,107,0.155
275,Raichu,0.05499,1367,1.237,1027,1.489
276,Gothorita,0.05488,107,0.097,80,0.116
277,Bastiodon,0.05476,510,0.462,344,0.499
278,Rhyhorn,0.05379,60,0.054,54,0.078
279,Spiritomb,0.05343,705,0.638,481,0.697
280,Braviary,0.05310,527,0.477,325,0.471
281,Mr. Mime,0.05241,502,0.454,321,0.465
282,Rotom-Mow,0.05081,166,0.150,114,0.165
283,Rotom,0.05004,187,0.169,160,0.232
284,Cresselia,0.05000,490,0.444,284,0.412
285,Carracosta,0.04989,392,0.355,283,0.410
286,Wailord,0.04983,416,0.377,258,0.374
287,Nidoqueen,0.04961,418,0.378,341,0.494
288,Tornadus-Therian,0.04928,302,0.273,221,0.320
289,Scyther,0.04928,485,0.439,266,0.386
290,Chesnaught,0.04755,1143,1.035,752,1.090
291,Clawitzer,0.04753,751,0.680,492,0.713
292,Arceus-Grass,0.04693,320,0.290,172,0.249
293,Ampharos,0.04680,365,0.330,243,0.352
294,Luxray,0.04676,1249,1.131,867,1.257
295,Murkrow,0.04632,353,0.320,139,0.202
296,Latios-Mega,0.04456,676,0.612,416,0.603
297,Steelix,0.04433,669,0.606,508,0.737
298,Aurorus,0.04420,343,0.310,239,0.347
299,Dragalge,0.04414,537,0.486,352,0.510
300,Magmortar,0.04360,882,0.798,624,0.905
301,Zangoose,0.04359,566,0.512,440,0.638
302,Medicham,0.04331,324,0.293,217,0.315
303,Pangoro,0.04306,1127,1.020,768,1.114
304,Entei,0.04282,371,0.336,201,0.291
305,Pinsir-Mega,0.04255,571,0.517,406,0.589
306,Slaking,0.04227,796,0.721,567,0.822
307,Leafeon,0.04161,718,0.650,436,0.632
308,Cradily,0.04056,997,0.902,565,0.819
309,Azelf,0.04040,433,0.392,344,0.499
310,Rattata,0.04001,2214,2.004,603,0.874
311,Glaceon,0.03975,802,0.726,504,0.731
312,Archeops,0.03952,532,0.482,377,0.547
313,Manectric-Mega,0.03841,1049,0.950,634,0.919
314,Tangrowth,0.03704,598,0.541,363,0.526
315,Manectric,0.03681,662,0.599,453,0.657
316,Arceus-Bug,0.03615,223,0.202,111,0.161
317,Golduck,0.03581,222,0.201,139,0.202
318,Zygarde,0.03565,680,0.616,380,0.551
319,Walrein,0.03354,431,0.390,282,0.409
320,Chatot,0.03345,414,0.375,246,0.357
321,Swellow,0.03329,910,0.824,603,0.874
322,Lairon,0.03326,39,0.035,35,0.051
323,Hitmonlee,0.03319,699,0.633,481,0.697
324,Golurk,0.03272,899,0.814,637,0.924
325,Ursaring,0.03260,520,0.471,375,0.544
326,Furfrou,0.03083,135,0.122,93,0.135
327,Regice,0.03049,377,0.341,222,0.322
328,Spinda,0.03038,247,0.224,104,0.151
329,Barbaracle,0.03034,369,0.334,218,0.316
330,Parasect,0.03031,154,0.139,87,0.126
331,Mienshao,0.03018,453,0.410,290,0.420
332,Dusknoir,0.03016,804,0.728,572,0.829
333,Arceus-Psychic,0.03015,208,0.188,113,0.164
334,Altaria,0.02971,321,0.291,227,0.329
335,Houndoom,0.02932,768,0.695,472,0.684
336,Doublade,0.02858,245,0.222,156,0.226
337,Carbink,0.02802,229,0.207,187,0.271
338,Cobalion,0.02680,286,0.259,188,0.273
339,Octillery,0.02664,232,0.210,126,0.183
340,Starly,0.02643,454,0.411,131,0.190
341,Jellicent,0.02639,400,0.362,271,0.393
342,Hitmontop,0.02577,324,0.293,209,0.303
343,Weezing,0.02560,358,0.324,238,0.345
344,Relicanth,0.02475,67,0.061,41,0.059
345,Exeggutor,0.02463,629,0.569,422,0.612
346,Gogoat,0.02356,234,0.212,138,0.200
347,Steelix-Mega,0.02335,954,0.864,664,0.963
348,Aerodactyl,0.02325,517,0.468,410,0.594
349,Sneasel,0.02315,31,0.028,24,0.035
350,Armaldo,0.02293,338,0.306,235,0.341
351,Miltank,0.02270,460,0.416,261,0.378
352,Mesprit,0.02199,66,0.060,32,0.046
353,Diancie,0.02172,425,0.385,297,0.431
354,Delcatty,0.02146,177,0.160,123,0.178
355,Glalie-Mega,0.02108,318,0.288,212,0.307
356,Musharna,0.01939,113,0.102,83,0.120
357,Magikarp,0.01904,560,0.507,230,0.333
358,Kyurem,0.01898,255,0.231,170,0.246
359,Shaymin,0.01883,148,0.134,96,0.139
360,Camerupt-Mega,0.01852,382,0.346,271,0.393
361,Gigalith,0.01835,376,0.340,290,0.420
362,Dunsparce,0.01832,156,0.141,71,0.103
363,Arbok,0.01820,296,0.268,203,0.294
364,Poliwrath,0.01798,309,0.280,234,0.339
365,Alomomola,0.01791,142,0.129,78,0.113
366,Mawile,0.01720,233,0.211,164,0.238
367,Regigigas,0.01649,350,0.317,228,0.331
368,Heliolisk,0.01632,725,0.656,492,0.713
369,Crawdaunt,0.01480,602,0.545,423,0.613
370,Flareon,0.01465,782,0.708,501,0.726
371,Shiftry,0.01446,302,0.273,227,0.329
372,Beartic,0.01411,213,0.193,148,0.215
373,Meowstic,0.01335,525,0.475,328,0.476
374,Marowak,0.01334,327,0.296,243,0.352
375,Bouffalant,0.01328,133,0.120,101,0.146
376,Tangela,0.01288,36,0.033,21,0.030
377,Floatzel,0.01284,324,0.293,204,0.296
378,Hoopa,0.01282,156,0.141,108,0.157
379,Stunfisk,0.01278,193,0.175,92,0.133
380,Tropius,0.01250,233,0.211,148,0.215
381,Magneton,0.01245,159,0.144,115,0.167
382,Leavanny,0.01229,407,0.368,312,0.452
383,Accelgor,0.01197,850,0.769,518,0.751
384,Kingler,0.01195,250,0.226,177,0.257
385,Latias-Mega,0.01140,373,0.338,242,0.351
386,Glalie,0.01137,217,0.196,151,0.219
387,Sharpedo-Mega,0.01119,432,0.391,306,0.444
388,Skuntank,0.01088,178,0.161,119,0.173
389,Registeel,0.01054,455,0.412,229,0.332
390,Hariyama,0.00984,306,0.277,219,0.318
391,Aromatisse,0.00961,105,0.095,74,0.107
392,Golem,0.00960,485,0.439,334,0.484
393,Ariados,0.00951,477,0.432,414,0.600
394,Sunkern,0.00922,26,0.024,20,0.029
395,Solrock,0.00907,128,0.116,85,0.123
396,Unfezant,0.00902,363,0.329,235,0.341
397,Whiscash,0.00858,118,0.107,89,0.129
398,Farfetch'd,0.00849,162,0.147,67,0.097
399,Grumpig,0.00828,73,0.066,51,0.074
400,Drowzee,0.00817,16,0.014,16,0.023
401,Lopunny,0.00814,270,0.244,192,0.278
402,Meganium,0.00810,461,0.417,298,0.432
403,Escavalier,0.00798,514,0.465,299,0.434
404,Camerupt,0.00746,226,0.205,135,0.196
405,Kecleon,0.00736,147,0.133,113,0.164
406,Riolu,0.00717,106,0.096,88,0.128
407,Throh,0.00699,60,0.054,36,0.052
408,Spritzee,0.00697,3,0.003,2,0.003
409,Electabuzz,0.00691,58,0.053,37,0.054
410,Beautifly,0.00688,97,0.088,74,0.107
411,Pyroar,0.00668,373,0.338,223,0.323
412,Magcargo,0.00660,160,0.145,116,0.168
413,Cryogonal,0.00647,172,0.156,88,0.128
414,Garbodor,0.00644,264,0.239,223,0.323
415,Butterfree,0.00636,482,0.436,233,0.338
416,Rapidash,0.00626,374,0.339,261,0.378
417,Skiddo,0.00622,7,0.006,1,0.001
418,Combusken,0.00609,67,0.061,54,0.078
419,Luvdisc,0.00583,71,0.064,45,0.065
420,Maractus,0.00582,184,0.167,126,0.183
421,Mightyena,0.00567,403,0.365,327,0.474
422,Plusle,0.00515,153,0.138,102,0.148
423,Dodrio,0.00510,167,0.151,115,0.167
424,Seismitoad,0.00498,310,0.281,225,0.326
425,Uxie,0.00494,136,0.123,101,0.146
426,Castform,0.00485,125,0.113,95,0.138
427,Timburr,0.00482,6,0.005,3,0.004
428,Pidgeot,0.00466,366,0.331,259,0.376
429,Tauros,0.00448,390,0.353,271,0.393
430,Delibird,0.00436,73,0.066,46,0.067
431,Munchlax,0.00435,56,0.051,38,0.055
432,Masquerain,0.00430,234,0.212,174,0.252
433,Pachirisu,0.00428,197,0.178,134,0.194
434,Bidoof,0.00422,244,0.221,72,0.104
435,Rampardos,0.00421,329,0.298,218,0.316
436,Bellossom,0.00416,162,0.147,112,0.162
437,Audino-Mega,0.00404,309,0.280,205,0.297
438,Torchic,0.00397,23,0.021,13,0.019
439,Zebstrika,0.00375,235,0.213,178,0.258
440,Sudowoodo,0.00367,122,0.110,87,0.126
441,Linoone,0.00336,466,0.422,271,0.393
442,Granbull,0.00329,290,0.263,232,0.336
443,Taillow,0.00328,93,0.084,40,0.058
444,Magmar,0.00317,76,0.069,48,0.070
445,Shieldon,0.00313,18,0.016,10,0.014
446,Jynx,0.00309,143,0.129,81,0.117
447,Beedrill,0.00281,181,0.164,101,0.146
448,Stoutland,0.00257,160,0.145,112,0.162
449,Seviper,0.00246,159,0.144,116,0.168
450,Noctowl,0.00243,371,0.336,255,0.370
451,Eelektrik,0.00233,7,0.006,5,0.007
452,Mantine,0.00232,220,0.199,121,0.175
453,Volbeat,0.00229,250,0.226,182,0.264
454,Persian,0.00229,298,0.270,226,0.328
455,Furret,0.00226,112,0.101,59,0.086
456,Ponyta,0.00225,92,0.083,27,0.039
457,Swalot,0.00218,75,0.068,50,0.072
458,Audino,0.00213,163,0.148,66,0.096
459,Sawsbuck,0.00213,158,0.143,103,0.149
460,Unown,0.00208,29,0.026,19,0.028
461,Victreebel,0.00199,234,0.212,148,0.215
462,Electrode,0.00193,298,0.270,171,0.248
463,Corsola,0.00191,52,0.047,34,0.049
464,Psyduck,0.00190,29,0.026,19,0.028
465,Lombre,0.00190,32,0.029,30,0.043
466,Machoke,0.00185,47,0.043,40,0.058
467,Vanilluxe,0.00180,105,0.095,77,0.112
468,Seaking,0.00180,98,0.089,72,0.104
469,Charmander,0.00172,50,0.045,45,0.065
470,Dedenne,0.00171,249,0.225,159,0.231
471,Vespiquen,0.00168,211,0.191,132,0.191
472,Totodile,0.00167,28,0.025,20,0.029
473,Wigglytuff,0.00165,238,0.215,165,0.239
474,Misdreavus,0.00165,26,0.024,20,0.029
475,Fearow,0.00162,119,0.108,77,0.112
476,Jumpluff,0.00162,94,0.085,63,0.091
477,Klinklang,0.00156,268,0.243,155,0.225
478,Abomasnow,0.00149,303,0.274,204,0.296
479,Cacturne,0.00146,443,0.401,307,0.445
480,Golbat,0.00140,53,0.048,41,0.059
481,Roggenrola,0.00140,32,0.029,29,0.042
482,Banette,0.00139,158,0.143,113,0.164
483,Virizion,0.00138,100,0.091,66,0.096
484,Mareep,0.00135,24,0.022,4,0.006
485,Qwilfish,0.00132,157,0.142,133,0.193
486,Shroomish,0.00131,10,0.009,6,0.009
487,Gligar,0.00129,114,0.103,93,0.135
488,Stantler,0.00128,27,0.024,21,0.030
489,Dustox,0.00126,100,0.091,76,0.110
490,Hippopotas,0.00120,64,0.058,42,0.061
491,Wartortle,0.00117,31,0.028,23,0.033
492,Lickilicky,0.00114,114,0.103,68,0.099
493,Spheal,0.00110,21,0.019,11,0.016
494,Ivysaur,0.00109,33,0.030,24,0.035
495,Vigoroth,0.00102,49,0.044,21,0.030
496,Ledian,0.00098,39,0.035,21,0.030
497,Venonat,0.00096,18,0.016,14,0.020
498,Cleffa,0.00089,38,0.034,22,0.032
499,Snover,0.00088,31,0.028,23,0.033
500,Hypno,0.00087,171,0.155,103,0.149
501,Braixen,0.00085,88,0.080,64,0.093
502,Heatmor,0.00084,54,0.049,34,0.049
503,Aipom,0.00084,34,0.031,23,0.033
504,Bulbasaur,0.00082,93,0.084,61,0.088
505,Clefairy,0.00081,163,0.148,125,0.181
506,Pupitar,0.00080,7,0.006,7,0.010
507,Eevee,0.00078,170,0.154,115,0.167
508,Kirlia,0.00075,39,0.035,30,0.043
509,Kadabra,0.00075,13,0.012,10,0.014
510,Gourgeist-Super,0.00074,175,0.158,90,0.130
511,Squirtle,0.00072,109,0.099,68,0.099
512,Machop,0.00069,9,0.008,9,0.013
513,Azurill,0.00067,4,0.004,3,0.004
514,Pinsir,0.00062,82,0.074,56,0.081
515,Lunatone,0.00059,46,0.042,31,0.045
516,Carnivine,0.00059,51,0.046,35,0.051
517,Lumineon,0.00058,26,0.024,20,0.029
518,Espurr,0.00055,3,0.003,3,0.004
519,Meowth,0.00055,50,0.045,41,0.059
520,Emolga,0.00054,242,0.219,171,0.248
521,Gothita,0.00052,11,0.010,9,0.013
522,Poliwag,0.00051,12,0.011,7,0.010
523,Dratini,0.00051,19,0.017,17,0.025
524,Abra,0.00051,19,0.017,15,0.022
525,Bergmite,0.00050,12,0.011,4,0.006
526,Weedle,0.00050,38,0.034,25,0.036
527,Girafarig,0.00049,82,0.074,56,0.081
528,Gabite,0.00048,16,0.014,15,0.022
529,Lileep,0.00043,25,0.023,23,0.033
530,Mothim,0.00041,28,0.025,15,0.022
531,Wormadam-Sandy,0.00040,5,0.005,5,0.007
532,Dewott,0.00037,53,0.048,30,0.043
533,Boldore,0.00037,27,0.024,21,0.030
534,Drifloon,0.00036,23,0.021,14,0.020
535,Cherrim,0.00035,32,0.029,26,0.038
536,Dewgong,0.00033,113,0.102,65,0.094
537,Budew,0.00033,3,0.003,2,0.003
538,Staryu,0.00033,2,0.002,2,0.003
539,Trubbish,0.00032,29,0.026,24,0.035
540,Krokorok,0.00031,27,0.024,21,0.030
541,Ralts,0.00031,40,0.036,29,0.042
542,Sandslash,0.00029,186,0.168,128,0.186
543,Spinarak,0.00029,12,0.011,12,0.017
544,Clamperl,0.00028,46,0.042,29,0.042
545,Swanna,0.00027,210,0.190,135,0.196
546,Tympole,0.00026,5,0.005,2,0.003
547,Tynamo,0.00026,2,0.002,1,0.001
548,Pidgey,0.00025,55,0.050,21,0.030
549,Geodude,0.00024,89,0.081,54,0.078
550,Fennekin,0.00024,31,0.028,21,0.030
551,Jigglypuff,0.00023,51,0.046,38,0.055
552,Lickitung,0.00023,23,0.021,18,0.026
553,Klang,0.00021,16,0.014,12,0.017
554,Chimecho,0.00021,81,0.073,48,0.070
555,Mudkip,0.00020,56,0.051,25,0.036
556,Venipede,0.00020,3,0.003,2,0.003
557,Zorua,0.00019,22,0.020,12,0.017
558,Gourgeist-Small,0.00019,5,0.005,2,0.003
559,Dragonair,0.00019,111,0.100,81,0.117
560,Piplup,0.00018,41,0.037,20,0.029
561,Simisear,0.00018,81,0.073,70,0.101
562,Caterpie,0.00017,45,0.041,27,0.039
563,Omanyte,0.00016,8,0.007,6,0.009
564,Onix,0.00016,100,0.091,76,0.110
565,Bunnelby,0.00016,21,0.019,15,0.022
566,Haunter,0.00016,156,0.141,114,0.165
567,Gurdurr,0.00014,15,0.014,9,0.013
568,Illumise,0.00013,32,0.029,15,0.022
569,Minun,0.00012,90,0.081,65,0.094
570,Koffing,0.00012,30,0.027,14,0.020
571,Pichu,0.00011,75,0.068,37,0.054
572,Beheeyem,0.00011,158,0.143,139,0.202
573,Gourgeist,0.00011,33,0.030,26,0.038
574,Froakie,0.00011,18,0.016,13,0.019
575,Goomy,0.00010,12,0.011,5,0.007
576,Noibat,0.00010,5,0.005,3,0.004
577,Fletchling,0.00010,4,0.004,2,0.003
578,Shinx,0.00010,14,0.013,11,0.016
579,Gastly,0.00010,44,0.040,38,0.055
580,Wooper,0.00010,8,0.007,6,0.009
581,Simisage,0.00009,88,0.080,74,0.107
582,Grovyle,0.00008,26,0.024,18,0.026
583,Solosis,0.00008,32,0.029,12,0.017
584,Inkay,0.00007,8,0.007,7,0.010
585,Purugly,0.00007,28,0.025,23,0.033
586,Gourgeist-Large,0.00007,10,0.009,8,0.012
587,Cyndaquil,0.00007,14,0.013,7,0.010
588,Gible,0.00007,33,0.030,25,0.036
589,Zigzagoon,0.00006,30,0.027,18,0.026
590,Quilava,0.00006,30,0.027,22,0.032
591,Piloswine,0.00005,12,0.011,9,0.013
592,Sunflora,0.00005,43,0.039,31,0.045
593,Kabuto,0.00005,8,0.007,6,0.009
594,Axew,0.00004,13,0.012,10,0.014
595,Bayleef,0.00004,18,0.016,15,0.022
596,Slakoth,0.00004,10,0.009,6,0.009
597,Floette,0.00004,23,0.021,16,0.023
598,Porygon,0.00003,19,0.017,17,0.025
599,Baltoy,0.00003,39,0.035,38,0.055
600,Tepig,0.00003,21,0.019,11,0.016
601,Phione,0.00003,35,0.032,28,0.041
602,Skorupi,0.00003,3,0.003,2,0.003
603,Shelgon,0.00003,24,0.022,17,0.025
604,Lampent,0.00003,17,0.015,10,0.014
605,Servine,0.00003,15,0.014,10,0.014
606,Duskull,0.00003,23,0.021,20,0.029
607,Monferno,0.00003,37,0.033,31,0.045
608,Frillish,0.00003,7,0.006,4,0.006
609,Chimchar,0.00003,14,0.013,11,0.016
610,Litwick,0.00002,7,0.006,4,0.006
611,Roselia,0.00002,22,0.020,19,0.028
612,Diglett,0.00002,23,0.021,15,0.022
613,Simipour,0.00002,87,0.079,75,0.109
614,Vulpix,0.00002,18,0.016,10,0.014
615,Spewpa,0.00002,5,0.005,4,0.006
616,Cranidos,0.00002,5,0.005,2,0.003
617,Treecko,0.00002,23,0.021,17,0.025
618,Corphish,0.00002,17,0.015,10,0.014
619,Oshawott,0.00002,43,0.039,29,0.042
620,Kricketune,0.00002,21,0.019,13,0.019
621,Houndour,0.00002,3,0.003,3,0.004
622,Buizel,0.00002,42,0.038,36,0.052
623,Cherubi,0.00002,10,0.009,8,0.012
624,Staravia,0.00002,38,0.034,11,0.016
625,Turtwig,0.00002,5,0.005,3,0.004
626,Watchog,0.00002,45,0.041,31,0.045
627,Snivy,0.00002,54,0.049,34,0.049
628,Togepi,0.00002,43,0.039,32,0.046
629,Pumpkaboo,0.00002,5,0.005,4,0.006
630,Cubone,0.00001,20,0.018,15,0.022
631,Mime Jr.,0.00001,24,0.022,19,0.028
632,Shuppet,0.00001,10,0.009,10,0.014
633,Vibrava,0.00001,9,0.008,8,0.012
634,Sliggoo,0.00001,12,0.011,11,0.016
635,Pignite,0.00001,46,0.042,29,0.042
636,Wurmple,0.00001,12,0.011,7,0.010
637,Nincada,0.00001,19,0.017,14,0.020
638,Metapod,0.00001,58,0.053,25,0.036
639,Honedge,0.00001,17,0.015,16,0.023
640,Zubat,0.00001,20,0.018,15,0.022
641,Yamask,0.00001,23,0.021,15,0.022
642,Grotle,0.00001,15,0.014,14,0.020
643,Charmeleon,0.00001,40,0.036,33,0.048
644,Meditite,0.00001,4,0.004,3,0.004
645,Shellder,0.00001,4,0.004,3,0.004
646,Poliwhirl,0.00001,4,0.004,3,0.004
647,Flabebe,0.00001,10,0.009,8,0.012
648,Vanillish,0.00001,15,0.014,11,0.016
649,Wormadam-Trash,0.00001,10,0.009,8,0.012
650,Tranquill,0.00001,7,0.006,7,0.010
651,Croconaw,0.00001,3,0.003,2,0.003
652,Shelmet,0.00001,6,0.005,4,0.006
653,Golett,0.00000,2,0.002,1,0.001
654,Elekid,0.00000,9,0.008,8,0.012
655,Mienfoo,0.00000,6,0.005,5,0.007
656,Voltorb,0.00000,17,0.015,12,0.017
657,Surskit,0.00000,18,0.016,12,0.017
658,Pidgeotto,0.00000,20,0.018,17,0.025
659,Nidorino,0.00000,72,0.065,33,0.048
660,Marill,0.00000,46,0.042,24,0.035
661,Pansage,0.00000,7,0.006,4,0.006
662,Vullaby,0.00000,10,0.009,6,0.009
663,Gulpin,0.00000,1,0.001,1,0.001
664,Kricketot,0.00000,1,0.001,1,0.001
665,Remoraid,0.00000,6,0.005,5,0.007
666,Vanillite,0.00000,8,0.007,7,0.010
667,Oddish,0.00000,8,0.007,7,0.010
668,Swinub,0.00000,6,0.005,1,0.001
669,Fletchinder,0.00000,17,0.015,14,0.020
670,Mankey,0.00000,10,0.009,9,0.013
671,Pidove,0.00000,12,0.011,8,0.012
672,Buneary,0.00000,23,0.021,21,0.030
673,Luxio,0.00000,19,0.017,15,0.022
674,Scraggy,0.00000,7,0.006,5,0.007
675,Chespin,0.00000,15,0.014,13,0.019
676,Wailmer,0.00000,3,0.003,1,0.001
677,Krabby,0.00000,10,0.009,7,0.010
678,Archen,0.00000,8,0.007,7,0.010
679,Tyrunt,0.00000,5,0.005,3,0.004
680,Woobat,0.00000,2,0.002,2,0.003
681,Hoppip,0.00000,14,0.013,9,0.013
682,Slugma,0.00000,4,0.004,4,0.006
683,Graveler,0.00000,14,0.013,12,0.017
684,Darumaka,0.00000,4,0.004,1,0.001
685,Chikorita,0.00000,18,0.016,14,0.020
686,Minccino,0.00000,4,0.004,2,0.003
687,Marshtomp,0.00000,22,0.020,19,0.028
688,Joltik,0.00000,4,0.004,3,0.004
689,Binacle,0.00000,4,0.004,3,0.004
690,Fraxure,0.00000,25,0.023,15,0.022
691,Wingull,0.00000,3,0.003,3,0.004
692,Basculin,0.00000,36,0.033,18,0.026
693,Skitty,0.00000,14,0.013,7,0.010
694,Swablu,0.00000,2,0.002,2,0.003
695,Teddiursa,0.00000,8,0.007,5,0.007
696,Silcoon,0.00000,3,0.003,3,0.004
697,Kakuna,0.00000,7,0.006,3,0.004
698,Quilladin,0.00000,14,0.013,10,0.014
699,Sandile,0.00000,1,0.001,1,0.001
700,NidoranM,0.00000,4,0.004,2,0.003
701,Frogadier,0.00000,29,0.026,24,0.035
702,Ducklett,0.00000,8,0.007,6,0.009
703,Larvitar,0.00000,8,0.007,7,0.010
704,Lotad,0.00000,8,0.007,7,0.010
705,Prinplup,0.00000,3,0.003,3,0.004
706,Elgyem,0.00000,8,0.007,3,0.004
707,Sewaddle,0.00000,8,0.007,7,0.010
708,Palpitoad,0.00000,5,0.005,5,0.007
709,Purrloin,0.00000,8,0.007,3,0.004
710,Munna,0.00000,2,0.002,0,0.000
711,Metang,0.00000,37,0.033,33,0.048
712,Bagon,0.00000,6,0.005,5,0.007
713,Electrike,0.00000,4,0.004,3,0.004
714,Chinchou,0.00000,26,0.024,14,0.020
715,Flaaffy,0.00000,8,0.007,8,0.012
716,Feebas,0.00000,11,0.010,4,0.006
717,Snubbull,0.00000,6,0.005,6,0.009
718,Whismur,0.00000,7,0.006,6,0.009
719,Pancham,0.00000,6,0.005,5,0.007
720,Helioptile,0.00000,2,0.002,2,0.003
721,Hoothoot,0.00000,7,0.006,6,0.009
722,Seel,0.00000,6,0.005,4,0.006
723,Tirtouga,0.00000,6,0.005,4,0.006
724,Combee,0.00000,5,0.005,3,0.004
725,Poochyena,0.00000,26,0.024,19,0.028
726,Pawniard,0.00000,20,0.018,20,0.029
727,Chingling,0.00000,4,0.004,1,0.001
728,Whirlipede,0.00000,5,0.005,4,0.006
729,Anorith,0.00000,1,0.001,1,0.001
730,Bronzor,0.00000,1,0.001,1,0.001
731,Klink,0.00000,1,0.001,1,0.001
732,Swadloon,0.00000,40,0.036,35,0.051
733,Goldeen,0.00000,4,0.004,2,0.003
734,Croagunk,0.00000,4,0.004,4,0.006
735,Happiny,0.00000,11,0.010,6,0.009
736,Weepinbell,0.00000,13,0.012,12,0.017
737,Lillipup,0.00000,4,0.004,4,0.006
738,Seadra,0.00000,11,0.010,10,0.014
739,Cascoon,0.00000,7,0.006,6,0.009
740,Horsea,0.00000,1,0.001,1,0.001
741,NidoranF,0.00000,2,0.002,2,0.003
742,Larvesta,0.00000,3,0.003,3,0.004
743,Beldum,0.00000,4,0.004,4,0.006
744,Skiploom,0.00000,1,0.001,1,0.001
745,Deerling,0.00000,6,0.005,4,0.006
746,Tyrogue,0.00000,4,0.004,4,0.006
747,Igglybuff,0.00000,6,0.005,6,0.009
748,Smoochum,0.00000,11,0.010,9,0.013
749,Yanma,0.00000,6,0.005,5,0.007
750,Natu,0.00000,7,0.006,7,0.010
751,Ferroseed,0.00000,3,0.003,2,0.003
752,Gloom,0.00000,18,0.016,14,0.020
753,Magby,0.00000,3,0.003,2,0.003
754,Phanpy,0.00000,8,0.007,3,0.004
755,Scatterbug,0.00000,2,0.002,2,0.003
756,Cacnea,0.00000,20,0.018,13,0.019
757,Stunky,0.00000,5,0.005,4,0.006
758,Drilbur,0.00000,1,0.001,0,0.000
759,Makuhita,0.00000,2,0.002,1,0.001
760,Bellsprout,0.00000,3,0.003,2,0.003
761,Exeggcute,0.00000,9,0.008,6,0.009
762,Pumpkaboo-Super,0.00000,7,0.006,7,0.010
763,Finneon,0.00000,10,0.009,9,0.013
764,Seedot,0.00000,5,0.005,2,0.003
765,Duosion,0.00000,7,0.006,7,0.010
766,Skrelp,0.00000,1,0.001,1,0.001
767,Swirlix,0.00000,6,0.005,1,0.001
768,Rufflet,0.00000,7,0.006,7,0.010
769,Pansear,0.00000,2,0.002,2,0.003
770,Doduo,0.00000,7,0.006,4,0.006
771,Deino,0.00000,1,0.001,1,0.001
772,Snorunt,0.00000,3,0.003,3,0.004
773,Numel,0.00000,11,0.010,7,0.010
774,Pumpkaboo-Large,0.00000,2,0.002,2,0.003
775,Paras,0.00000,2,0.002,0,0.000
776,Slowpoke,0.00000,2,0.002,2,0.003
777,Barboach,0.00000,1,0.001,1,0.001
778,Shellos,0.00000,1,0.001,0,0.000
779,Spearow,0.00000,1,0.001,1,0.001
780,Phantump,0.00000,3,0.003,2,0.003
781,Amaura,0.00000,8,0.007,5,0.007
782,Sandshrew,0.00000,10,0.009,6,0.009
783,Carvanha,0.00000,2,0.002,2,0.003
784,Spoink,0.00000,2,0.002,2,0.003
785,Wormadam,0.00000,20,0.018,12,0.017
786,Foongus,0.00000,3,0.003,1,0.001
787,Clauncher,0.00000,1,0.001,0,0.000
788,Ekans,0.00000,7,0.006,5,0.007
789,Panpour,0.00000,1,0.001,0,0.000
790,Pumpkaboo-Small,0.00000,4,0.004,3,0.004
791,Glameow,0.00000,13,0.012,7,0.010
792,Trapinch,0.00000,3,0.003,3,0.004
793,Petilil,0.00000,1,0.001,0,0.000
794,Sentret,0.00000,4,0.004,4,0.006
795,Grimer,0.00000,5,0.005,3,0.004
796,Burmy,0.00000,1,0.001,0,0.000
797,Mantyke,0.00000,1,0.001,0,0.000
798,Growlithe,0.00000,9,0.008,7,0.010
799,Tentacool,0.00000,5,0.005,4,0.006
800,Litleo,0.00000,5,0.005,5,0.007
801,Zweilous,0.00000,1,0.001,0,0.000
802,Herdier,0.00000,7,0.006,7,0.010
803,Patrat,0.00000,1,0.001,1,0.001
804,Nuzleaf,0.00000,1,0.001,1,0.001
805,Nidorina,0.00000,8,0.007,2,0.003
