 Total battles: 55238
 Avg. weight/team: 1.0
Rank,Pokemon,Usage percentage,Raw,Raw percentage,Real,Real percentage
1,Rayquaza-Mega,14.57873,16106,14.579,9490,13.760
2,Groudon-Primal,13.17209,14552,13.172,9839,14.266
3,Darkrai,11.41515,12611,11.415,7761,11.253
4,Kyogre-Primal,10.17597,11242,10.176,6907,10.015
5,Greninja,9.72066,10739,9.721,7216,10.463
6,Xerneas,9.37760,10360,9.378,6157,8.927
7,Arceus,7.83971,8661,7.840,4737,6.868
8,Aegislash,7.51566,8303,7.516,5314,7.705
9,Mewtwo-Mega-Y,6.53083,7215,6.531,4552,6.600
10,Smeargle,6.16514,6811,6.165,4490,6.510
11,Blaziken-Mega,5.90445,6523,5.904,4566,6.620
12,Garchomp,5.63199,6222,5.632,4002,5.803
13,Charizard-Mega-X,5.48354,6058,5.484,4117,5.969
14,Blaziken,5.40660,5973,5.407,4116,5.968
15,Dragonite,5.14953,5689,5.150,3570,5.176
16,Gengar,4.86893,5379,4.869,3334,4.834
17,Talonflame,4.55484,5032,4.555,2778,4.028
18,Gliscor,4.37833,4837,4.378,3165,4.589
19,Gardevoir-Mega,4.31587,4768,4.316,2860,4.147
20,Serperior,4.25794,4704,4.258,2857,4.142
21,Lucario-Mega,4.19548,4635,4.195,3087,4.476
22,Gengar-Mega,4.15837,4594,4.158,3083,4.470
23,Mewtwo-Mega-X,4.07962,4507,4.080,2938,4.260
24,Cloyster,4.07509,4502,4.075,2785,4.038
25,Ferrothorn,4.04251,4466,4.043,3276,4.750
26,Togekiss,4.01897,4440,4.019,2792,4.048
27,Snorlax,3.89315,4301,3.893,2600,3.770
28,Lugia,3.86690,4272,3.867,2490,3.610
29,Espeon,3.66233,4046,3.662,2373,3.441
30,Sceptile-Mega,3.65328,4036,3.653,2576,3.735
31,Electivire,3.64151,4023,3.642,2713,3.934
32,Yveltal,3.53470,3905,3.535,2375,3.444
33,Arcanine,3.41341,3771,3.413,2524,3.660
34,Tyranitar,3.36363,3716,3.364,2414,3.500
35,Ditto,3.34371,3694,3.344,1451,2.104
36,Breloom,3.24324,3583,3.243,2407,3.490
37,Umbreon,3.22423,3562,3.224,2273,3.296
38,Ninjask,3.21337,3550,3.213,2784,4.037
39,Sylveon,3.18259,3516,3.183,2185,3.168
40,Lopunny-Mega,3.15725,3488,3.157,2403,3.484
41,Klefki,3.13009,3458,3.130,2133,3.093
42,Crobat,3.10022,3425,3.100,2357,3.418
43,Infernape,3.08755,3411,3.088,2365,3.429
44,Chansey,3.04591,3365,3.046,1888,2.737
45,Volcarona,3.03595,3354,3.036,2044,2.964
46,Scizor,3.01604,3332,3.016,2184,3.167
47,Gallade-Mega,2.99703,3311,2.997,2247,3.258
48,Charizard-Mega-Y,2.95811,3268,2.958,2159,3.130
49,Scolipede,2.94906,3258,2.949,2497,3.621
50,Milotic,2.93729,3245,2.937,1868,2.708
51,Shuckle,2.93367,3241,2.934,2092,3.033
52,Kangaskhan-Mega,2.91828,3224,2.918,2159,3.130
53,Jolteon,2.90289,3207,2.903,2253,3.267
54,Mew,2.88932,3192,2.889,1799,2.608
55,Arceus-Ghost,2.85401,3153,2.854,2120,3.074
56,Dialga,2.83772,3135,2.838,1983,2.875
57,Mewtwo,2.80785,3102,2.808,1644,2.384
58,Clefable,2.77255,3063,2.773,1853,2.687
59,Weavile,2.73725,3024,2.737,2095,3.038
60,Giratina-Origin,2.73272,3019,2.733,1814,2.630
61,Deoxys-Attack,2.60238,2875,2.602,1841,2.669
62,Metagross-Mega,2.60147,2874,2.601,1892,2.743
63,Chandelure,2.51276,2776,2.513,1850,2.682
64,Gardevoir,2.50914,2772,2.509,1706,2.474
65,Blissey,2.50190,2764,2.502,1608,2.332
66,Swampert-Mega,2.41681,2670,2.417,1787,2.591
67,Zekrom,2.41681,2670,2.417,1584,2.297
68,Metagross,2.41591,2669,2.416,1650,2.392
69,Salamence,2.39419,2645,2.394,1632,2.366
70,Forretress,2.38785,2638,2.388,2084,3.022
71,Sableye-Mega,2.38604,2636,2.386,1888,2.737
72,Drifblim,2.36341,2611,2.363,1890,2.740
73,Mawile-Mega,2.32720,2571,2.327,1715,2.487
74,Lucario,2.29371,2534,2.294,1691,2.452
75,Skarmory,2.26746,2505,2.267,1953,2.832
76,Azumarill,2.26656,2504,2.267,1580,2.291
77,Ho-Oh,2.25750,2494,2.258,1619,2.347
78,Salamence-Mega,2.24483,2480,2.245,1538,2.230
79,Scizor-Mega,2.20319,2434,2.203,1555,2.255
80,Gyarados,2.17785,2406,2.178,1559,2.260
81,Venusaur-Mega,2.14617,2371,2.146,1604,2.326
82,Haxorus,2.14164,2366,2.142,1417,2.055
83,Staraptor,2.12535,2348,2.125,1525,2.211
84,Nidoking,2.10543,2326,2.105,1570,2.276
85,Machamp,2.09729,2317,2.097,1654,2.398
86,Shaymin-Sky,2.09638,2316,2.096,1421,2.060
87,Garchomp-Mega,2.07466,2292,2.075,1506,2.184
88,Rotom-Wash,2.04026,2254,2.040,1529,2.217
89,Rattata,2.00406,2214,2.004,603,0.874
90,Genesect,1.98776,2196,1.988,1234,1.789
91,Kingdra,1.97871,2186,1.979,1252,1.815
92,Bisharp,1.97599,2183,1.976,1366,1.981
93,Goodra,1.97328,2180,1.973,1340,1.943
94,Heracross-Mega,1.96151,2167,1.962,1394,2.021
95,Excadrill,1.94884,2153,1.949,1381,2.002
96,Starmie,1.93526,2138,1.935,1382,2.004
97,Vaporeon,1.93345,2136,1.933,1415,2.052
98,Whimsicott,1.89905,2098,1.899,1111,1.611
99,Pikachu,1.88186,2079,1.882,1363,1.976
100,Tyranitar-Mega,1.86285,2058,1.863,1386,2.010
101,Articuno,1.84746,2041,1.847,1255,1.820
102,Sceptile,1.83660,2029,1.837,1196,1.734
103,Arceus-Fairy,1.83207,2024,1.832,1259,1.825
104,Alakazam,1.75242,1936,1.752,1146,1.662
105,Hydreigon,1.70625,1885,1.706,1176,1.705
106,Diancie-Mega,1.69449,1872,1.694,1231,1.785
107,Noivern,1.69086,1868,1.691,1249,1.811
108,Lapras,1.68815,1865,1.688,1214,1.760
109,Magnezone,1.67457,1850,1.675,1202,1.743
110,Zoroark,1.66009,1834,1.660,810,1.174
111,Kyurem-White,1.64923,1822,1.649,1139,1.651
112,Hoopa-Unbound,1.62388,1794,1.624,1124,1.630
113,Beedrill-Mega,1.59854,1766,1.599,1166,1.691
114,Palkia,1.58858,1755,1.589,1056,1.531
115,Alakazam-Mega,1.58315,1749,1.583,1139,1.651
116,Zapdos,1.57953,1745,1.580,1205,1.747
117,Venusaur,1.57229,1737,1.572,1058,1.534
118,Blastoise,1.56414,1728,1.564,1140,1.653
119,Gyarados-Mega,1.55147,1714,1.551,1162,1.685
120,Swampert,1.52341,1683,1.523,1204,1.746
121,Altaria-Mega,1.50440,1662,1.504,1016,1.473
122,Drapion,1.47905,1634,1.479,1140,1.653
123,Charizard,1.45914,1612,1.459,1065,1.544
124,Aggron-Mega,1.43017,1580,1.430,1072,1.554
125,Shedinja,1.41750,1566,1.418,955,1.385
126,Sableye,1.41660,1565,1.417,991,1.437
127,Porygon-Z,1.38220,1527,1.382,1063,1.541
128,Jirachi,1.38130,1526,1.381,897,1.301
129,Roserade,1.36953,1513,1.370,1001,1.451
130,Arceus-Steel,1.36048,1503,1.360,901,1.306
131,Blastoise-Mega,1.35776,1500,1.358,1018,1.476
132,Galvantula,1.33785,1478,1.338,1210,1.754
133,Aggron,1.33604,1476,1.336,982,1.424
134,Durant,1.31612,1454,1.316,1030,1.493
135,Empoleon,1.30798,1445,1.308,948,1.375
136,Flygon,1.29983,1436,1.300,967,1.402
137,Torterra,1.28987,1425,1.290,894,1.296
138,Ambipom,1.28173,1416,1.282,1012,1.467
139,Krookodile,1.25729,1389,1.257,906,1.314
140,Kyogre,1.24914,1380,1.249,759,1.101
141,Latios,1.24099,1371,1.241,869,1.260
142,Raichu,1.23737,1367,1.237,1027,1.489
143,Hawlucha,1.23466,1364,1.235,926,1.343
144,Ludicolo,1.22923,1358,1.229,841,1.219
145,Heatran,1.21927,1347,1.219,919,1.332
146,Wobbuffet,1.21836,1346,1.218,719,1.043
147,Reshiram,1.21836,1346,1.218,820,1.189
148,Cinccino,1.21565,1343,1.216,815,1.182
149,Scrafty,1.21384,1341,1.214,887,1.286
150,Mamoswine,1.20660,1333,1.207,913,1.324
151,Eelektross,1.18306,1307,1.183,840,1.218
152,Delphox,1.16858,1291,1.169,831,1.205
153,Landorus-Therian,1.16224,1284,1.162,797,1.156
154,Feraligatr,1.16134,1283,1.161,895,1.298
155,Ninetales,1.15953,1281,1.160,885,1.283
156,Sigilyph,1.15229,1273,1.152,728,1.056
157,Gallade,1.14052,1260,1.141,792,1.148
158,Ampharos-Mega,1.13328,1252,1.133,826,1.198
159,Luxray,1.13056,1249,1.131,867,1.257
160,Tyrantrum,1.12151,1239,1.122,822,1.192
161,Tentacruel,1.10884,1225,1.109,921,1.335
162,Deoxys-Speed,1.09979,1215,1.100,860,1.247
163,Houndoom-Mega,1.09164,1206,1.092,880,1.276
164,Typhlosion,1.08802,1202,1.088,881,1.277
165,Medicham-Mega,1.08259,1196,1.083,822,1.192
166,Conkeldurr,1.08168,1195,1.082,790,1.145
167,Manaphy,1.06539,1177,1.065,721,1.045
168,Deoxys-Defense,1.06448,1176,1.064,749,1.086
169,Pidgeot-Mega,1.04819,1158,1.048,822,1.192
170,Volcanion,1.03823,1147,1.038,729,1.057
171,Chesnaught,1.03461,1143,1.035,752,1.090
172,Honchkrow,1.02013,1127,1.020,772,1.119
173,Pangoro,1.02013,1127,1.020,768,1.114
174,Victini,1.01470,1121,1.015,673,0.976
175,Slurpuff,0.99841,1103,0.998,645,0.935
176,Froslass,0.97759,1080,0.978,798,1.157
177,Porygon2,0.96039,1061,0.960,657,0.953
178,Giratina,0.96039,1061,0.960,639,0.927
179,Manectric-Mega,0.94953,1049,0.950,634,0.919
180,Toxicroak,0.94410,1043,0.944,674,0.977
181,Absol-Mega,0.93233,1030,0.932,706,1.024
182,Dugtrio,0.91423,1010,0.914,673,0.976
183,Cradily,0.90246,997,0.902,565,0.819
184,Cofagrigus,0.89341,987,0.893,739,1.072
185,Quagsire,0.87259,964,0.873,626,0.908
186,Heracross,0.86716,958,0.867,581,0.842
187,Steelix-Mega,0.86354,954,0.864,664,0.963
188,Rayquaza,0.85992,950,0.860,593,0.860
189,Latias,0.85901,949,0.859,564,0.818
190,Trevenant,0.85629,946,0.856,564,0.818
191,Kyurem-Black,0.83638,924,0.836,587,0.851
192,Slowbro,0.83457,922,0.835,598,0.867
193,Swellow,0.82371,910,0.824,603,0.874
194,Golurk,0.81375,899,0.814,637,0.924
195,Malamar,0.80651,891,0.807,583,0.845
196,Suicune,0.80651,891,0.807,575,0.834
197,Magmortar,0.79836,882,0.798,624,0.905
198,Florges,0.78569,868,0.786,499,0.724
199,Accelgor,0.76940,850,0.769,518,0.751
200,Mismagius,0.76759,848,0.768,595,0.863
201,Darmanitan,0.75129,830,0.751,518,0.751
202,Banette-Mega,0.74767,826,0.748,602,0.873
203,Aron,0.74405,822,0.744,368,0.534
204,Gastrodon,0.73681,814,0.737,524,0.760
205,Keldeo,0.73048,807,0.730,523,0.758
206,Raikou,0.73048,807,0.730,558,0.809
207,Dusknoir,0.72776,804,0.728,572,0.829
208,Glaceon,0.72595,802,0.726,504,0.731
209,Slaking,0.72052,796,0.721,567,0.822
210,Samurott,0.72052,796,0.721,510,0.739
211,Flareon,0.70785,782,0.708,501,0.726
212,Absol,0.70151,775,0.702,488,0.708
213,Houndoom,0.69517,768,0.695,472,0.684
214,Thundurus,0.68069,752,0.681,508,0.737
215,Clawitzer,0.67979,751,0.680,492,0.713
216,Venomoth,0.66621,736,0.666,594,0.861
217,Heliolisk,0.65625,725,0.656,492,0.713
218,Arceus-Ground,0.65354,722,0.654,434,0.629
219,Muk,0.64991,718,0.650,485,0.703
220,Leafeon,0.64991,718,0.650,436,0.632
221,Aerodactyl-Mega,0.64629,714,0.646,490,0.710
222,Rhyperior,0.64539,713,0.645,493,0.715
223,Politoed,0.64177,709,0.642,554,0.803
224,Spiritomb,0.63815,705,0.638,481,0.697
225,Vivillon,0.63724,704,0.637,428,0.621
226,Celebi,0.63634,703,0.636,477,0.692
227,Hitmonlee,0.63272,699,0.633,481,0.697
228,Sharpedo,0.62185,687,0.622,431,0.625
229,Liepard,0.61552,680,0.616,477,0.692
230,Zygarde,0.61552,680,0.616,380,0.551
231,Hippowdon,0.61461,679,0.615,466,0.676
232,Latios-Mega,0.61190,676,0.612,416,0.603
233,Amoonguss,0.61009,674,0.610,411,0.596
234,Arceus-Water,0.60647,670,0.606,462,0.670
235,Steelix,0.60556,669,0.606,508,0.737
236,Manectric,0.59923,662,0.599,453,0.657
237,Slowbro-Mega,0.59198,654,0.592,404,0.586
238,Arceus-Dragon,0.58836,650,0.588,382,0.554
239,Magnemite,0.58655,648,0.587,358,0.519
240,Rotom-Heat,0.58293,644,0.583,455,0.660
241,Abomasnow-Mega,0.57750,638,0.578,462,0.670
242,Exeggutor,0.56935,629,0.569,422,0.612
243,Arceus-Electric,0.56483,624,0.565,418,0.606
244,Thundurus-Therian,0.56302,622,0.563,433,0.628
245,Xatu,0.55940,618,0.559,422,0.612
246,Moltres,0.55759,616,0.558,409,0.593
247,Crawdaunt,0.54491,602,0.545,423,0.613
248,Tangrowth,0.54129,598,0.541,363,0.526
249,Yanmega,0.53948,596,0.539,408,0.592
250,Nosepass,0.52591,581,0.526,347,0.503
251,Pinsir-Mega,0.51685,571,0.517,406,0.589
252,Zangoose,0.51233,566,0.512,440,0.638
253,Magikarp,0.50690,560,0.507,230,0.333
254,Hitmonchan,0.50509,558,0.505,336,0.487
255,Dragalge,0.48608,537,0.486,352,0.510
256,Archeops,0.48155,532,0.482,377,0.547
257,Groudon,0.48065,531,0.481,310,0.449
258,Arceus-Fire,0.47793,528,0.478,325,0.471
259,Braviary,0.47703,527,0.477,325,0.471
260,Emboar,0.47703,527,0.477,358,0.519
261,Meowstic,0.47522,525,0.475,328,0.476
262,Ursaring,0.47069,520,0.471,375,0.544
263,Reuniclus,0.46888,518,0.469,313,0.454
264,Mandibuzz,0.46888,518,0.469,334,0.484
265,Aerodactyl,0.46797,517,0.468,410,0.594
266,Bronzong,0.46707,516,0.467,336,0.487
267,Escavalier,0.46526,514,0.465,299,0.434
268,Bastiodon,0.46164,510,0.462,344,0.499
269,Meloetta,0.46073,509,0.461,355,0.515
270,Mr. Mime,0.45440,502,0.454,321,0.465
271,Dusclops,0.44625,493,0.446,303,0.439
272,Cresselia,0.44354,490,0.444,284,0.412
273,Pelipper,0.43991,486,0.440,376,0.545
274,Scyther,0.43901,485,0.439,266,0.386
275,Rhydon,0.43901,485,0.439,326,0.473
276,Golem,0.43901,485,0.439,334,0.484
277,Kabutops,0.43810,484,0.438,322,0.467
278,Butterfree,0.43629,482,0.436,233,0.338
279,Lanturn,0.43629,482,0.436,340,0.493
280,Slowking,0.43267,478,0.433,299,0.434
281,Ariados,0.43177,477,0.432,414,0.600
282,Linoone,0.42181,466,0.422,271,0.393
283,Meganium,0.41729,461,0.417,298,0.432
284,Miltank,0.41638,460,0.416,261,0.378
285,Registeel,0.41185,455,0.412,229,0.332
286,Starly,0.41095,454,0.411,131,0.190
287,Mienshao,0.41004,453,0.410,290,0.420
288,Gothitelle,0.40823,451,0.408,274,0.397
289,Cacturne,0.40099,443,0.401,307,0.445
290,Druddigon,0.39194,433,0.392,325,0.471
291,Azelf,0.39194,433,0.392,344,0.499
292,Sharpedo-Mega,0.39104,432,0.391,306,0.444
293,Walrein,0.39013,431,0.390,282,0.409
294,Diancie,0.38470,425,0.385,297,0.431
295,Donphan,0.38470,425,0.385,287,0.416
296,Arceus-Dark,0.38379,424,0.384,270,0.391
297,Nidoqueen,0.37836,418,0.378,341,0.494
298,Deoxys,0.37655,416,0.377,273,0.396
299,Wailord,0.37655,416,0.377,258,0.374
300,Chatot,0.37474,414,0.375,246,0.357
301,Leavanny,0.36841,407,0.368,312,0.452
302,Rotom-Frost,0.36750,406,0.368,258,0.374
303,Mightyena,0.36479,403,0.365,327,0.474
304,Omastar,0.36388,402,0.364,278,0.403
305,Lilligant,0.36388,402,0.364,239,0.347
306,Jellicent,0.36207,400,0.362,271,0.393
307,Exploud,0.35664,394,0.357,241,0.349
308,Carracosta,0.35483,392,0.355,283,0.410
309,Probopass,0.35392,391,0.354,214,0.310
310,Tauros,0.35302,390,0.353,271,0.393
311,Avalugg,0.34578,382,0.346,250,0.362
312,Camerupt-Mega,0.34578,382,0.346,271,0.393
313,Regice,0.34125,377,0.341,222,0.322
314,Gigalith,0.34035,376,0.340,290,0.420
315,Rapidash,0.33854,374,0.339,261,0.378
316,Pyroar,0.33763,373,0.338,223,0.323
317,Latias-Mega,0.33763,373,0.338,242,0.351
318,Entei,0.33582,371,0.336,201,0.291
319,Noctowl,0.33582,371,0.336,255,0.370
320,Barbaracle,0.33401,369,0.334,218,0.316
321,Landorus,0.33310,368,0.333,234,0.339
322,Pidgeot,0.33129,366,0.331,259,0.376
323,Ampharos,0.33039,365,0.330,243,0.352
324,Huntail,0.33039,365,0.330,269,0.390
325,Pineco,0.32948,364,0.329,284,0.412
326,Unfezant,0.32858,363,0.329,235,0.341
327,Vileplume,0.32496,359,0.325,212,0.307
328,Weezing,0.32405,358,0.324,238,0.345
329,Swoobat,0.32134,355,0.321,164,0.238
330,Murkrow,0.31953,353,0.320,139,0.202
331,Regigigas,0.31681,350,0.317,228,0.331
332,Aurorus,0.31047,343,0.310,239,0.347
333,Torkoal,0.30957,342,0.310,222,0.322
334,Gorebyss,0.30685,339,0.307,208,0.302
335,Armaldo,0.30595,338,0.306,235,0.341
336,Rampardos,0.29780,329,0.298,218,0.316
337,Marowak,0.29599,327,0.296,243,0.352
338,Floatzel,0.29328,324,0.293,204,0.296
339,Medicham,0.29328,324,0.293,217,0.315
340,Hitmontop,0.29328,324,0.293,209,0.303
341,Diggersby,0.29147,322,0.291,220,0.319
342,Altaria,0.29056,321,0.291,227,0.329
343,Arceus-Grass,0.28966,320,0.290,172,0.249
344,Crustle,0.28875,319,0.289,221,0.320
345,Glalie-Mega,0.28785,318,0.288,212,0.307
346,Terrakion,0.28694,317,0.287,184,0.267
347,Seismitoad,0.28060,310,0.281,225,0.326
348,Poliwrath,0.27970,309,0.280,234,0.339
349,Audino-Mega,0.27970,309,0.280,205,0.297
350,Hariyama,0.27698,306,0.277,219,0.318
351,Regirock,0.27427,303,0.274,204,0.296
352,Abomasnow,0.27427,303,0.274,204,0.296
353,Tornadus-Therian,0.27336,302,0.273,221,0.320
354,Shiftry,0.27336,302,0.273,227,0.329
355,Electrode,0.26974,298,0.270,171,0.248
356,Persian,0.26974,298,0.270,226,0.328
357,Arbok,0.26793,296,0.268,203,0.294
358,Bibarel,0.26612,294,0.266,191,0.277
359,Arceus-Poison,0.26250,290,0.263,175,0.254
360,Granbull,0.26250,290,0.263,232,0.336
361,Cobalion,0.25888,286,0.259,188,0.273
362,Lopunny,0.24440,270,0.244,192,0.278
363,Kangaskhan,0.24259,268,0.243,170,0.246
364,Klinklang,0.24259,268,0.243,155,0.225
365,Garbodor,0.23897,264,0.239,223,0.323
366,Claydol,0.23716,262,0.237,175,0.254
367,Primeape,0.23625,261,0.236,180,0.261
368,Kyurem,0.23082,255,0.231,170,0.246
369,Arceus-Fighting,0.22720,251,0.227,164,0.238
370,Volbeat,0.22629,250,0.226,182,0.264
371,Kingler,0.22629,250,0.226,177,0.257
372,Dedenne,0.22539,249,0.225,159,0.231
373,Spinda,0.22358,247,0.224,104,0.151
374,Doublade,0.22177,245,0.222,156,0.226
375,Bidoof,0.22086,244,0.221,72,0.104
376,Emolga,0.21905,242,0.219,171,0.248
377,Wigglytuff,0.21543,238,0.215,165,0.239
378,Zebstrika,0.21272,235,0.213,178,0.258
379,Victreebel,0.21181,234,0.212,148,0.215
380,Masquerain,0.21181,234,0.212,174,0.252
381,Gogoat,0.21181,234,0.212,138,0.200
382,Mawile,0.21091,233,0.211,164,0.238
383,Tropius,0.21091,233,0.211,148,0.215
384,Octillery,0.21000,232,0.210,126,0.183
385,Carbink,0.20728,229,0.207,187,0.271
386,Camerupt,0.20457,226,0.205,135,0.196
387,Arceus-Bug,0.20185,223,0.202,111,0.161
388,Golduck,0.20095,222,0.201,139,0.202
389,Mantine,0.19914,220,0.199,121,0.175
390,Glalie,0.19642,217,0.196,151,0.219
391,Raticate,0.19280,213,0.193,134,0.194
392,Beartic,0.19280,213,0.193,148,0.215
393,Vespiquen,0.19099,211,0.191,132,0.191
394,Swanna,0.19009,210,0.190,135,0.196
395,Arceus-Psychic,0.18828,208,0.188,113,0.164
396,Pachirisu,0.17832,197,0.178,134,0.194
397,Cottonee,0.17741,196,0.177,98,0.142
398,Arceus-Flying,0.17470,193,0.175,98,0.142
399,Stunfisk,0.17470,193,0.175,92,0.133
400,Rotom-Fan,0.17108,189,0.171,145,0.210
401,Rotom,0.16927,187,0.169,160,0.232
402,Sawk,0.16927,187,0.169,118,0.171
403,Sandslash,0.16836,186,0.168,128,0.186
404,Maractus,0.16655,184,0.167,126,0.183
405,Arceus-Ice,0.16474,182,0.165,111,0.161
406,Beedrill,0.16384,181,0.164,101,0.146
407,Skuntank,0.16112,178,0.161,119,0.173
408,Delcatty,0.16022,177,0.160,123,0.178
409,Gourgeist-Super,0.15841,175,0.158,90,0.130
410,Cryogonal,0.15569,172,0.156,88,0.128
411,Hypno,0.15478,171,0.155,103,0.149
412,Eevee,0.15388,170,0.154,115,0.167
413,Dodrio,0.15116,167,0.151,115,0.167
414,Rotom-Mow,0.15026,166,0.150,114,0.165
415,Audino,0.14754,163,0.148,66,0.096
416,Clefairy,0.14754,163,0.148,125,0.181
417,Farfetch'd,0.14664,162,0.147,67,0.097
418,Bellossom,0.14664,162,0.147,112,0.162
419,Magcargo,0.14483,160,0.145,116,0.168
420,Stoutland,0.14483,160,0.145,112,0.162
421,Seviper,0.14392,159,0.144,116,0.168
422,Magneton,0.14392,159,0.144,115,0.167
423,Banette,0.14302,158,0.143,113,0.164
424,Beheeyem,0.14302,158,0.143,139,0.202
425,Sawsbuck,0.14302,158,0.143,103,0.149
426,Qwilfish,0.14211,157,0.142,133,0.193
427,Haunter,0.14121,156,0.141,114,0.165
428,Dunsparce,0.14121,156,0.141,71,0.103
429,Hoopa,0.14121,156,0.141,108,0.157
430,Parasect,0.13940,154,0.139,87,0.126
431,Plusle,0.13849,153,0.138,102,0.148
432,Shaymin,0.13397,148,0.134,96,0.139
433,Kecleon,0.13306,147,0.133,113,0.164
434,Jynx,0.12944,143,0.129,81,0.117
435,Alomomola,0.12853,142,0.129,78,0.113
436,Uxie,0.12310,136,0.123,101,0.146
437,Furfrou,0.12220,135,0.122,93,0.135
438,Bouffalant,0.12039,133,0.120,101,0.146
439,Solrock,0.11586,128,0.116,85,0.123
440,Wynaut,0.11586,128,0.116,107,0.155
441,Arceus-Rock,0.11405,126,0.114,60,0.087
442,Castform,0.11315,125,0.113,95,0.138
443,Sudowoodo,0.11043,122,0.110,87,0.126
444,Tornadus,0.10772,119,0.108,82,0.119
445,Fearow,0.10772,119,0.108,77,0.112
446,Whiscash,0.10681,118,0.107,89,0.129
447,Lickilicky,0.10319,114,0.103,68,0.099
448,Gligar,0.10319,114,0.103,93,0.135
449,Musharna,0.10228,113,0.102,83,0.120
450,Dewgong,0.10228,113,0.102,65,0.094
451,Furret,0.10138,112,0.101,59,0.086
452,Dragonair,0.10047,111,0.100,81,0.117
453,Squirtle,0.09866,109,0.099,68,0.099
454,Gothorita,0.09685,107,0.097,80,0.116
455,Riolu,0.09595,106,0.096,88,0.128
456,Vanilluxe,0.09504,105,0.095,77,0.112
457,Aromatisse,0.09504,105,0.095,74,0.107
458,Onix,0.09052,100,0.091,76,0.110
459,Dustox,0.09052,100,0.091,76,0.110
460,Virizion,0.09052,100,0.091,66,0.096
461,Seaking,0.08871,98,0.089,72,0.104
462,Beautifly,0.08780,97,0.088,74,0.107
463,Jumpluff,0.08509,94,0.085,63,0.091
464,Bulbasaur,0.08418,93,0.084,61,0.088
465,Taillow,0.08418,93,0.084,40,0.058
466,Ponyta,0.08328,92,0.083,27,0.039
467,Minun,0.08147,90,0.081,65,0.094
468,Geodude,0.08056,89,0.081,54,0.078
469,Braixen,0.07966,88,0.080,64,0.093
470,Simisage,0.07966,88,0.080,74,0.107
471,Simipour,0.07875,87,0.079,75,0.109
472,Togetic,0.07603,84,0.076,53,0.077
473,Girafarig,0.07422,82,0.074,56,0.081
474,Pinsir,0.07422,82,0.074,56,0.081
475,Chimecho,0.07332,81,0.073,48,0.070
476,Simisear,0.07332,81,0.073,70,0.101
477,Magmar,0.06879,76,0.069,48,0.070
478,Pichu,0.06789,75,0.068,37,0.054
479,Swalot,0.06789,75,0.068,50,0.072
480,Grumpig,0.06608,73,0.066,51,0.074
481,Delibird,0.06608,73,0.066,46,0.067
482,Nidorino,0.06517,72,0.065,33,0.048
483,Luvdisc,0.06427,71,0.064,45,0.065
484,Relicanth,0.06065,67,0.061,41,0.059
485,Combusken,0.06065,67,0.061,54,0.078
486,Mesprit,0.05974,66,0.060,32,0.046
487,Hippopotas,0.05793,64,0.058,42,0.061
488,Throh,0.05431,60,0.054,36,0.052
489,Rhyhorn,0.05431,60,0.054,54,0.078
490,Electabuzz,0.05250,58,0.053,37,0.054
491,Metapod,0.05250,58,0.053,25,0.036
492,Mudkip,0.05069,56,0.051,25,0.036
493,Munchlax,0.05069,56,0.051,38,0.055
494,Pidgey,0.04978,55,0.050,21,0.030
495,Heatmor,0.04888,54,0.049,34,0.049
496,Snivy,0.04888,54,0.049,34,0.049
497,Golbat,0.04797,53,0.048,41,0.059
498,Dewott,0.04797,53,0.048,30,0.043
499,Corsola,0.04707,52,0.047,34,0.049
500,Jigglypuff,0.04616,51,0.046,38,0.055
501,Carnivine,0.04616,51,0.046,35,0.051
502,Charmander,0.04526,50,0.045,45,0.065
503,Meowth,0.04526,50,0.045,41,0.059
504,Vigoroth,0.04435,49,0.044,21,0.030
505,Machoke,0.04254,47,0.043,40,0.058
506,Clamperl,0.04164,46,0.042,29,0.042
507,Marill,0.04164,46,0.042,24,0.035
508,Pignite,0.04164,46,0.042,29,0.042
509,Lunatone,0.04164,46,0.042,31,0.045
510,Watchog,0.04073,45,0.041,31,0.045
511,Caterpie,0.04073,45,0.041,27,0.039
512,Gastly,0.03983,44,0.040,38,0.055
513,Togepi,0.03892,43,0.039,32,0.046
514,Sunflora,0.03892,43,0.039,31,0.045
515,Oshawott,0.03892,43,0.039,29,0.042
516,Buizel,0.03802,42,0.038,36,0.052
517,Piplup,0.03711,41,0.037,20,0.029
518,Ralts,0.03621,40,0.036,29,0.042
519,Charmeleon,0.03621,40,0.036,33,0.048
520,Swadloon,0.03621,40,0.036,35,0.051
521,Ledian,0.03530,39,0.035,21,0.030
522,Kirlia,0.03530,39,0.035,30,0.043
523,Baltoy,0.03530,39,0.035,38,0.055
524,Lairon,0.03530,39,0.035,35,0.051
525,Cleffa,0.03440,38,0.034,22,0.032
526,Staravia,0.03440,38,0.034,11,0.016
527,Weedle,0.03440,38,0.034,25,0.036
528,Metang,0.03349,37,0.033,33,0.048
529,Sealeo,0.03349,37,0.033,16,0.023
530,Monferno,0.03349,37,0.033,31,0.045
531,Tangela,0.03259,36,0.033,21,0.030
532,Basculin,0.03259,36,0.033,18,0.026
533,Phione,0.03168,35,0.032,28,0.041
534,Aipom,0.03078,34,0.031,23,0.033
535,Gourgeist,0.02987,33,0.030,26,0.038
536,Ivysaur,0.02987,33,0.030,24,0.035
537,Gible,0.02987,33,0.030,25,0.036
538,Lombre,0.02897,32,0.029,30,0.043
539,Roggenrola,0.02897,32,0.029,29,0.042
540,Cherrim,0.02897,32,0.029,26,0.038
541,Illumise,0.02897,32,0.029,15,0.022
542,Solosis,0.02897,32,0.029,12,0.017
543,Fennekin,0.02806,31,0.028,21,0.030
544,Wartortle,0.02806,31,0.028,23,0.033
545,Snover,0.02806,31,0.028,23,0.033
546,Sneasel,0.02806,31,0.028,24,0.035
547,Quilava,0.02716,30,0.027,22,0.032
548,Koffing,0.02716,30,0.027,14,0.020
549,Zigzagoon,0.02716,30,0.027,18,0.026
550,Frogadier,0.02625,29,0.026,24,0.035
551,Psyduck,0.02625,29,0.026,19,0.028
552,Trubbish,0.02625,29,0.026,24,0.035
553,Unown,0.02625,29,0.026,19,0.028
554,Purugly,0.02534,28,0.025,23,0.033
555,Totodile,0.02534,28,0.025,20,0.029
556,Mothim,0.02534,28,0.025,15,0.022
557,Boldore,0.02444,27,0.024,21,0.030
558,Stantler,0.02444,27,0.024,21,0.030
559,Krokorok,0.02444,27,0.024,21,0.030
560,Misdreavus,0.02353,26,0.024,20,0.029
561,Chinchou,0.02353,26,0.024,14,0.020
562,Lumineon,0.02353,26,0.024,20,0.029
563,Poochyena,0.02353,26,0.024,19,0.028
564,Sunkern,0.02353,26,0.024,20,0.029
565,Grovyle,0.02353,26,0.024,18,0.026
566,Fraxure,0.02263,25,0.023,15,0.022
567,Lileep,0.02263,25,0.023,23,0.033
568,Mime Jr.,0.02172,24,0.022,19,0.028
569,Mareep,0.02172,24,0.022,4,0.006
570,Shelgon,0.02172,24,0.022,17,0.025
571,Buneary,0.02082,23,0.021,21,0.030
572,Diglett,0.02082,23,0.021,15,0.022
573,Treecko,0.02082,23,0.021,17,0.025
574,Duskull,0.02082,23,0.021,20,0.029
575,Lickitung,0.02082,23,0.021,18,0.026
576,Floette,0.02082,23,0.021,16,0.023
577,Drifloon,0.02082,23,0.021,14,0.020
578,Yamask,0.02082,23,0.021,15,0.022
579,Torchic,0.02082,23,0.021,13,0.019
580,Zorua,0.01991,22,0.020,12,0.017
581,Roselia,0.01991,22,0.020,19,0.028
582,Marshtomp,0.01991,22,0.020,19,0.028
583,Bunnelby,0.01901,21,0.019,15,0.022
584,Tepig,0.01901,21,0.019,11,0.016
585,Spheal,0.01901,21,0.019,11,0.016
586,Kricketune,0.01901,21,0.019,13,0.019
587,Pawniard,0.01810,20,0.018,20,0.029
588,Pidgeotto,0.01810,20,0.018,17,0.025
589,Wormadam,0.01810,20,0.018,12,0.017
590,Zubat,0.01810,20,0.018,15,0.022
591,Cacnea,0.01810,20,0.018,13,0.019
592,Cubone,0.01810,20,0.018,15,0.022
593,Luxio,0.01720,19,0.017,15,0.022
594,Abra,0.01720,19,0.017,15,0.022
595,Dratini,0.01720,19,0.017,17,0.025
596,Nincada,0.01720,19,0.017,14,0.020
597,Porygon,0.01720,19,0.017,17,0.025
598,Venonat,0.01629,18,0.016,14,0.020
599,Surskit,0.01629,18,0.016,12,0.017
600,Vulpix,0.01629,18,0.016,10,0.014
601,Chikorita,0.01629,18,0.016,14,0.020
602,Bayleef,0.01629,18,0.016,15,0.022
603,Gloom,0.01629,18,0.016,14,0.020
604,Froakie,0.01629,18,0.016,13,0.019
605,Shieldon,0.01629,18,0.016,10,0.014
606,Fletchinder,0.01539,17,0.015,14,0.020
607,Lampent,0.01539,17,0.015,10,0.014
608,Corphish,0.01539,17,0.015,10,0.014
609,Voltorb,0.01539,17,0.015,12,0.017
610,Honedge,0.01539,17,0.015,16,0.023
611,Gabite,0.01448,16,0.014,15,0.022
612,Klang,0.01448,16,0.014,12,0.017
613,Drowzee,0.01448,16,0.014,16,0.023
614,Vanillish,0.01358,15,0.014,11,0.016
615,Servine,0.01358,15,0.014,10,0.014
616,Gurdurr,0.01358,15,0.014,9,0.013
617,Chespin,0.01358,15,0.014,13,0.019
618,Grotle,0.01358,15,0.014,14,0.020
619,Cyndaquil,0.01267,14,0.013,7,0.010
620,Chimchar,0.01267,14,0.013,11,0.016
621,Shinx,0.01267,14,0.013,11,0.016
622,Skitty,0.01267,14,0.013,7,0.010
623,Graveler,0.01267,14,0.013,12,0.017
624,Quilladin,0.01267,14,0.013,10,0.014
625,Hoppip,0.01267,14,0.013,9,0.013
626,Kadabra,0.01177,13,0.012,10,0.014
627,Weepinbell,0.01177,13,0.012,12,0.017
628,Glameow,0.01177,13,0.012,7,0.010
629,Axew,0.01177,13,0.012,10,0.014
630,Poliwag,0.01086,12,0.011,7,0.010
631,Bergmite,0.01086,12,0.011,4,0.006
632,Pidove,0.01086,12,0.011,8,0.012
633,Piloswine,0.01086,12,0.011,9,0.013
634,Sliggoo,0.01086,12,0.011,11,0.016
635,Goomy,0.01086,12,0.011,5,0.007
636,Spinarak,0.01086,12,0.011,12,0.017
637,Wurmple,0.01086,12,0.011,7,0.010
638,Numel,0.00996,11,0.010,7,0.010
639,Smoochum,0.00996,11,0.010,9,0.013
640,Gothita,0.00996,11,0.010,9,0.013
641,Feebas,0.00996,11,0.010,4,0.006
642,Happiny,0.00996,11,0.010,6,0.009
643,Seadra,0.00996,11,0.010,10,0.014
644,Mankey,0.00905,10,0.009,9,0.013
645,Slakoth,0.00905,10,0.009,6,0.009
646,Shuppet,0.00905,10,0.009,10,0.014
647,Cherubi,0.00905,10,0.009,8,0.012
648,Sandshrew,0.00905,10,0.009,6,0.009
649,Shroomish,0.00905,10,0.009,6,0.009
650,Finneon,0.00905,10,0.009,9,0.013
651,Wormadam-Trash,0.00905,10,0.009,8,0.012
652,Vullaby,0.00905,10,0.009,6,0.009
653,Gourgeist-Large,0.00905,10,0.009,8,0.012
654,Krabby,0.00905,10,0.009,7,0.010
655,Flabebe,0.00905,10,0.009,8,0.012
656,Machop,0.00815,9,0.008,9,0.013
657,Growlithe,0.00815,9,0.008,7,0.010
658,Vibrava,0.00815,9,0.008,8,0.012
659,Exeggcute,0.00815,9,0.008,6,0.009
660,Elekid,0.00815,9,0.008,8,0.012
661,Archen,0.00724,8,0.007,7,0.010
662,Wooper,0.00724,8,0.007,6,0.009
663,Oddish,0.00724,8,0.007,7,0.010
664,Phanpy,0.00724,8,0.007,3,0.004
665,Omanyte,0.00724,8,0.007,6,0.009
666,Lotad,0.00724,8,0.007,7,0.010
667,Sewaddle,0.00724,8,0.007,7,0.010
668,Amaura,0.00724,8,0.007,5,0.007
669,Larvitar,0.00724,8,0.007,7,0.010
670,Elgyem,0.00724,8,0.007,3,0.004
671,Ducklett,0.00724,8,0.007,6,0.009
672,Flaaffy,0.00724,8,0.007,8,0.012
673,Teddiursa,0.00724,8,0.007,5,0.007
674,Kabuto,0.00724,8,0.007,6,0.009
675,Purrloin,0.00724,8,0.007,3,0.004
676,Inkay,0.00724,8,0.007,7,0.010
677,Vanillite,0.00724,8,0.007,7,0.010
678,Nidorina,0.00724,8,0.007,2,0.003
679,Duosion,0.00634,7,0.006,7,0.010
680,Rufflet,0.00634,7,0.006,7,0.010
681,Doduo,0.00634,7,0.006,4,0.006
682,Pansage,0.00634,7,0.006,4,0.006
683,Skiddo,0.00634,7,0.006,1,0.001
684,Scraggy,0.00634,7,0.006,5,0.007
685,Cascoon,0.00634,7,0.006,6,0.009
686,Eelektrik,0.00634,7,0.006,5,0.007
687,Kakuna,0.00634,7,0.006,3,0.004
688,Frillish,0.00634,7,0.006,4,0.006
689,Pumpkaboo-Super,0.00634,7,0.006,7,0.010
690,Hoothoot,0.00634,7,0.006,6,0.009
691,Ekans,0.00634,7,0.006,5,0.007
692,Tranquill,0.00634,7,0.006,7,0.010
693,Natu,0.00634,7,0.006,7,0.010
694,Litwick,0.00634,7,0.006,4,0.006
695,Herdier,0.00634,7,0.006,7,0.010
696,Whismur,0.00634,7,0.006,6,0.009
697,Pupitar,0.00634,7,0.006,7,0.010
698,Snubbull,0.00543,6,0.005,6,0.009
699,Swirlix,0.00543,6,0.005,1,0.001
700,Remoraid,0.00543,6,0.005,5,0.007
701,Seel,0.00543,6,0.005,4,0.006
702,Yanma,0.00543,6,0.005,5,0.007
703,Deerling,0.00543,6,0.005,4,0.006
704,Igglybuff,0.00543,6,0.005,6,0.009
705,Timburr,0.00543,6,0.005,3,0.004
706,Pancham,0.00543,6,0.005,5,0.007
707,Swinub,0.00543,6,0.005,1,0.001
708,Bagon,0.00543,6,0.005,5,0.007
709,Mienfoo,0.00543,6,0.005,5,0.007
710,Shelmet,0.00543,6,0.005,4,0.006
711,Tirtouga,0.00543,6,0.005,4,0.006
712,Seedot,0.00453,5,0.005,2,0.003
713,Gourgeist-Small,0.00453,5,0.005,2,0.003
714,Pumpkaboo,0.00453,5,0.005,4,0.006
715,Wormadam-Sandy,0.00453,5,0.005,5,0.007
716,Spewpa,0.00453,5,0.005,4,0.006
717,Combee,0.00453,5,0.005,3,0.004
718,Noibat,0.00453,5,0.005,3,0.004
719,Tympole,0.00453,5,0.005,2,0.003
720,Stunky,0.00453,5,0.005,4,0.006
721,Turtwig,0.00453,5,0.005,3,0.004
722,Grimer,0.00453,5,0.005,3,0.004
723,Tentacool,0.00453,5,0.005,4,0.006
724,Whirlipede,0.00453,5,0.005,4,0.006
725,Litleo,0.00453,5,0.005,5,0.007
726,Palpitoad,0.00453,5,0.005,5,0.007
727,Tyrunt,0.00453,5,0.005,3,0.004
728,Cranidos,0.00453,5,0.005,2,0.003
729,Azurill,0.00362,4,0.004,3,0.004
730,Lillipup,0.00362,4,0.004,4,0.006
731,Binacle,0.00362,4,0.004,3,0.004
732,Electrike,0.00362,4,0.004,3,0.004
733,NidoranM,0.00362,4,0.004,2,0.003
734,Goldeen,0.00362,4,0.004,2,0.003
735,Joltik,0.00362,4,0.004,3,0.004
736,Beldum,0.00362,4,0.004,4,0.006
737,Poliwhirl,0.00362,4,0.004,3,0.004
738,Shellder,0.00362,4,0.004,3,0.004
739,Chingling,0.00362,4,0.004,1,0.001
740,Slugma,0.00362,4,0.004,4,0.006
741,Croagunk,0.00362,4,0.004,4,0.006
742,Tyrogue,0.00362,4,0.004,4,0.006
743,Minccino,0.00362,4,0.004,2,0.003
744,Pumpkaboo-Small,0.00362,4,0.004,3,0.004
745,Sentret,0.00362,4,0.004,4,0.006
746,Fletchling,0.00362,4,0.004,2,0.003
747,Darumaka,0.00362,4,0.004,1,0.001
748,Meditite,0.00362,4,0.004,3,0.004
749,Spritzee,0.00272,3,0.003,2,0.003
750,Wailmer,0.00272,3,0.003,1,0.001
751,Snorunt,0.00272,3,0.003,3,0.004
752,Larvesta,0.00272,3,0.003,3,0.004
753,Wingull,0.00272,3,0.003,3,0.004
754,Budew,0.00272,3,0.003,2,0.003
755,Venipede,0.00272,3,0.003,2,0.003
756,Bellsprout,0.00272,3,0.003,2,0.003
757,Phantump,0.00272,3,0.003,2,0.003
758,Magby,0.00272,3,0.003,2,0.003
759,Prinplup,0.00272,3,0.003,3,0.004
760,Foongus,0.00272,3,0.003,1,0.001
761,Silcoon,0.00272,3,0.003,3,0.004
762,Skorupi,0.00272,3,0.003,2,0.003
763,Trapinch,0.00272,3,0.003,3,0.004
764,Croconaw,0.00272,3,0.003,2,0.003
765,Houndour,0.00272,3,0.003,3,0.004
766,Espurr,0.00272,3,0.003,3,0.004
767,Ferroseed,0.00272,3,0.003,2,0.003
768,Pansear,0.00181,2,0.002,2,0.003
769,Makuhita,0.00181,2,0.002,1,0.001
770,NidoranF,0.00181,2,0.002,2,0.003
771,Pumpkaboo-Large,0.00181,2,0.002,2,0.003
772,Staryu,0.00181,2,0.002,2,0.003
773,Paras,0.00181,2,0.002,0,0.000
774,Slowpoke,0.00181,2,0.002,2,0.003
775,Carvanha,0.00181,2,0.002,2,0.003
776,Spoink,0.00181,2,0.002,2,0.003
777,Woobat,0.00181,2,0.002,2,0.003
778,Golett,0.00181,2,0.002,1,0.001
779,Swablu,0.00181,2,0.002,2,0.003
780,Helioptile,0.00181,2,0.002,2,0.003
781,Munna,0.00181,2,0.002,0,0.000
782,Tynamo,0.00181,2,0.002,1,0.001
783,Scatterbug,0.00181,2,0.002,2,0.003
784,Bronzor,0.00091,1,0.001,1,0.001
785,Skrelp,0.00091,1,0.001,1,0.001
786,Skiploom,0.00091,1,0.001,1,0.001
787,Deino,0.00091,1,0.001,1,0.001
788,Gulpin,0.00091,1,0.001,1,0.001
789,Horsea,0.00091,1,0.001,1,0.001
790,Barboach,0.00091,1,0.001,1,0.001
791,Klink,0.00091,1,0.001,1,0.001
792,Shellos,0.00091,1,0.001,0,0.000
793,Spearow,0.00091,1,0.001,1,0.001
794,Clauncher,0.00091,1,0.001,0,0.000
795,Kricketot,0.00091,1,0.001,1,0.001
796,Sandile,0.00091,1,0.001,1,0.001
797,Panpour,0.00091,1,0.001,0,0.000
798,Petilil,0.00091,1,0.001,0,0.000
799,Burmy,0.00091,1,0.001,0,0.000
800,Mantyke,0.00091,1,0.001,0,0.000
801,Drilbur,0.00091,1,0.001,0,0.000
802,Zweilous,0.00091,1,0.001,0,0.000
803,Anorith,0.00091,1,0.001,1,0.001
804,Patrat,0.00091,1,0.001,1,0.001
805,Nuzleaf,0.00091,1,0.001,1,0.001
