 Total battles: 55238
 Avg. weight/team: 0.137
Rank,Pokemon,Usage percentage,Raw,Raw percentage,Real,Real percentage
1,Groudon-Primal,31.59560,14552,13.172,9839,14.266
2,Rayquaza-Mega,29.94418,16106,14.579,9490,13.760
3,Arceus,29.50854,8661,7.840,4737,6.868
4,Xerneas,26.20361,10360,9.378,6157,8.927
5,Darkrai,21.95310,12611,11.415,7761,11.253
6,Kyogre-Primal,18.79324,11242,10.176,6907,10.015
7,Mewtwo-Mega-Y,16.16028,7215,6.531,4552,6.600
8,Arceus-Ghost,14.00454,3153,2.854,2120,3.074
9,Klefki,8.80885,3458,3.130,2133,3.093
10,Aegislash,8.79312,8303,7.516,5314,7.705
11,Chansey,8.74234,3365,3.046,1888,2.737
12,Lugia,8.36185,4272,3.867,2490,3.610
13,Greninja,8.26714,10739,9.721,7216,10.463
14,Yveltal,8.24950,3905,3.535,2375,3.444
15,Smeargle,7.18561,6811,6.165,4490,6.510
16,Deoxys-Attack,6.97132,2875,2.602,1841,2.669
17,Ferrothorn,6.36248,4466,4.043,3276,4.750
18,Arceus-Fairy,6.01124,2024,1.832,1259,1.825
19,Arceus-Steel,5.82757,1503,1.360,901,1.306
20,Scizor,5.23191,3332,3.016,2184,3.167
21,Garchomp,5.10015,6222,5.632,4002,5.803
22,Blaziken,4.83802,5973,5.407,4116,5.968
23,Espeon,4.78567,4046,3.662,2373,3.441
24,Kyogre,4.67431,1380,1.249,759,1.101
25,Kangaskhan-Mega,4.65352,3224,2.918,2159,3.130
26,Cloyster,4.50585,4502,4.075,2785,4.038
27,Shaymin-Sky,4.47409,2316,2.096,1421,2.060
28,Ho-Oh,4.42389,2494,2.258,1619,2.347
29,Chandelure,4.27842,2776,2.513,1850,2.682
30,Shuckle,4.13527,3241,2.934,2092,3.033
31,Talonflame,4.09684,5032,4.555,2778,4.028
32,Gengar-Mega,4.04561,4594,4.158,3083,4.470
33,Blaziken-Mega,3.80883,6523,5.904,4566,6.620
34,Rotom-Wash,3.79097,2254,2.040,1529,2.217
35,Mewtwo,3.42252,3102,2.808,1644,2.384
36,Gliscor,3.40668,4837,4.378,3165,4.589
37,Tyranitar,3.39528,3716,3.364,2414,3.500
38,Ditto,3.30233,3694,3.344,1451,2.104
39,Mewtwo-Mega-X,3.21280,4507,4.080,2938,4.260
40,Kyurem-White,3.20413,1822,1.649,1139,1.651
41,Scolipede,3.13170,3258,2.949,2497,3.621
42,Serperior,3.11129,4704,4.258,2857,4.142
43,Dragonite,3.06688,5689,5.150,3570,5.176
44,Sableye-Mega,3.04706,2636,2.386,1888,2.737
45,Skarmory,3.02095,2505,2.267,1953,2.832
46,Dialga,2.98182,3135,2.838,1983,2.875
47,Ninjask,2.94277,3550,3.213,2784,4.037
48,Machamp,2.86949,2317,2.097,1654,2.398
49,Gengar,2.85590,5379,4.869,3334,4.834
50,Volcarona,2.78308,3354,3.036,2044,2.964
51,Giratina-Origin,2.78043,3019,2.733,1814,2.630
52,Lopunny-Mega,2.77632,3488,3.157,2403,3.484
53,Togekiss,2.75945,4440,4.019,2792,4.048
54,Diancie-Mega,2.71281,1872,1.694,1231,1.785
55,Blissey,2.70675,2764,2.502,1608,2.332
56,Drifblim,2.68285,2611,2.363,1890,2.740
57,Zekrom,2.53341,2670,2.417,1584,2.297
58,Landorus-Therian,2.52075,1284,1.162,797,1.156
59,Jolteon,2.50927,3207,2.903,2253,3.267
60,Genesect,2.49271,2196,1.988,1234,1.789
61,Clefable,2.47253,3063,2.773,1853,2.687
62,Lucario-Mega,2.42753,4635,4.195,3087,4.476
63,Breloom,2.39463,3583,3.243,2407,3.490
64,Sigilyph,2.38264,1273,1.152,728,1.056
65,Manaphy,2.31953,1177,1.065,721,1.045
66,Mawile-Mega,2.31329,2571,2.327,1715,2.487
67,Arcanine,2.29581,3771,3.413,2524,3.660
68,Umbreon,2.26684,3562,3.224,2273,3.296
69,Arceus-Water,2.25555,670,0.606,462,0.670
70,Arceus-Ground,2.23758,722,0.654,434,0.629
71,Gardevoir-Mega,2.21422,4768,4.316,2860,4.147
72,Giratina,2.17117,1061,0.960,639,0.927
73,Weavile,2.00372,3024,2.737,2095,3.038
74,Jirachi,1.91218,1526,1.381,897,1.301
75,Milotic,1.87767,3245,2.937,1868,2.708
76,Forretress,1.86544,2638,2.388,2084,3.022
77,Whimsicott,1.81725,2098,1.899,1111,1.611
78,Sylveon,1.77825,3516,3.183,2185,3.168
79,Vaporeon,1.75641,2136,1.933,1415,2.052
80,Sableye,1.70215,1565,1.417,991,1.437
81,Azumarill,1.68936,2504,2.267,1580,2.291
82,Palkia,1.68302,1755,1.589,1056,1.531
83,Hoopa-Unbound,1.66979,1794,1.624,1124,1.630
84,Slurpuff,1.62634,1103,0.998,645,0.935
85,Excadrill,1.54048,2153,1.949,1381,2.002
86,Drapion,1.52889,1634,1.479,1140,1.653
87,Swampert-Mega,1.47480,2670,2.417,1787,2.591
88,Venomoth,1.47000,736,0.666,594,0.861
89,Scizor-Mega,1.45214,2434,2.203,1555,2.255
90,Salamence,1.43603,2645,2.394,1632,2.366
91,Charizard-Mega-X,1.43223,6058,5.484,4117,5.969
92,Crobat,1.41872,3425,3.100,2357,3.418
93,Gyarados,1.35387,2406,2.178,1559,2.260
94,Metagross,1.34838,2669,2.416,1650,2.392
95,Mew,1.32454,3192,2.889,1799,2.608
96,Tyranitar-Mega,1.31548,2058,1.863,1386,2.010
97,Heracross-Mega,1.29816,2167,1.962,1394,2.021
98,Snorlax,1.29448,4301,3.893,2600,3.770
99,Thundurus,1.27057,752,0.681,508,0.737
100,Charizard-Mega-Y,1.25137,3268,2.958,2159,3.130
101,Salamence-Mega,1.24991,2480,2.245,1538,2.230
102,Quagsire,1.24248,964,0.873,626,0.908
103,Lucario,1.17014,2534,2.294,1691,2.452
104,Metagross-Mega,1.15208,2874,2.601,1892,2.743
105,Deoxys-Speed,1.14058,1215,1.100,860,1.247
106,Infernape,1.13336,3411,3.088,2365,3.429
107,Bastiodon,1.10490,510,0.462,344,0.499
108,Gallade-Mega,1.10127,3311,2.997,2247,3.258
109,Deoxys-Defense,1.06513,1176,1.064,749,1.086
110,Heatran,1.04629,1347,1.219,919,1.332
111,Galvantula,1.04615,1478,1.338,1210,1.754
112,Latios,1.04246,1371,1.241,869,1.260
113,Liepard,1.03103,680,0.616,477,0.692
114,Arceus-Electric,1.02949,624,0.565,418,0.606
115,Electivire,1.00793,4023,3.642,2713,3.934
116,Slowbro,0.97002,922,0.835,598,0.867
117,Garchomp-Mega,0.93771,2292,2.075,1506,2.184
118,Gardevoir,0.92228,2772,2.509,1706,2.474
119,Haxorus,0.91680,2366,2.142,1417,2.055
120,Hydreigon,0.90925,1885,1.706,1176,1.705
121,Staraptor,0.90584,2348,2.125,1525,2.211
122,Durant,0.89510,1454,1.316,1030,1.493
123,Kingdra,0.88191,2186,1.979,1252,1.815
124,Cinccino,0.87651,1343,1.216,815,1.182
125,Bisharp,0.87568,2183,1.976,1366,1.981
126,Wobbuffet,0.84658,1346,1.218,719,1.043
127,Zapdos,0.84248,1745,1.580,1205,1.747
128,Beedrill-Mega,0.84145,1766,1.599,1166,1.691
129,Aggron,0.82056,1476,1.336,982,1.424
130,Gyarados-Mega,0.81012,1714,1.551,1162,1.685
131,Hawlucha,0.80987,1364,1.235,926,1.343
132,Porygon-Z,0.78952,1527,1.382,1063,1.541
133,Conkeldurr,0.78896,1195,1.082,790,1.145
134,Ludicolo,0.78338,1358,1.229,841,1.219
135,Sceptile-Mega,0.77919,4036,3.653,2576,3.735
136,Venusaur-Mega,0.77531,2371,2.146,1604,2.326
137,Zoroark,0.77468,1834,1.660,810,1.174
138,Malamar,0.76609,891,0.807,583,0.845
139,Xatu,0.76185,618,0.559,422,0.612
140,Magnezone,0.76141,1850,1.675,1202,1.743
141,Nidoking,0.73940,2326,2.105,1570,2.276
142,Accelgor,0.72630,850,0.769,518,0.751
143,Alakazam,0.72323,1936,1.752,1146,1.662
144,Aron,0.71750,822,0.744,368,0.534
145,Shedinja,0.71674,1566,1.418,955,1.385
146,Starmie,0.71219,2138,1.935,1382,2.004
147,Porygon2,0.69998,1061,0.960,657,0.953
148,Cofagrigus,0.66323,987,0.893,739,1.072
149,Swampert,0.65463,1683,1.523,1204,1.746
150,Darmanitan,0.65326,830,0.751,518,0.751
151,Noivern,0.65274,1868,1.691,1249,1.811
152,Ambipom,0.64189,1416,1.282,1012,1.467
153,Sceptile,0.63876,2029,1.837,1196,1.734
154,Medicham-Mega,0.62244,1196,1.083,822,1.192
155,Pineco,0.60446,364,0.329,284,0.412
156,Victini,0.60219,1121,1.015,673,0.976
157,Tentacruel,0.59775,1225,1.109,921,1.335
158,Goodra,0.59476,2180,1.973,1340,1.943
159,Dugtrio,0.59433,1010,0.914,673,0.976
160,Latias,0.59375,949,0.859,564,0.818
161,Heracross,0.59213,958,0.867,581,0.842
162,Blastoise,0.58576,1728,1.564,1140,1.653
163,Aggron-Mega,0.58387,1580,1.430,1072,1.554
164,Honchkrow,0.57979,1127,1.020,772,1.119
165,Scrafty,0.57293,1341,1.214,887,1.286
166,Arceus-Fire,0.55841,528,0.478,325,0.471
167,Ninetales,0.55342,1281,1.160,885,1.283
168,Trevenant,0.54963,946,0.856,564,0.818
169,Roserade,0.54361,1513,1.370,1001,1.451
170,Magnemite,0.54019,648,0.587,358,0.519
171,Moltres,0.52523,616,0.558,409,0.593
172,Absol,0.51489,775,0.702,488,0.708
173,Suicune,0.51437,891,0.807,575,0.834
174,Druddigon,0.51227,433,0.392,325,0.471
175,Arceus-Dragon,0.50587,650,0.588,382,0.554
176,Alakazam-Mega,0.50533,1749,1.583,1139,1.651
177,Mismagius,0.50341,848,0.768,595,0.863
178,Feraligatr,0.49932,1283,1.161,895,1.298
179,Volcanion,0.49860,1147,1.038,729,1.057
180,Articuno,0.49760,2041,1.847,1255,1.820
181,Rayquaza,0.49569,950,0.860,593,0.860
182,Politoed,0.48960,709,0.642,554,0.803
183,Landorus,0.48684,368,0.333,234,0.339
184,Empoleon,0.48669,1445,1.308,948,1.375
185,Chesnaught,0.48545,1143,1.035,752,1.090
186,Arceus-Poison,0.48463,290,0.263,175,0.254
187,Lapras,0.48322,1865,1.688,1214,1.760
188,Mamoswine,0.48216,1333,1.207,913,1.324
189,Thundurus-Therian,0.47763,622,0.563,433,0.628
190,Flygon,0.47597,1436,1.300,967,1.402
191,Reshiram,0.46365,1346,1.218,820,1.189
192,Probopass,0.46073,391,0.354,214,0.310
193,Charizard,0.45939,1612,1.459,1065,1.544
194,Hitmonlee,0.45272,699,0.633,481,0.697
195,Vivillon,0.44475,704,0.637,428,0.621
196,Dusknoir,0.44216,804,0.728,572,0.829
197,Omastar,0.44142,402,0.364,278,0.403
198,Gorebyss,0.43228,339,0.307,208,0.302
199,Aerodactyl-Mega,0.43043,714,0.646,490,0.710
200,Pikachu,0.42654,2079,1.882,1363,1.976
201,Altaria-Mega,0.42568,1662,1.504,1016,1.473
202,Kyurem-Black,0.41955,924,0.836,587,0.851
203,Froslass,0.41248,1080,0.978,798,1.157
204,Pidgeot-Mega,0.40451,1158,1.048,822,1.192
205,Eelektross,0.40169,1307,1.183,840,1.218
206,Venusaur,0.39636,1737,1.572,1058,1.534
207,Houndoom-Mega,0.39308,1206,1.092,880,1.276
208,Slowbro-Mega,0.39157,654,0.592,404,0.586
209,Huntail,0.39061,365,0.330,269,0.390
210,Raikou,0.38939,807,0.730,558,0.809
211,Cresselia,0.38472,490,0.444,284,0.412
212,Tyrantrum,0.38280,1239,1.122,822,1.192
213,Dusclops,0.38078,493,0.446,303,0.439
214,Meloetta,0.38043,509,0.461,355,0.515
215,Krookodile,0.37735,1389,1.257,906,1.314
216,Typhlosion,0.37627,1202,1.088,881,1.277
217,Toxicroak,0.37615,1043,0.944,674,0.977
218,Rotom-Heat,0.37418,644,0.583,455,0.660
219,Gallade,0.37270,1260,1.141,792,1.148
220,Groudon,0.37229,531,0.481,310,0.449
221,Arceus-Dark,0.37058,424,0.384,270,0.391
222,Arceus-Flying,0.36860,193,0.175,98,0.142
223,Terrakion,0.36716,317,0.287,184,0.267
224,Amoonguss,0.36503,674,0.610,411,0.596
225,Abomasnow-Mega,0.36160,638,0.578,462,0.670
226,Bronzong,0.35671,516,0.467,336,0.487
227,Torterra,0.35136,1425,1.290,894,1.296
228,Keldeo,0.35060,807,0.730,523,0.758
229,Exeggutor,0.34486,629,0.569,422,0.612
230,Raichu,0.34097,1367,1.237,1027,1.489
231,Florges,0.34020,868,0.786,499,0.724
232,Ampharos-Mega,0.32960,1252,1.133,826,1.198
233,Hippowdon,0.32647,679,0.615,466,0.676
234,Nosepass,0.31850,581,0.526,347,0.503
235,Gastrodon,0.31847,814,0.737,524,0.760
236,Absol-Mega,0.31078,1030,0.932,706,1.024
237,Delphox,0.30533,1291,1.169,831,1.205
238,Braviary,0.30151,527,0.477,325,0.471
239,Tangrowth,0.29471,598,0.541,363,0.526
240,Reuniclus,0.28367,518,0.469,313,0.454
241,Banette-Mega,0.28147,826,0.748,602,0.873
242,Spiritomb,0.27737,705,0.638,481,0.697
243,Deoxys,0.27573,416,0.377,273,0.396
244,Azelf,0.27118,433,0.392,344,0.499
245,Chatot,0.26897,414,0.375,246,0.357
246,Swellow,0.26287,910,0.824,603,0.874
247,Rattata,0.25960,2214,2.004,603,0.874
248,Rhydon,0.25921,485,0.439,326,0.473
249,Kabutops,0.25898,484,0.438,322,0.467
250,Tornadus,0.25726,119,0.108,82,0.119
251,Blastoise-Mega,0.25002,1500,1.358,1018,1.476
252,Clawitzer,0.24534,751,0.680,492,0.713
253,Houndoom,0.24514,768,0.695,472,0.684
254,Yanmega,0.24332,596,0.539,408,0.592
255,Bibarel,0.24025,294,0.266,191,0.277
256,Altaria,0.23508,321,0.291,227,0.329
257,Pinsir-Mega,0.22780,571,0.517,406,0.589
258,Rotom-Frost,0.22771,406,0.368,258,0.374
259,Muk,0.22740,718,0.650,485,0.703
260,Arceus-Grass,0.22714,320,0.290,172,0.249
261,Rhyperior,0.22690,713,0.645,493,0.715
262,Rotom-Fan,0.22516,189,0.171,145,0.210
263,Gothitelle,0.22497,451,0.408,274,0.397
264,Zygarde,0.22063,680,0.616,380,0.551
265,Emboar,0.21770,527,0.477,358,0.519
266,Vileplume,0.21710,359,0.325,212,0.307
267,Dragalge,0.21606,537,0.486,352,0.510
268,Slaking,0.21584,796,0.721,567,0.822
269,Crustle,0.21354,319,0.289,221,0.320
270,Regirock,0.21319,303,0.274,204,0.296
271,Tornadus-Therian,0.21140,302,0.273,221,0.320
272,Slowking,0.20712,478,0.433,299,0.434
273,Donphan,0.20477,425,0.385,287,0.416
274,Aerodactyl,0.20457,517,0.468,410,0.594
275,Celebi,0.20230,703,0.636,477,0.692
276,Torkoal,0.20018,342,0.310,222,0.322
277,Mandibuzz,0.19542,518,0.469,334,0.484
278,Luxray,0.19342,1249,1.131,867,1.257
279,Wailord,0.19190,416,0.377,258,0.374
280,Parasect,0.19170,154,0.139,87,0.126
281,Diggersby,0.19025,322,0.291,220,0.319
282,Manectric-Mega,0.18458,1049,0.950,634,0.919
283,Nidoqueen,0.18378,418,0.378,341,0.494
284,Avalugg,0.18188,382,0.346,250,0.362
285,Cacturne,0.18178,443,0.401,307,0.445
286,Arceus-Bug,0.17934,223,0.202,111,0.161
287,Magmortar,0.17864,882,0.798,624,0.905
288,Murkrow,0.17783,353,0.320,139,0.202
289,Sharpedo,0.17774,687,0.622,431,0.625
290,Scyther,0.17443,485,0.439,266,0.386
291,Primeape,0.17296,261,0.236,180,0.261
292,Diancie,0.17260,425,0.385,297,0.431
293,Miltank,0.17204,460,0.416,261,0.378
294,Kangaskhan,0.17169,268,0.243,170,0.246
295,Rotom,0.17127,187,0.169,160,0.232
296,Samurott,0.17020,796,0.721,510,0.739
297,Arceus-Fighting,0.16794,251,0.227,164,0.238
298,Carracosta,0.16659,392,0.355,283,0.410
299,Cradily,0.16484,997,0.902,565,0.819
300,Medicham,0.16439,324,0.293,217,0.315
301,Lanturn,0.16403,482,0.436,340,0.493
302,Mr. Mime,0.16370,502,0.454,321,0.465
303,Raticate,0.16356,213,0.193,134,0.194
304,Arceus-Rock,0.16330,126,0.114,60,0.087
305,Leavanny,0.16036,407,0.368,312,0.452
306,Steelix-Mega,0.15983,954,0.864,664,0.963
307,Archeops,0.15955,532,0.482,377,0.547
308,Steelix,0.15922,669,0.606,508,0.737
309,Zangoose,0.15778,566,0.512,440,0.638
310,Meowstic,0.15496,525,0.475,328,0.476
311,Gigalith,0.15373,376,0.340,290,0.420
312,Heliolisk,0.15209,725,0.656,492,0.713
313,Regice,0.15148,377,0.341,222,0.322
314,Ampharos,0.15037,365,0.330,243,0.352
315,Furfrou,0.14832,135,0.122,93,0.135
316,Latios-Mega,0.14397,676,0.612,416,0.603
317,Mienshao,0.14078,453,0.410,290,0.420
318,Hitmonchan,0.13980,558,0.505,336,0.487
319,Leafeon,0.13828,718,0.650,436,0.632
320,Wynaut,0.13779,128,0.116,107,0.155
321,Swoobat,0.13438,355,0.321,164,0.238
322,Claydol,0.13202,262,0.237,175,0.254
323,Glaceon,0.12862,802,0.726,504,0.731
324,Flareon,0.12857,782,0.708,501,0.726
325,Poliwrath,0.12801,309,0.280,234,0.339
326,Cottonee,0.12535,196,0.177,98,0.142
327,Armaldo,0.12267,338,0.306,235,0.341
328,Exploud,0.12126,394,0.357,241,0.349
329,Lopunny,0.12108,270,0.244,192,0.278
330,Delcatty,0.12083,177,0.160,123,0.178
331,Cobalion,0.11985,286,0.259,188,0.273
332,Manectric,0.11967,662,0.599,453,0.657
333,Pelipper,0.11888,486,0.440,376,0.545
334,Rotom-Mow,0.11833,166,0.150,114,0.165
335,Spinda,0.11761,247,0.224,104,0.151
336,Sawk,0.11618,187,0.169,118,0.171
337,Gothorita,0.11434,107,0.097,80,0.116
338,Lilligant,0.11248,402,0.364,239,0.347
339,Golurk,0.10944,899,0.814,637,0.924
340,Marowak,0.10743,327,0.296,243,0.352
341,Arceus-Ice,0.10635,182,0.165,111,0.161
342,Arceus-Psychic,0.10629,208,0.188,113,0.164
343,Hitmontop,0.10260,324,0.293,209,0.303
344,Arbok,0.10068,296,0.268,203,0.294
345,Registeel,0.10022,455,0.412,229,0.332
346,Barbaracle,0.09975,369,0.334,218,0.316
347,Regigigas,0.09792,350,0.317,228,0.331
348,Sharpedo-Mega,0.09414,432,0.391,306,0.444
349,Weezing,0.09304,358,0.324,238,0.345
350,Pangoro,0.09283,1127,1.020,768,1.114
351,Gogoat,0.09166,234,0.212,138,0.200
352,Latias-Mega,0.09149,373,0.338,242,0.351
353,Ursaring,0.08997,520,0.471,375,0.544
354,Stunfisk,0.08966,193,0.175,92,0.133
355,Walrein,0.08898,431,0.390,282,0.409
356,Entei,0.08631,371,0.336,201,0.291
357,Magikarp,0.08553,560,0.507,230,0.333
358,Maractus,0.08362,184,0.167,126,0.183
359,Octillery,0.08349,232,0.210,126,0.183
360,Ariados,0.08343,477,0.432,414,0.600
361,Doublade,0.08197,245,0.222,156,0.226
362,Shaymin,0.08138,148,0.134,96,0.139
363,Golduck,0.07992,222,0.201,139,0.202
364,Linoone,0.07929,466,0.422,271,0.393
365,Jellicent,0.07916,400,0.362,271,0.393
366,Rapidash,0.07640,374,0.339,261,0.378
367,Togetic,0.07597,84,0.076,53,0.077
368,Crawdaunt,0.07580,602,0.545,423,0.613
369,Mawile,0.07494,233,0.211,164,0.238
370,Kyurem,0.07357,255,0.231,170,0.246
371,Golem,0.07287,485,0.439,334,0.484
372,Floatzel,0.07263,324,0.293,204,0.296
373,Aurorus,0.06907,343,0.310,239,0.347
374,Mightyena,0.06898,403,0.365,327,0.474
375,Carbink,0.06835,229,0.207,187,0.271
376,Sealeo,0.06829,37,0.033,16,0.023
377,Beartic,0.06829,213,0.193,148,0.215
378,Starly,0.06798,454,0.411,131,0.190
379,Escavalier,0.06667,514,0.465,299,0.434
380,Glalie-Mega,0.06559,318,0.288,212,0.307
381,Meganium,0.06522,461,0.417,298,0.432
382,Psyduck,0.06485,29,0.026,19,0.028
383,Lombre,0.06484,32,0.029,30,0.043
384,Mantine,0.06398,220,0.199,121,0.175
385,Sawsbuck,0.06231,158,0.143,103,0.149
386,Unfezant,0.06181,363,0.329,235,0.341
387,Dragonair,0.06155,111,0.100,81,0.117
388,Rhyhorn,0.05906,60,0.054,54,0.078
389,Farfetch'd,0.05879,162,0.147,67,0.097
390,Shiftry,0.05446,302,0.273,227,0.329
391,Pidgeot,0.05436,366,0.331,259,0.376
392,Magcargo,0.05394,160,0.145,116,0.168
393,Hariyama,0.05323,306,0.277,219,0.318
394,Stoutland,0.05195,160,0.145,112,0.162
395,Seismitoad,0.05051,310,0.281,225,0.326
396,Pyroar,0.05014,373,0.338,223,0.323
397,Butterfree,0.05010,482,0.436,233,0.338
398,Kingler,0.04923,250,0.226,177,0.257
399,Camerupt-Mega,0.04882,382,0.346,271,0.393
400,Glalie,0.04866,217,0.196,151,0.219
401,Taillow,0.04778,93,0.084,40,0.058
402,Pachirisu,0.04698,197,0.178,134,0.194
403,Dustox,0.04582,100,0.091,76,0.110
404,Camerupt,0.04418,226,0.205,135,0.196
405,Alomomola,0.04406,142,0.129,78,0.113
406,Mesprit,0.04400,66,0.060,32,0.046
407,Masquerain,0.04383,234,0.212,174,0.252
408,Seviper,0.04354,159,0.144,116,0.168
409,Solrock,0.04263,128,0.116,85,0.123
410,Garbodor,0.04215,264,0.239,223,0.323
411,Delibird,0.04119,73,0.066,46,0.067
412,Kecleon,0.04074,147,0.133,113,0.164
413,Tangela,0.04046,36,0.033,21,0.030
414,Bouffalant,0.04019,133,0.120,101,0.146
415,Dunsparce,0.03981,156,0.141,71,0.103
416,Aromatisse,0.03955,105,0.095,74,0.107
417,Skuntank,0.03903,178,0.161,119,0.173
418,Tropius,0.03864,233,0.211,148,0.215
419,Whiscash,0.03738,118,0.107,89,0.129
420,Persian,0.03716,298,0.270,226,0.328
421,Rampardos,0.03608,329,0.298,218,0.316
422,Uxie,0.03483,136,0.123,101,0.146
423,Hippopotas,0.03396,64,0.058,42,0.061
424,Relicanth,0.03340,67,0.061,41,0.059
425,Magneton,0.03246,159,0.144,115,0.167
426,Qwilfish,0.03194,157,0.142,133,0.193
427,Plusle,0.03164,153,0.138,102,0.148
428,Grumpig,0.03155,73,0.066,51,0.074
429,Audino-Mega,0.03092,309,0.280,205,0.297
430,Musharna,0.03089,113,0.102,83,0.120
431,Hoopa,0.03084,156,0.141,108,0.157
432,Klinklang,0.03001,268,0.243,155,0.225
433,Lairon,0.02919,39,0.035,35,0.051
434,Sudowoodo,0.02774,122,0.110,87,0.126
435,Luvdisc,0.02770,71,0.064,45,0.065
436,Dedenne,0.02760,249,0.225,159,0.231
437,Bellossom,0.02752,162,0.147,112,0.162
438,Corsola,0.02752,52,0.047,34,0.049
439,Cryogonal,0.02734,172,0.156,88,0.128
440,Dodrio,0.02725,167,0.151,115,0.167
441,Beedrill,0.02685,181,0.164,101,0.146
442,Noctowl,0.02677,371,0.336,255,0.370
443,Pichu,0.02642,75,0.068,37,0.054
444,Lileep,0.02568,25,0.023,23,0.033
445,Castform,0.02534,125,0.113,95,0.138
446,Swanna,0.02525,210,0.190,135,0.196
447,Volbeat,0.02502,250,0.226,182,0.264
448,Seaking,0.02479,98,0.089,72,0.104
449,Drowzee,0.02469,16,0.014,16,0.023
450,Sneasel,0.02343,31,0.028,24,0.035
451,Electrode,0.02218,298,0.270,171,0.248
452,Furret,0.02195,112,0.101,59,0.086
453,Clefairy,0.02170,163,0.148,125,0.181
454,Geodude,0.02158,89,0.081,54,0.078
455,Jynx,0.02129,143,0.129,81,0.117
456,Granbull,0.02112,290,0.263,232,0.336
457,Victreebel,0.02103,234,0.212,148,0.215
458,Virizion,0.02081,100,0.091,66,0.096
459,Tauros,0.02007,390,0.353,271,0.393
460,Riolu,0.01997,106,0.096,88,0.128
461,Vanilluxe,0.01991,105,0.095,77,0.112
462,Wigglytuff,0.01966,238,0.215,165,0.239
463,Zebstrika,0.01820,235,0.213,178,0.258
464,Audino,0.01819,163,0.148,66,0.096
465,Electabuzz,0.01776,58,0.053,37,0.054
466,Abomasnow,0.01770,303,0.274,204,0.296
467,Pinsir,0.01718,82,0.074,56,0.081
468,Shieldon,0.01613,18,0.016,10,0.014
469,Combusken,0.01565,67,0.061,54,0.078
470,Emolga,0.01560,242,0.219,171,0.248
471,Wurmple,0.01553,12,0.011,7,0.010
472,Throh,0.01522,60,0.054,36,0.052
473,Golbat,0.01475,53,0.048,41,0.059
474,Spheal,0.01470,21,0.019,11,0.016
475,Skiddo,0.01444,7,0.006,1,0.001
476,Machoke,0.01409,47,0.043,40,0.058
477,Beautifly,0.01403,97,0.088,74,0.107
478,Bidoof,0.01379,244,0.221,72,0.104
479,Banette,0.01329,158,0.143,113,0.164
480,Gourgeist-Super,0.01318,175,0.158,90,0.130
481,Gligar,0.01269,114,0.103,93,0.135
482,Vespiquen,0.01267,211,0.191,132,0.191
483,Hypno,0.01248,171,0.155,103,0.149
484,Heatmor,0.01224,54,0.049,34,0.049
485,Eevee,0.01182,170,0.154,115,0.167
486,Sunkern,0.01178,26,0.024,20,0.029
487,Koffing,0.01138,30,0.027,14,0.020
488,Charmander,0.01132,50,0.045,45,0.065
489,Fearow,0.01104,119,0.108,77,0.112
490,Spinarak,0.01102,12,0.011,12,0.017
491,Bulbasaur,0.01057,93,0.084,61,0.088
492,Torchic,0.01052,23,0.021,13,0.019
493,Drifloon,0.01029,23,0.021,14,0.020
494,Wartortle,0.01028,31,0.028,23,0.033
495,Squirtle,0.01017,109,0.099,68,0.099
496,Lickilicky,0.00991,114,0.103,68,0.099
497,Spritzee,0.00973,3,0.003,2,0.003
498,Munchlax,0.00964,56,0.051,38,0.055
499,Stantler,0.00949,27,0.024,21,0.030
500,Timburr,0.00941,6,0.005,3,0.004
501,Ponyta,0.00930,92,0.083,27,0.039
502,Braixen,0.00930,88,0.080,64,0.093
503,Chimecho,0.00923,81,0.073,48,0.070
504,Snover,0.00905,31,0.028,23,0.033
505,Swalot,0.00898,75,0.068,50,0.072
506,Sandslash,0.00888,186,0.168,128,0.186
507,Shroomish,0.00877,10,0.009,6,0.009
508,Purrloin,0.00877,8,0.007,3,0.004
509,Magmar,0.00860,76,0.069,48,0.070
510,Kricketune,0.00819,21,0.019,13,0.019
511,Weedle,0.00786,38,0.034,25,0.036
512,Unown,0.00785,29,0.026,19,0.028
513,Kirlia,0.00783,39,0.035,30,0.043
514,Roggenrola,0.00759,32,0.029,29,0.042
515,Mareep,0.00751,24,0.022,4,0.006
516,Haunter,0.00729,156,0.141,114,0.165
517,Caterpie,0.00717,45,0.041,27,0.039
518,Jumpluff,0.00701,94,0.085,63,0.091
519,Trubbish,0.00697,29,0.026,24,0.035
520,Poliwag,0.00688,12,0.011,7,0.010
521,Ledian,0.00684,39,0.035,21,0.030
522,Vigoroth,0.00625,49,0.044,21,0.030
523,Tympole,0.00603,5,0.005,2,0.003
524,Tynamo,0.00596,2,0.002,1,0.001
525,Nincada,0.00573,19,0.017,14,0.020
526,Kadabra,0.00537,13,0.012,10,0.014
527,Klang,0.00523,16,0.014,12,0.017
528,Cleffa,0.00512,38,0.034,22,0.032
529,Bergmite,0.00509,12,0.011,4,0.006
530,Dewgong,0.00487,113,0.102,65,0.094
531,Aipom,0.00462,34,0.031,23,0.033
532,Misdreavus,0.00461,26,0.024,20,0.029
533,Eelektrik,0.00456,7,0.006,5,0.007
534,Beheeyem,0.00444,158,0.143,139,0.202
535,Totodile,0.00442,28,0.025,20,0.029
536,Mothim,0.00437,28,0.025,15,0.022
537,Gabite,0.00430,16,0.014,15,0.022
538,Simisear,0.00425,81,0.073,70,0.101
539,Girafarig,0.00422,82,0.074,56,0.081
540,Pidgey,0.00419,55,0.050,21,0.030
541,Zorua,0.00413,22,0.020,12,0.017
542,Venonat,0.00371,18,0.016,14,0.020
543,Lunatone,0.00371,46,0.042,31,0.045
544,Minun,0.00369,90,0.081,65,0.094
545,Machop,0.00352,9,0.008,9,0.013
546,Gothita,0.00350,11,0.010,9,0.013
547,Clamperl,0.00350,46,0.042,29,0.042
548,Pupitar,0.00345,7,0.006,7,0.010
549,Lumineon,0.00340,26,0.024,20,0.029
550,Ralts,0.00331,40,0.036,29,0.042
551,Simipour,0.00317,87,0.079,75,0.109
552,Boldore,0.00313,27,0.024,21,0.030
553,Dewott,0.00309,53,0.048,30,0.043
554,Ivysaur,0.00309,33,0.030,24,0.035
555,Simisage,0.00308,88,0.080,74,0.107
556,Shelgon,0.00295,24,0.022,17,0.025
557,Gourgeist-Large,0.00294,10,0.009,8,0.012
558,Jigglypuff,0.00281,51,0.046,38,0.055
559,Wormadam-Sandy,0.00279,5,0.005,5,0.007
560,Piloswine,0.00263,12,0.011,9,0.013
561,Nidorino,0.00254,72,0.065,33,0.048
562,Monferno,0.00252,37,0.033,31,0.045
563,Gurdurr,0.00244,15,0.014,9,0.013
564,Skorupi,0.00239,3,0.003,2,0.003
565,Venipede,0.00230,3,0.003,2,0.003
566,Illumise,0.00227,32,0.029,15,0.022
567,Cherrim,0.00226,32,0.029,26,0.038
568,Fennekin,0.00225,31,0.028,21,0.030
569,Carnivine,0.00221,51,0.046,35,0.051
570,Onix,0.00217,100,0.091,76,0.110
571,Piplup,0.00213,41,0.037,20,0.029
572,Azurill,0.00203,4,0.004,3,0.004
573,Meowth,0.00198,50,0.045,41,0.059
574,Gourgeist-Small,0.00197,5,0.005,2,0.003
575,Togepi,0.00196,43,0.039,32,0.046
576,Gible,0.00187,33,0.030,25,0.036
577,Staravia,0.00184,38,0.034,11,0.016
578,Dratini,0.00181,19,0.017,17,0.025
579,Abra,0.00178,19,0.017,15,0.022
580,Mudkip,0.00168,56,0.051,25,0.036
581,Shellder,0.00166,4,0.004,3,0.004
582,Espurr,0.00166,3,0.003,3,0.004
583,Kabuto,0.00163,8,0.007,6,0.009
584,Krokorok,0.00158,27,0.024,21,0.030
585,Gourgeist,0.00157,33,0.030,26,0.038
586,Lickitung,0.00154,23,0.021,18,0.026
587,Gastly,0.00151,44,0.040,38,0.055
588,Surskit,0.00139,18,0.016,12,0.017
589,Grotle,0.00138,15,0.014,14,0.020
590,Solosis,0.00136,32,0.029,12,0.017
591,Floette,0.00134,23,0.021,16,0.023
592,Budew,0.00127,3,0.003,2,0.003
593,Staryu,0.00127,2,0.002,2,0.003
594,Phione,0.00127,35,0.032,28,0.041
595,Wooper,0.00127,8,0.007,6,0.009
596,Tranquill,0.00125,7,0.006,7,0.010
597,Wormadam-Trash,0.00125,10,0.009,8,0.012
598,Sunflora,0.00110,43,0.039,31,0.045
599,Axew,0.00110,13,0.012,10,0.014
600,Porygon,0.00109,19,0.017,17,0.025
601,Baltoy,0.00107,39,0.035,38,0.055
602,Grovyle,0.00100,26,0.024,18,0.026
603,Basculin,0.00098,36,0.033,18,0.026
604,Omanyte,0.00095,8,0.007,6,0.009
605,Inkay,0.00093,8,0.007,7,0.010
606,Zigzagoon,0.00092,30,0.027,18,0.026
607,Cyndaquil,0.00091,14,0.013,7,0.010
608,Honedge,0.00086,17,0.015,16,0.023
609,Quilava,0.00084,30,0.027,22,0.032
610,Bunnelby,0.00084,21,0.019,15,0.022
611,Cranidos,0.00080,5,0.005,2,0.003
612,Pignite,0.00080,46,0.042,29,0.042
613,Charmeleon,0.00076,40,0.036,33,0.048
614,Duskull,0.00074,23,0.021,20,0.029
615,Froakie,0.00073,18,0.016,13,0.019
616,Shinx,0.00072,14,0.013,11,0.016
617,Purugly,0.00071,28,0.025,23,0.033
618,Meditite,0.00068,4,0.004,3,0.004
619,Lampent,0.00068,17,0.015,10,0.014
620,Goomy,0.00067,12,0.011,5,0.007
621,Noibat,0.00066,5,0.005,3,0.004
622,Fletchling,0.00066,4,0.004,2,0.003
623,Bayleef,0.00066,18,0.016,15,0.022
624,Zubat,0.00062,20,0.018,15,0.022
625,Servine,0.00061,15,0.014,10,0.014
626,Litwick,0.00060,7,0.006,4,0.006
627,Frillish,0.00058,7,0.006,4,0.006
628,Watchog,0.00057,45,0.041,31,0.045
629,Diglett,0.00055,23,0.021,15,0.022
630,Slakoth,0.00055,10,0.009,6,0.009
631,Yamask,0.00055,23,0.021,15,0.022
632,Vanillish,0.00053,15,0.014,11,0.016
633,Vulpix,0.00052,18,0.016,10,0.014
634,Tepig,0.00051,21,0.019,11,0.016
635,Bagon,0.00044,6,0.005,5,0.007
636,Sliggoo,0.00043,12,0.011,11,0.016
637,Hoppip,0.00042,14,0.013,9,0.013
638,Voltorb,0.00041,17,0.015,12,0.017
639,Snivy,0.00040,54,0.049,34,0.049
640,Houndour,0.00038,3,0.003,3,0.004
641,Natu,0.00038,7,0.006,7,0.010
642,Yanma,0.00038,6,0.005,5,0.007
643,Shelmet,0.00036,6,0.005,4,0.006
644,Minccino,0.00036,4,0.004,2,0.003
645,Swinub,0.00035,6,0.005,1,0.001
646,Graveler,0.00035,14,0.013,12,0.017
647,Pumpkaboo,0.00035,5,0.005,4,0.006
648,Pansage,0.00035,7,0.006,4,0.006
649,Chimchar,0.00034,14,0.013,11,0.016
650,Croconaw,0.00034,3,0.003,2,0.003
651,Treecko,0.00033,23,0.021,17,0.025
652,Oshawott,0.00033,43,0.039,29,0.042
653,Woobat,0.00032,2,0.002,2,0.003
654,Weepinbell,0.00032,13,0.012,12,0.017
655,Roselia,0.00031,22,0.020,19,0.028
656,Vibrava,0.00030,9,0.008,8,0.012
657,Mime Jr.,0.00029,24,0.022,19,0.028
658,Cubone,0.00029,20,0.018,15,0.022
659,Buizel,0.00028,42,0.038,36,0.052
660,Snubbull,0.00028,6,0.005,6,0.009
661,Whismur,0.00028,7,0.006,6,0.009
662,Corphish,0.00027,17,0.015,10,0.014
663,Metapod,0.00025,58,0.053,25,0.036
664,Cherubi,0.00025,10,0.009,8,0.012
665,Spewpa,0.00025,5,0.005,4,0.006
666,Chespin,0.00021,15,0.014,13,0.019
667,Turtwig,0.00020,5,0.005,3,0.004
668,Krabby,0.00019,10,0.009,7,0.010
669,Archen,0.00019,8,0.007,7,0.010
670,Tyrunt,0.00019,5,0.005,3,0.004
671,Pidgeotto,0.00017,20,0.018,17,0.025
672,Shuppet,0.00016,10,0.009,10,0.014
673,Buneary,0.00015,23,0.021,21,0.030
674,Silcoon,0.00015,3,0.003,3,0.004
675,Golett,0.00014,2,0.002,1,0.001
676,Gulpin,0.00014,1,0.001,1,0.001
677,Kricketot,0.00014,1,0.001,1,0.001
678,Chikorita,0.00014,18,0.016,14,0.020
679,Fletchinder,0.00013,17,0.015,14,0.020
680,Quilladin,0.00012,14,0.013,10,0.014
681,Pawniard,0.00011,20,0.018,20,0.029
682,Mienfoo,0.00011,6,0.005,5,0.007
683,Flabebe,0.00010,10,0.009,8,0.012
684,Poliwhirl,0.00010,4,0.004,3,0.004
685,Vullaby,0.00010,10,0.009,6,0.009
686,Elekid,0.00009,9,0.008,8,0.012
687,Vanillite,0.00009,8,0.007,7,0.010
688,Wailmer,0.00008,3,0.003,1,0.001
689,Remoraid,0.00008,6,0.005,5,0.007
690,Marill,0.00008,46,0.042,24,0.035
691,Mankey,0.00006,10,0.009,9,0.013
692,Happiny,0.00006,11,0.010,6,0.009
693,Oddish,0.00005,8,0.007,7,0.010
694,Cascoon,0.00005,7,0.006,6,0.009
695,NidoranF,0.00005,2,0.002,2,0.003
696,Munna,0.00004,2,0.002,0,0.000
697,Flaaffy,0.00004,8,0.007,8,0.012
698,Scraggy,0.00004,7,0.006,5,0.007
699,Binacle,0.00004,4,0.004,3,0.004
700,Teddiursa,0.00004,8,0.007,5,0.007
701,Slugma,0.00004,4,0.004,4,0.006
702,Pidove,0.00003,12,0.011,8,0.012
703,Wingull,0.00003,3,0.003,3,0.004
704,Hoothoot,0.00003,7,0.006,6,0.009
705,Tirtouga,0.00003,6,0.005,4,0.006
706,Seel,0.00003,6,0.005,4,0.006
707,Marshtomp,0.00003,22,0.020,19,0.028
708,Sewaddle,0.00003,8,0.007,7,0.010
709,Luxio,0.00003,19,0.017,15,0.022
710,Skitty,0.00002,14,0.013,7,0.010
711,Larvitar,0.00002,8,0.007,7,0.010
712,Metang,0.00002,37,0.033,33,0.048
713,Swablu,0.00002,2,0.002,2,0.003
714,Lotad,0.00002,8,0.007,7,0.010
715,Frogadier,0.00002,29,0.026,24,0.035
716,Ducklett,0.00002,8,0.007,6,0.009
717,Elgyem,0.00002,8,0.007,3,0.004
718,Larvesta,0.00002,3,0.003,3,0.004
719,Scatterbug,0.00002,2,0.002,2,0.003
720,Darumaka,0.00002,4,0.004,1,0.001
721,Wormadam,0.00001,20,0.018,12,0.017
722,Prinplup,0.00001,3,0.003,3,0.004
723,Joltik,0.00001,4,0.004,3,0.004
724,Sandile,0.00001,1,0.001,1,0.001
725,Pancham,0.00001,6,0.005,5,0.007
726,Fraxure,0.00001,25,0.023,15,0.022
727,Klink,0.00001,1,0.001,1,0.001
728,Palpitoad,0.00001,5,0.005,5,0.007
729,Chingling,0.00001,4,0.004,1,0.001
730,Electrike,0.00001,4,0.004,3,0.004
731,Kakuna,0.00001,7,0.006,3,0.004
732,NidoranM,0.00001,4,0.004,2,0.003
733,Helioptile,0.00000,2,0.002,2,0.003
734,Poochyena,0.00000,26,0.024,19,0.028
735,Chinchou,0.00000,26,0.024,14,0.020
736,Feebas,0.00000,11,0.010,4,0.006
737,Goldeen,0.00000,4,0.004,2,0.003
738,Gloom,0.00000,18,0.016,14,0.020
739,Beldum,0.00000,4,0.004,4,0.006
740,Swadloon,0.00000,40,0.036,35,0.051
741,Anorith,0.00000,1,0.001,1,0.001
742,Seadra,0.00000,11,0.010,10,0.014
743,Skiploom,0.00000,1,0.001,1,0.001
744,Whirlipede,0.00000,5,0.005,4,0.006
745,Bronzor,0.00000,1,0.001,1,0.001
746,Combee,0.00000,5,0.005,3,0.004
747,Croagunk,0.00000,4,0.004,4,0.006
748,Lillipup,0.00000,4,0.004,4,0.006
749,Horsea,0.00000,1,0.001,1,0.001
750,Cacnea,0.00000,20,0.018,13,0.019
751,Deerling,0.00000,6,0.005,4,0.006
752,Phanpy,0.00000,8,0.007,3,0.004
753,Tyrogue,0.00000,4,0.004,4,0.006
754,Shellos,0.00000,1,0.001,0,0.000
755,Smoochum,0.00000,11,0.010,9,0.013
756,Igglybuff,0.00000,6,0.005,6,0.009
757,Stunky,0.00000,5,0.005,4,0.006
758,Glameow,0.00000,13,0.012,7,0.010
759,Magby,0.00000,3,0.003,2,0.003
760,Ferroseed,0.00000,3,0.003,2,0.003
761,Grimer,0.00000,5,0.005,3,0.004
762,Mantyke,0.00000,1,0.001,0,0.000
763,Finneon,0.00000,10,0.009,9,0.013
764,Makuhita,0.00000,2,0.002,1,0.001
765,Exeggcute,0.00000,9,0.008,6,0.009
766,Pumpkaboo-Super,0.00000,7,0.006,7,0.010
767,Drilbur,0.00000,1,0.001,0,0.000
768,Sandshrew,0.00000,10,0.009,6,0.009
769,Bellsprout,0.00000,3,0.003,2,0.003
770,Phantump,0.00000,3,0.003,2,0.003
771,Foongus,0.00000,3,0.003,1,0.001
772,Sentret,0.00000,4,0.004,4,0.006
773,Skrelp,0.00000,1,0.001,1,0.001
774,Ekans,0.00000,7,0.006,5,0.007
775,Nidorina,0.00000,8,0.007,2,0.003
776,Carvanha,0.00000,2,0.002,2,0.003
777,Seedot,0.00000,5,0.005,2,0.003
778,Duosion,0.00000,7,0.006,7,0.010
779,Swirlix,0.00000,6,0.005,1,0.001
780,Rufflet,0.00000,7,0.006,7,0.010
781,Pansear,0.00000,2,0.002,2,0.003
782,Doduo,0.00000,7,0.006,4,0.006
783,Deino,0.00000,1,0.001,1,0.001
784,Snorunt,0.00000,3,0.003,3,0.004
785,Numel,0.00000,11,0.010,7,0.010
786,Pumpkaboo-Large,0.00000,2,0.002,2,0.003
787,Paras,0.00000,2,0.002,0,0.000
788,Slowpoke,0.00000,2,0.002,2,0.003
789,Barboach,0.00000,1,0.001,1,0.001
790,Spearow,0.00000,1,0.001,1,0.001
791,Amaura,0.00000,8,0.007,5,0.007
792,Spoink,0.00000,2,0.002,2,0.003
793,Clauncher,0.00000,1,0.001,0,0.000
794,Panpour,0.00000,1,0.001,0,0.000
795,Pumpkaboo-Small,0.00000,4,0.004,3,0.004
796,Trapinch,0.00000,3,0.003,3,0.004
797,Petilil,0.00000,1,0.001,0,0.000
798,Burmy,0.00000,1,0.001,0,0.000
799,Growlithe,0.00000,9,0.008,7,0.010
800,Tentacool,0.00000,5,0.005,4,0.006
801,Litleo,0.00000,5,0.005,5,0.007
802,Zweilous,0.00000,1,0.001,0,0.000
803,Herdier,0.00000,7,0.006,7,0.010
804,Patrat,0.00000,1,0.001,1,0.001
805,Nuzleaf,0.00000,1,0.001,1,0.001
