 Total battles: 287
 Avg. weight/team: 0.701
Rank,Pokemon,Usage percentage,Raw,Raw percentage,Real,Real percentage
1,Talonflame,25.09278,130,18.786,48,20.513
2,Garchomp,22.80384,113,16.329,30,12.821
3,Aegislash,20.40238,109,15.751,29,12.393
4,Greninja,19.31387,130,18.786,59,25.214
5,Venusaur-Mega,18.55241,98,14.162,34,14.530
6,Lapras,14.32318,62,8.960,27,11.538
7,Raikou,13.44769,56,8.092,9,3.846
8,Gengar-Mega,13.10036,77,11.127,28,11.966
9,Charizard-Mega-X,12.37490,107,15.462,55,23.504
10,Kangaskhan-Mega,10.60730,50,7.225,35,14.957
11,Dragonite,10.19344,66,9.538,18,7.692
12,Breloom,8.88554,61,8.815,20,8.547
13,Heatran,7.48264,37,5.347,5,2.137
14,Gengar,7.14958,46,6.647,10,4.274
15,Hydreigon,6.99626,40,5.780,18,7.692
16,Charizard-Mega-Y,6.83589,48,6.936,33,14.103
17,Landorus-Therian,6.23568,31,4.480,16,6.838
18,Lopunny-Mega,6.14375,40,5.780,18,7.692
19,Bisharp,5.77320,46,6.647,13,5.556
20,Gliscor,5.76567,42,6.069,16,6.838
21,Gardevoir-Mega,5.55092,46,6.647,19,8.120
22,Tyranitar,5.53034,28,4.046,6,2.564
23,Amoonguss,5.03241,32,4.624,13,5.556
24,Rotom-Wash,4.97341,30,4.335,8,3.419
25,Cresselia,4.88417,23,3.324,13,5.556
26,Blaziken,4.75658,31,4.480,9,3.846
27,Weavile,4.51116,32,4.624,11,4.701
28,Lucario-Mega,4.50387,33,4.769,15,6.410
29,Garchomp-Mega,4.20568,44,6.358,14,5.983
30,Sceptile-Mega,4.12287,40,5.780,18,7.692
31,Mamoswine,4.00087,22,3.179,7,2.991
32,Serperior,3.92962,32,4.624,9,3.846
33,Azumarill,3.86526,31,4.480,12,5.128
34,Suicune,3.84894,19,2.746,6,2.564
35,Crobat,3.76269,24,3.468,10,4.274
36,Excadrill,3.70756,24,3.468,7,2.991
37,Crawdaunt,3.67367,20,2.890,5,2.137
38,Sylveon,3.66331,23,3.324,9,3.846
39,Gyarados-Mega,3.63362,28,4.046,8,3.419
40,Sableye-Mega,3.53789,21,3.035,9,3.846
41,Gallade-Mega,3.41637,32,4.624,16,6.838
42,Goodra,3.38077,23,3.324,6,2.564
43,Donphan,3.36347,17,2.457,3,1.282
44,Nidoking,3.35917,19,2.746,6,2.564
45,Houndoom-Mega,3.29686,18,2.601,4,1.709
46,Mawile-Mega,3.29137,24,3.468,13,5.556
47,Whimsicott,3.24184,17,2.457,11,4.701
48,Politoed,3.16320,24,3.468,12,5.128
49,Clefable,3.13352,19,2.746,4,1.709
50,Scizor,3.07250,30,4.335,2,0.855
51,Gardevoir,2.95346,18,2.601,5,2.137
52,Mandibuzz,2.94570,18,2.601,7,2.991
53,Salamence,2.93778,23,3.324,5,2.137
54,Metagross-Mega,2.88293,22,3.179,10,4.274
55,Darmanitan,2.85831,14,2.023,6,2.564
56,Magnezone,2.83198,25,3.613,5,2.137
57,Alakazam-Mega,2.80525,24,3.468,7,2.991
58,Arcanine,2.77612,25,3.613,4,1.709
59,Starmie,2.76391,17,2.457,4,1.709
60,Ferrothorn,2.74550,22,3.179,11,4.701
61,Blastoise-Mega,2.65591,28,4.046,11,4.701
62,Porygon2,2.60579,16,2.312,6,2.564
63,Thundurus,2.57303,13,1.879,3,1.282
64,Salamence-Mega,2.51979,21,3.035,7,2.991
65,Blaziken-Mega,2.48743,21,3.035,10,4.274
66,Hawlucha,2.48729,17,2.457,8,3.419
67,Chansey,2.43277,19,2.746,4,1.709
68,Volcarona,2.38338,15,2.168,1,0.427
69,Tyranitar-Mega,2.34062,20,2.890,8,3.419
70,Manectric-Mega,2.32646,18,2.601,7,2.991
71,Togekiss,2.30085,16,2.312,7,2.991
72,Poliwrath,2.26184,16,2.312,6,2.564
73,Zapdos,2.24052,17,2.457,7,2.991
74,Pikachu,2.23045,21,3.035,9,3.846
75,Swampert-Mega,2.14678,17,2.457,9,3.846
76,Noivern,2.13788,17,2.457,8,3.419
77,Chandelure,2.13223,13,1.879,2,0.855
78,Charizard,2.11520,17,2.457,10,4.274
79,Rhydon,2.07998,11,1.590,5,2.137
80,Pidgeot-Mega,2.02657,14,2.023,3,1.282
81,Slurpuff,1.99503,14,2.023,4,1.709
82,Gastrodon,1.94640,12,1.734,4,1.709
83,Medicham-Mega,1.94458,12,1.734,6,2.564
84,Scizor-Mega,1.90177,20,2.890,3,1.282
85,Heracross-Mega,1.89884,16,2.312,6,2.564
86,Snorlax,1.85822,16,2.312,5,2.137
87,Cloyster,1.82779,14,2.023,5,2.137
88,Espeon,1.81074,15,2.168,3,1.282
89,Aggron-Mega,1.80835,12,1.734,3,1.282
90,Alakazam,1.79582,14,2.023,5,2.137
91,Altaria-Mega,1.79504,12,1.734,3,1.282
92,Latios-Mega,1.77170,16,2.312,9,3.846
93,Clawitzer,1.75974,11,1.590,4,1.709
94,Kingdra,1.75822,20,2.890,5,2.137
95,Ninjask,1.66983,23,3.324,10,4.274
96,Scolipede,1.65286,11,1.590,5,2.137
97,Abomasnow-Mega,1.58248,11,1.590,3,1.282
98,Swanna,1.56330,9,1.301,3,1.282
99,Magmortar,1.53154,11,1.590,3,1.282
100,Milotic,1.50975,12,1.734,1,0.427
101,Metagross,1.50482,12,1.734,3,1.282
102,Raichu,1.49657,11,1.590,2,0.855
103,Manectric,1.47416,8,1.156,2,0.855
104,Skarmory,1.45120,9,1.301,3,1.282
105,Pinsir-Mega,1.39668,7,1.012,0,0.000
106,Galvantula,1.39051,9,1.301,1,0.427
107,Cinccino,1.32427,9,1.301,5,2.137
108,Jolteon,1.31699,11,1.590,5,2.137
109,Latios,1.29947,10,1.445,5,2.137
110,Aerodactyl-Mega,1.24019,7,1.012,4,1.709
111,Infernape,1.23718,12,1.734,6,2.564
112,Umbreon,1.21722,9,1.301,2,0.855
113,Hitmontop,1.20292,7,1.012,0,0.000
114,Sceptile,1.20109,14,2.023,6,2.564
115,Rampardos,1.18507,9,1.301,1,0.427
116,Thundurus-Therian,1.16299,8,1.156,4,1.709
117,Ditto,1.11914,6,0.867,1,0.427
118,Roserade,1.11734,8,1.156,2,0.855
119,Banette-Mega,1.09643,11,1.590,5,2.137
120,Tauros,1.08997,6,0.867,2,0.855
121,Drapion,1.08947,6,0.867,2,0.855
122,Ampharos-Mega,1.05655,14,2.023,8,3.419
123,Electivire,1.05492,9,1.301,2,0.855
124,Hippowdon,1.05309,6,0.867,1,0.427
125,Slaking,1.03431,8,1.156,4,1.709
126,Mienshao,1.02901,6,0.867,3,1.282
127,Smeargle,1.02645,8,1.156,4,1.709
128,Entei,1.01023,8,1.156,1,0.427
129,Mr. Mime,1.00519,6,0.867,1,0.427
130,Flygon,1.00285,14,2.023,0,0.000
131,Slowbro-Mega,0.95755,7,1.012,1,0.427
132,Articuno,0.91841,9,1.301,6,2.564
133,Blastoise,0.91557,10,1.445,1,0.427
134,Bibarel,0.91182,6,0.867,2,0.855
135,Castform,0.91182,6,0.867,1,0.427
136,Kricketune,0.91182,6,0.867,4,1.709
137,Krookodile,0.90444,8,1.156,3,1.282
138,Bronzong,0.90011,5,0.723,1,0.427
139,Staraptor,0.88911,7,1.012,2,0.855
140,Absol-Mega,0.88645,7,1.012,3,1.282
141,Chesnaught,0.88357,12,1.734,2,0.855
142,Delphox,0.88166,7,1.012,3,1.282
143,Dusclops,0.87623,6,0.867,4,1.709
144,Zoroark,0.87140,12,1.734,5,2.137
145,Vivillon,0.85891,6,0.867,2,0.855
146,Ludicolo,0.85673,5,0.723,1,0.427
147,Dragalge,0.84929,5,0.723,2,0.855
148,Feraligatr,0.83030,5,0.723,2,0.855
149,Luxray,0.80842,8,1.156,1,0.427
150,Meowstic,0.80249,6,0.867,3,1.282
151,Vaporeon,0.78493,5,0.723,1,0.427
152,Jellicent,0.77368,6,0.867,2,0.855
153,Swoobat,0.76390,4,0.578,1,0.427
154,Ambipom,0.74336,6,0.867,3,1.282
155,Weezing,0.73953,6,0.867,3,1.282
156,Haxorus,0.73478,6,0.867,4,1.709
157,Machamp,0.73069,6,0.867,3,1.282
158,Heliolisk,0.72841,9,1.301,2,0.855
159,Conkeldurr,0.72438,6,0.867,4,1.709
160,Malamar,0.72390,6,0.867,3,1.282
161,Eelektross,0.67538,5,0.723,1,0.427
162,Glalie,0.65941,4,0.578,1,0.427
163,Scrafty,0.65745,6,0.867,2,0.855
164,Beedrill-Mega,0.62042,6,0.867,3,1.282
165,Shuckle,0.61807,5,0.723,1,0.427
166,Porygon-Z,0.59401,5,0.723,1,0.427
167,Cradily,0.58774,5,0.723,2,0.855
168,Azelf,0.58721,9,1.301,3,1.282
169,Venusaur,0.58236,5,0.723,2,0.855
170,Gallade,0.55204,5,0.723,1,0.427
171,Eevee,0.54794,6,0.867,2,0.855
172,Slowbro,0.54385,4,0.578,2,0.855
173,Samurott,0.52639,4,0.578,1,0.427
174,Gyarados,0.52543,5,0.723,2,0.855
175,Dugtrio,0.52449,6,0.867,4,1.709
176,Durant,0.52379,5,0.723,4,1.709
177,Golurk,0.52009,4,0.578,1,0.427
178,Terrakion,0.51501,4,0.578,1,0.427
179,Diggersby,0.50857,3,0.434,1,0.427
180,Aggron,0.50103,5,0.723,2,0.855
181,Steelix,0.48463,5,0.723,1,0.427
182,Swampert,0.48399,4,0.578,3,1.282
183,Torterra,0.48321,5,0.723,3,1.282
184,Camerupt-Mega,0.47697,3,0.434,1,0.427
185,Noctowl,0.47468,4,0.578,1,0.427
186,Exeggutor,0.47329,3,0.434,1,0.427
187,Wobbuffet,0.46946,4,0.578,1,0.427
188,Aron,0.44624,2,0.289,0,0.000
189,Lucario,0.43346,4,0.578,1,0.427
190,Swellow,0.42752,7,1.012,3,1.282
191,Drifblim,0.42011,5,0.723,4,1.709
192,Armaldo,0.41763,4,0.578,0,0.000
193,Stoutland,0.41473,3,0.434,2,0.855
194,Heracross,0.41460,4,0.578,3,1.282
195,Magmar,0.41443,3,0.434,1,0.427
196,Klefki,0.40471,3,0.434,1,0.427
197,Pidgeot,0.40106,6,0.867,2,0.855
198,Electrode,0.38683,2,0.289,0,0.000
199,Audino-Mega,0.38073,5,0.723,3,1.282
200,Honchkrow,0.37267,3,0.434,2,0.855
201,Carracosta,0.37119,4,0.578,2,0.855
202,Doublade,0.36634,3,0.434,1,0.427
203,Trevenant,0.35077,5,0.723,1,0.427
204,Empoleon,0.34763,4,0.578,2,0.855
205,Hitmonlee,0.32913,5,0.723,1,0.427
206,Ariados,0.32072,3,0.434,1,0.427
207,Seismitoad,0.32003,3,0.434,0,0.000
208,Pangoro,0.31755,3,0.434,1,0.427
209,Togetic,0.31227,2,0.289,0,0.000
210,Gothitelle,0.31070,2,0.289,1,0.427
211,Reuniclus,0.30897,5,0.723,0,0.000
212,Rapidash,0.30897,5,0.723,4,1.709
213,Haunter,0.30714,5,0.723,1,0.427
214,Squirtle,0.30090,2,0.289,0,0.000
215,Typhlosion,0.29677,2,0.289,0,0.000
216,Bastiodon,0.29092,3,0.434,0,0.000
217,Froslass,0.28897,3,0.434,1,0.427
218,Tornadus-Therian,0.28881,3,0.434,0,0.000
219,Chatot,0.28585,2,0.289,1,0.427
220,Toxicroak,0.28266,3,0.434,1,0.427
221,Florges,0.28265,2,0.289,2,0.855
222,Gourgeist-Super,0.28042,2,0.289,1,0.427
223,Leavanny,0.26954,4,0.578,2,0.855
224,Zangoose,0.26917,2,0.289,1,0.427
225,Kabutops,0.26909,2,0.289,0,0.000
226,Blissey,0.26519,5,0.723,3,1.282
227,Forretress,0.26014,3,0.434,1,0.427
228,Solrock,0.25727,5,0.723,2,0.855
229,Exploud,0.25293,2,0.289,0,0.000
230,Aerodactyl,0.25201,2,0.289,2,0.855
231,Sableye,0.25062,2,0.289,2,0.855
232,Sharpedo-Mega,0.24875,3,0.434,2,0.855
233,Arbok,0.24858,2,0.289,1,0.427
234,Quagsire,0.24858,2,0.289,0,0.000
235,Dewgong,0.24825,3,0.434,0,0.000
236,Magikarp,0.23716,3,0.434,2,0.855
237,Kingler,0.23595,2,0.289,1,0.427
238,Slowking,0.23294,2,0.289,1,0.427
239,Altaria,0.22661,2,0.289,2,0.855
240,Torkoal,0.22339,5,0.723,0,0.000
241,Nosepass,0.21717,1,0.145,0,0.000
242,Ivysaur,0.21618,4,0.578,1,0.427
243,Zebstrika,0.19654,2,0.289,1,0.427
244,Liepard,0.19653,1,0.145,1,0.427
245,Simisear,0.19653,1,0.145,0,0.000
246,Simipour,0.19653,1,0.145,0,0.000
247,Simisage,0.19653,1,0.145,0,0.000
248,Ninetales,0.19243,1,0.145,0,0.000
249,Jumpluff,0.18793,2,0.289,1,0.427
250,Lilligant,0.18576,2,0.289,1,0.427
251,Butterfree,0.18488,2,0.289,1,0.427
252,Ampharos,0.18488,2,0.289,1,0.427
253,Vileplume,0.18072,2,0.289,0,0.000
254,Tyrantrum,0.17591,2,0.289,1,0.427
255,Abomasnow,0.17553,2,0.289,1,0.427
256,Avalugg,0.16276,1,0.145,0,0.000
257,Leafeon,0.16115,1,0.145,0,0.000
258,Flareon,0.16115,1,0.145,1,0.427
259,Rhyperior,0.16027,2,0.289,0,0.000
260,Crustle,0.16027,2,0.289,0,0.000
261,Sigilyph,0.15737,2,0.289,2,0.855
262,Primeape,0.15614,1,0.145,0,0.000
263,Glaceon,0.15614,1,0.145,0,0.000
264,Skuntank,0.15614,1,0.145,0,0.000
265,Klinklang,0.15614,1,0.145,0,0.000
266,Alomomola,0.15614,1,0.145,0,0.000
267,Braviary,0.15614,1,0.145,0,0.000
268,Bidoof,0.15614,1,0.145,1,0.427
269,Meganium,0.15614,1,0.145,0,0.000
270,Sandslash,0.15614,1,0.145,1,0.427
271,Diglett,0.15456,1,0.145,1,0.427
272,Venomoth,0.15064,2,0.289,0,0.000
273,Gligar,0.14651,1,0.145,0,0.000
274,Latias,0.14526,2,0.289,1,0.427
275,Gogoat,0.14526,1,0.145,1,0.427
276,Delcatty,0.13543,1,0.145,1,0.427
277,Furret,0.13543,1,0.145,0,0.000
278,Hitmonchan,0.13311,2,0.289,0,0.000
279,Seaking,0.12429,1,0.145,0,0.000
280,Vanilluxe,0.12316,1,0.145,0,0.000
281,Corphish,0.11855,2,0.289,0,0.000
282,Swadloon,0.11353,1,0.145,0,0.000
283,Marowak,0.11353,1,0.145,0,0.000
284,Pyroar,0.11353,1,0.145,1,0.427
285,Floette,0.11353,1,0.145,0,0.000
286,Houndoom,0.11353,1,0.145,0,0.000
287,Archeops,0.11349,1,0.145,1,0.427
288,Tangrowth,0.11314,1,0.145,1,0.427
289,Latias-Mega,0.11295,1,0.145,0,0.000
290,Druddigon,0.11261,1,0.145,0,0.000
291,NidoranM,0.11261,1,0.145,1,0.427
292,Bulbasaur,0.11261,1,0.145,0,0.000
293,Pumpkaboo-Super,0.10445,1,0.145,0,0.000
294,Aurorus,0.10121,1,0.145,1,0.427
295,Nidoqueen,0.09680,1,0.145,0,0.000
296,Dragonair,0.09637,1,0.145,0,0.000
297,Poliwhirl,0.09637,1,0.145,0,0.000
298,Kadabra,0.09554,1,0.145,0,0.000
299,Medicham,0.09512,1,0.145,0,0.000
300,Kecleon,0.09439,1,0.145,1,0.427
301,Rotom-Heat,0.09384,1,0.145,1,0.427
302,Hariyama,0.09307,1,0.145,1,0.427
303,Granbull,0.09266,1,0.145,1,0.427
304,Spiritomb,0.09244,1,0.145,0,0.000
305,Froakie,0.09244,1,0.145,1,0.427
306,Beedrill,0.09244,1,0.145,0,0.000
307,Croconaw,0.09244,1,0.145,1,0.427
308,Lanturn,0.09244,1,0.145,1,0.427
309,Scyther,0.09244,1,0.145,1,0.427
310,Dedenne,0.09244,1,0.145,0,0.000
311,Carbink,0.09244,1,0.145,1,0.427
312,Frogadier,0.09244,1,0.145,0,0.000
313,Audino,0.09244,1,0.145,0,0.000
314,Aromatisse,0.09244,1,0.145,0,0.000
315,Shedinja,0.09244,1,0.145,0,0.000
316,Tornadus,0.09244,1,0.145,1,0.427
317,Gourgeist,0.09244,1,0.145,0,0.000
318,Moltres,0.09244,1,0.145,0,0.000
319,Xatu,0.09244,1,0.145,1,0.427
320,Snivy,0.09244,1,0.145,1,0.427
321,Cobalion,0.09244,1,0.145,0,0.000
322,Cleffa,0.09244,1,0.145,1,0.427
323,Unfezant,0.08913,1,0.145,0,0.000
324,Virizion,0.08805,1,0.145,0,0.000
325,Golem,0.08656,1,0.145,0,0.000
326,Dunsparce,0.08539,1,0.145,1,0.427
327,Rotom-Mow,0.08309,1,0.145,0,0.000
328,Sawk,0.08203,1,0.145,0,0.000
329,Absol,0.06641,1,0.145,0,0.000
330,Cacturne,0.06124,1,0.145,0,0.000
331,Mismagius,0.06124,1,0.145,0,0.000
332,Grumpig,0.05534,2,0.289,0,0.000
333,Steelix-Mega,0.05243,1,0.145,0,0.000
334,Glalie-Mega,0.04870,1,0.145,1,0.427
335,Rattata,0.02907,1,0.145,0,0.000
336,Wigglytuff,0.02016,1,0.145,1,0.427
337,Magneton,0.02016,1,0.145,1,0.427
338,Pinsir,0.00252,1,0.145,0,0.000
339,Yanmega,0.00252,1,0.145,0,0.000
