 Total battles: 287
 Avg. weight/team: 1.206
Rank,Pokemon,Usage percentage,Raw,Raw percentage,Real,Real percentage
1,Greninja,18.78613,130,18.786,59,25.214
2,Talonflame,18.78613,130,18.786,48,20.513
3,Garchomp,16.32948,113,16.329,30,12.821
4,Aegislash,15.75145,109,15.751,29,12.393
5,Charizard-Mega-X,15.46243,107,15.462,55,23.504
6,Venusaur-Mega,14.16185,98,14.162,34,14.530
7,Gengar-Mega,11.12717,77,11.127,28,11.966
8,Dragonite,9.53757,66,9.538,18,7.692
9,Lapras,8.95954,62,8.960,27,11.538
10,Breloom,8.81503,61,8.815,20,8.547
11,Raikou,8.09249,56,8.092,9,3.846
12,Kangaskhan-Mega,7.22543,50,7.225,35,14.957
13,Charizard-Mega-Y,6.93642,48,6.936,33,14.103
14,Gardevoir-Mega,6.64740,46,6.647,19,8.120
15,Bisharp,6.64740,46,6.647,13,5.556
16,Gengar,6.64740,46,6.647,10,4.274
17,Garchomp-Mega,6.35838,44,6.358,14,5.983
18,Gliscor,6.06936,42,6.069,16,6.838
19,Sceptile-Mega,5.78035,40,5.780,18,7.692
20,Hydreigon,5.78035,40,5.780,18,7.692
21,Lopunny-Mega,5.78035,40,5.780,18,7.692
22,Heatran,5.34682,37,5.347,5,2.137
23,Lucario-Mega,4.76879,33,4.769,15,6.410
24,Gallade-Mega,4.62428,32,4.624,16,6.838
25,Serperior,4.62428,32,4.624,9,3.846
26,Amoonguss,4.62428,32,4.624,13,5.556
27,Weavile,4.62428,32,4.624,11,4.701
28,Blaziken,4.47977,31,4.480,9,3.846
29,Landorus-Therian,4.47977,31,4.480,16,6.838
30,Azumarill,4.47977,31,4.480,12,5.128
31,Scizor,4.33526,30,4.335,2,0.855
32,Rotom-Wash,4.33526,30,4.335,8,3.419
33,Blastoise-Mega,4.04624,28,4.046,11,4.701
34,Tyranitar,4.04624,28,4.046,6,2.564
35,Gyarados-Mega,4.04624,28,4.046,8,3.419
36,Arcanine,3.61272,25,3.613,4,1.709
37,Magnezone,3.61272,25,3.613,5,2.137
38,Alakazam-Mega,3.46821,24,3.468,7,2.991
39,Mawile-Mega,3.46821,24,3.468,13,5.556
40,Crobat,3.46821,24,3.468,10,4.274
41,Politoed,3.46821,24,3.468,12,5.128
42,Excadrill,3.46821,24,3.468,7,2.991
43,Cresselia,3.32370,23,3.324,13,5.556
44,Salamence,3.32370,23,3.324,5,2.137
45,Goodra,3.32370,23,3.324,6,2.564
46,Ninjask,3.32370,23,3.324,10,4.274
47,Sylveon,3.32370,23,3.324,9,3.846
48,Ferrothorn,3.17919,22,3.179,11,4.701
49,Mamoswine,3.17919,22,3.179,7,2.991
50,Metagross-Mega,3.17919,22,3.179,10,4.274
51,Blaziken-Mega,3.03468,21,3.035,10,4.274
52,Sableye-Mega,3.03468,21,3.035,9,3.846
53,Salamence-Mega,3.03468,21,3.035,7,2.991
54,Pikachu,3.03468,21,3.035,9,3.846
55,Tyranitar-Mega,2.89017,20,2.890,8,3.419
56,Crawdaunt,2.89017,20,2.890,5,2.137
57,Scizor-Mega,2.89017,20,2.890,3,1.282
58,Kingdra,2.89017,20,2.890,5,2.137
59,Nidoking,2.74566,19,2.746,6,2.564
60,Chansey,2.74566,19,2.746,4,1.709
61,Clefable,2.74566,19,2.746,4,1.709
62,Suicune,2.74566,19,2.746,6,2.564
63,Mandibuzz,2.60116,18,2.601,7,2.991
64,Manectric-Mega,2.60116,18,2.601,7,2.991
65,Gardevoir,2.60116,18,2.601,5,2.137
66,Houndoom-Mega,2.60116,18,2.601,4,1.709
67,Starmie,2.45665,17,2.457,4,1.709
68,Noivern,2.45665,17,2.457,8,3.419
69,Donphan,2.45665,17,2.457,3,1.282
70,Hawlucha,2.45665,17,2.457,8,3.419
71,Whimsicott,2.45665,17,2.457,11,4.701
72,Swampert-Mega,2.45665,17,2.457,9,3.846
73,Charizard,2.45665,17,2.457,10,4.274
74,Zapdos,2.45665,17,2.457,7,2.991
75,Snorlax,2.31214,16,2.312,5,2.137
76,Poliwrath,2.31214,16,2.312,6,2.564
77,Togekiss,2.31214,16,2.312,7,2.991
78,Porygon2,2.31214,16,2.312,6,2.564
79,Heracross-Mega,2.31214,16,2.312,6,2.564
80,Latios-Mega,2.31214,16,2.312,9,3.846
81,Volcarona,2.16763,15,2.168,1,0.427
82,Espeon,2.16763,15,2.168,3,1.282
83,Slurpuff,2.02312,14,2.023,4,1.709
84,Sceptile,2.02312,14,2.023,6,2.564
85,Pidgeot-Mega,2.02312,14,2.023,3,1.282
86,Cloyster,2.02312,14,2.023,5,2.137
87,Alakazam,2.02312,14,2.023,5,2.137
88,Darmanitan,2.02312,14,2.023,6,2.564
89,Ampharos-Mega,2.02312,14,2.023,8,3.419
90,Flygon,2.02312,14,2.023,0,0.000
91,Chandelure,1.87861,13,1.879,2,0.855
92,Thundurus,1.87861,13,1.879,3,1.282
93,Altaria-Mega,1.73410,12,1.734,3,1.282
94,Aggron-Mega,1.73410,12,1.734,3,1.282
95,Milotic,1.73410,12,1.734,1,0.427
96,Infernape,1.73410,12,1.734,6,2.564
97,Metagross,1.73410,12,1.734,3,1.282
98,Medicham-Mega,1.73410,12,1.734,6,2.564
99,Chesnaught,1.73410,12,1.734,2,0.855
100,Gastrodon,1.73410,12,1.734,4,1.709
101,Zoroark,1.73410,12,1.734,5,2.137
102,Rhydon,1.58960,11,1.590,5,2.137
103,Scolipede,1.58960,11,1.590,5,2.137
104,Jolteon,1.58960,11,1.590,5,2.137
105,Raichu,1.58960,11,1.590,2,0.855
106,Banette-Mega,1.58960,11,1.590,5,2.137
107,Abomasnow-Mega,1.58960,11,1.590,3,1.282
108,Clawitzer,1.58960,11,1.590,4,1.709
109,Magmortar,1.58960,11,1.590,3,1.282
110,Latios,1.44509,10,1.445,5,2.137
111,Blastoise,1.44509,10,1.445,1,0.427
112,Rampardos,1.30058,9,1.301,1,0.427
113,Cinccino,1.30058,9,1.301,5,2.137
114,Heliolisk,1.30058,9,1.301,2,0.855
115,Azelf,1.30058,9,1.301,3,1.282
116,Swanna,1.30058,9,1.301,3,1.282
117,Electivire,1.30058,9,1.301,2,0.855
118,Articuno,1.30058,9,1.301,6,2.564
119,Umbreon,1.30058,9,1.301,2,0.855
120,Galvantula,1.30058,9,1.301,1,0.427
121,Skarmory,1.30058,9,1.301,3,1.282
122,Roserade,1.15607,8,1.156,2,0.855
123,Krookodile,1.15607,8,1.156,3,1.282
124,Slaking,1.15607,8,1.156,4,1.709
125,Smeargle,1.15607,8,1.156,4,1.709
126,Manectric,1.15607,8,1.156,2,0.855
127,Thundurus-Therian,1.15607,8,1.156,4,1.709
128,Luxray,1.15607,8,1.156,1,0.427
129,Entei,1.15607,8,1.156,1,0.427
130,Swellow,1.01156,7,1.012,3,1.282
131,Staraptor,1.01156,7,1.012,2,0.855
132,Pinsir-Mega,1.01156,7,1.012,0,0.000
133,Delphox,1.01156,7,1.012,3,1.282
134,Slowbro-Mega,1.01156,7,1.012,1,0.427
135,Aerodactyl-Mega,1.01156,7,1.012,4,1.709
136,Absol-Mega,1.01156,7,1.012,3,1.282
137,Hitmontop,1.01156,7,1.012,0,0.000
138,Weezing,0.86705,6,0.867,3,1.282
139,Eevee,0.86705,6,0.867,2,0.855
140,Ambipom,0.86705,6,0.867,3,1.282
141,Machamp,0.86705,6,0.867,3,1.282
142,Vivillon,0.86705,6,0.867,2,0.855
143,Scrafty,0.86705,6,0.867,2,0.855
144,Meowstic,0.86705,6,0.867,3,1.282
145,Tauros,0.86705,6,0.867,2,0.855
146,Haxorus,0.86705,6,0.867,4,1.709
147,Hippowdon,0.86705,6,0.867,1,0.427
148,Beedrill-Mega,0.86705,6,0.867,3,1.282
149,Conkeldurr,0.86705,6,0.867,4,1.709
150,Drapion,0.86705,6,0.867,2,0.855
151,Pidgeot,0.86705,6,0.867,2,0.855
152,Bibarel,0.86705,6,0.867,2,0.855
153,Dugtrio,0.86705,6,0.867,4,1.709
154,Castform,0.86705,6,0.867,1,0.427
155,Ditto,0.86705,6,0.867,1,0.427
156,Kricketune,0.86705,6,0.867,4,1.709
157,Jellicent,0.86705,6,0.867,2,0.855
158,Mienshao,0.86705,6,0.867,3,1.282
159,Malamar,0.86705,6,0.867,3,1.282
160,Dusclops,0.86705,6,0.867,4,1.709
161,Mr. Mime,0.86705,6,0.867,1,0.427
162,Porygon-Z,0.72254,5,0.723,1,0.427
163,Bronzong,0.72254,5,0.723,1,0.427
164,Hitmonlee,0.72254,5,0.723,1,0.427
165,Eelektross,0.72254,5,0.723,1,0.427
166,Aggron,0.72254,5,0.723,2,0.855
167,Venusaur,0.72254,5,0.723,2,0.855
168,Durant,0.72254,5,0.723,4,1.709
169,Haunter,0.72254,5,0.723,1,0.427
170,Blissey,0.72254,5,0.723,3,1.282
171,Dragalge,0.72254,5,0.723,2,0.855
172,Feraligatr,0.72254,5,0.723,2,0.855
173,Gyarados,0.72254,5,0.723,2,0.855
174,Vaporeon,0.72254,5,0.723,1,0.427
175,Audino-Mega,0.72254,5,0.723,3,1.282
176,Reuniclus,0.72254,5,0.723,0,0.000
177,Drifblim,0.72254,5,0.723,4,1.709
178,Torkoal,0.72254,5,0.723,0,0.000
179,Cradily,0.72254,5,0.723,2,0.855
180,Rapidash,0.72254,5,0.723,4,1.709
181,Solrock,0.72254,5,0.723,2,0.855
182,Trevenant,0.72254,5,0.723,1,0.427
183,Shuckle,0.72254,5,0.723,1,0.427
184,Ludicolo,0.72254,5,0.723,1,0.427
185,Torterra,0.72254,5,0.723,3,1.282
186,Steelix,0.72254,5,0.723,1,0.427
187,Gallade,0.72254,5,0.723,1,0.427
188,Swoobat,0.57803,4,0.578,1,0.427
189,Lucario,0.57803,4,0.578,1,0.427
190,Noctowl,0.57803,4,0.578,1,0.427
191,Slowbro,0.57803,4,0.578,2,0.855
192,Empoleon,0.57803,4,0.578,2,0.855
193,Wobbuffet,0.57803,4,0.578,1,0.427
194,Heracross,0.57803,4,0.578,3,1.282
195,Terrakion,0.57803,4,0.578,1,0.427
196,Ivysaur,0.57803,4,0.578,1,0.427
197,Samurott,0.57803,4,0.578,1,0.427
198,Golurk,0.57803,4,0.578,1,0.427
199,Carracosta,0.57803,4,0.578,2,0.855
200,Leavanny,0.57803,4,0.578,2,0.855
201,Armaldo,0.57803,4,0.578,0,0.000
202,Glalie,0.57803,4,0.578,1,0.427
203,Swampert,0.57803,4,0.578,3,1.282
204,Stoutland,0.43353,3,0.434,2,0.855
205,Diggersby,0.43353,3,0.434,1,0.427
206,Exeggutor,0.43353,3,0.434,1,0.427
207,Doublade,0.43353,3,0.434,1,0.427
208,Magmar,0.43353,3,0.434,1,0.427
209,Sharpedo-Mega,0.43353,3,0.434,2,0.855
210,Klefki,0.43353,3,0.434,1,0.427
211,Dewgong,0.43353,3,0.434,0,0.000
212,Magikarp,0.43353,3,0.434,2,0.855
213,Seismitoad,0.43353,3,0.434,0,0.000
214,Honchkrow,0.43353,3,0.434,2,0.855
215,Toxicroak,0.43353,3,0.434,1,0.427
216,Camerupt-Mega,0.43353,3,0.434,1,0.427
217,Pangoro,0.43353,3,0.434,1,0.427
218,Bastiodon,0.43353,3,0.434,0,0.000
219,Tornadus-Therian,0.43353,3,0.434,0,0.000
220,Froslass,0.43353,3,0.434,1,0.427
221,Ariados,0.43353,3,0.434,1,0.427
222,Forretress,0.43353,3,0.434,1,0.427
223,Aron,0.28902,2,0.289,0,0.000
224,Butterfree,0.28902,2,0.289,1,0.427
225,Aerodactyl,0.28902,2,0.289,2,0.855
226,Lilligant,0.28902,2,0.289,1,0.427
227,Latias,0.28902,2,0.289,1,0.427
228,Zangoose,0.28902,2,0.289,1,0.427
229,Altaria,0.28902,2,0.289,2,0.855
230,Corphish,0.28902,2,0.289,0,0.000
231,Kingler,0.28902,2,0.289,1,0.427
232,Rhyperior,0.28902,2,0.289,0,0.000
233,Arbok,0.28902,2,0.289,1,0.427
234,Squirtle,0.28902,2,0.289,0,0.000
235,Ampharos,0.28902,2,0.289,1,0.427
236,Gothitelle,0.28902,2,0.289,1,0.427
237,Kabutops,0.28902,2,0.289,0,0.000
238,Exploud,0.28902,2,0.289,0,0.000
239,Quagsire,0.28902,2,0.289,0,0.000
240,Togetic,0.28902,2,0.289,0,0.000
241,Florges,0.28902,2,0.289,2,0.855
242,Tyrantrum,0.28902,2,0.289,1,0.427
243,Slowking,0.28902,2,0.289,1,0.427
244,Venomoth,0.28902,2,0.289,0,0.000
245,Jumpluff,0.28902,2,0.289,1,0.427
246,Sableye,0.28902,2,0.289,2,0.855
247,Typhlosion,0.28902,2,0.289,0,0.000
248,Gourgeist-Super,0.28902,2,0.289,1,0.427
249,Zebstrika,0.28902,2,0.289,1,0.427
250,Grumpig,0.28902,2,0.289,0,0.000
251,Chatot,0.28902,2,0.289,1,0.427
252,Abomasnow,0.28902,2,0.289,1,0.427
253,Crustle,0.28902,2,0.289,0,0.000
254,Sigilyph,0.28902,2,0.289,2,0.855
255,Hitmonchan,0.28902,2,0.289,0,0.000
256,Vileplume,0.28902,2,0.289,0,0.000
257,Electrode,0.28902,2,0.289,0,0.000
258,Spiritomb,0.14451,1,0.145,0,0.000
259,Liepard,0.14451,1,0.145,1,0.427
260,Archeops,0.14451,1,0.145,1,0.427
261,Froakie,0.14451,1,0.145,1,0.427
262,Cacturne,0.14451,1,0.145,0,0.000
263,Ninetales,0.14451,1,0.145,0,0.000
264,Delcatty,0.14451,1,0.145,1,0.427
265,Gligar,0.14451,1,0.145,0,0.000
266,Absol,0.14451,1,0.145,0,0.000
267,Pumpkaboo-Super,0.14451,1,0.145,0,0.000
268,Aurorus,0.14451,1,0.145,1,0.427
269,Nidoqueen,0.14451,1,0.145,0,0.000
270,Swadloon,0.14451,1,0.145,0,0.000
271,Leafeon,0.14451,1,0.145,0,0.000
272,Golem,0.14451,1,0.145,0,0.000
273,Granbull,0.14451,1,0.145,1,0.427
274,Beedrill,0.14451,1,0.145,0,0.000
275,Primeape,0.14451,1,0.145,0,0.000
276,Kecleon,0.14451,1,0.145,1,0.427
277,Glalie-Mega,0.14451,1,0.145,1,0.427
278,Marowak,0.14451,1,0.145,0,0.000
279,Glaceon,0.14451,1,0.145,0,0.000
280,Wigglytuff,0.14451,1,0.145,1,0.427
281,Croconaw,0.14451,1,0.145,1,0.427
282,Druddigon,0.14451,1,0.145,0,0.000
283,Rattata,0.14451,1,0.145,0,0.000
284,Skuntank,0.14451,1,0.145,0,0.000
285,Lanturn,0.14451,1,0.145,1,0.427
286,Nosepass,0.14451,1,0.145,0,0.000
287,Virizion,0.14451,1,0.145,0,0.000
288,NidoranM,0.14451,1,0.145,1,0.427
289,Avalugg,0.14451,1,0.145,0,0.000
290,Scyther,0.14451,1,0.145,1,0.427
291,Dragonair,0.14451,1,0.145,0,0.000
292,Simisear,0.14451,1,0.145,0,0.000
293,Dedenne,0.14451,1,0.145,0,0.000
294,Carbink,0.14451,1,0.145,1,0.427
295,Tangrowth,0.14451,1,0.145,1,0.427
296,Pinsir,0.14451,1,0.145,0,0.000
297,Klinklang,0.14451,1,0.145,0,0.000
298,Latias-Mega,0.14451,1,0.145,0,0.000
299,Hariyama,0.14451,1,0.145,1,0.427
300,Frogadier,0.14451,1,0.145,0,0.000
301,Alomomola,0.14451,1,0.145,0,0.000
302,Rotom-Mow,0.14451,1,0.145,0,0.000
303,Poliwhirl,0.14451,1,0.145,0,0.000
304,Audino,0.14451,1,0.145,0,0.000
305,Aromatisse,0.14451,1,0.145,0,0.000
306,Medicham,0.14451,1,0.145,0,0.000
307,Sawk,0.14451,1,0.145,0,0.000
308,Pyroar,0.14451,1,0.145,1,0.427
309,Braviary,0.14451,1,0.145,0,0.000
310,Bulbasaur,0.14451,1,0.145,0,0.000
311,Unfezant,0.14451,1,0.145,0,0.000
312,Shedinja,0.14451,1,0.145,0,0.000
313,Tornadus,0.14451,1,0.145,1,0.427
314,Gourgeist,0.14451,1,0.145,0,0.000
315,Moltres,0.14451,1,0.145,0,0.000
316,Flareon,0.14451,1,0.145,1,0.427
317,Furret,0.14451,1,0.145,0,0.000
318,Bidoof,0.14451,1,0.145,1,0.427
319,Diglett,0.14451,1,0.145,1,0.427
320,Mismagius,0.14451,1,0.145,0,0.000
321,Kadabra,0.14451,1,0.145,0,0.000
322,Xatu,0.14451,1,0.145,1,0.427
323,Snivy,0.14451,1,0.145,1,0.427
324,Floette,0.14451,1,0.145,0,0.000
325,Seaking,0.14451,1,0.145,0,0.000
326,Yanmega,0.14451,1,0.145,0,0.000
327,Simipour,0.14451,1,0.145,0,0.000
328,Gogoat,0.14451,1,0.145,1,0.427
329,Vanilluxe,0.14451,1,0.145,0,0.000
330,Rotom-Heat,0.14451,1,0.145,1,0.427
331,Cobalion,0.14451,1,0.145,0,0.000
332,Cleffa,0.14451,1,0.145,1,0.427
333,Houndoom,0.14451,1,0.145,0,0.000
334,Dunsparce,0.14451,1,0.145,1,0.427
335,Magneton,0.14451,1,0.145,1,0.427
336,Meganium,0.14451,1,0.145,0,0.000
337,Simisage,0.14451,1,0.145,0,0.000
338,Steelix-Mega,0.14451,1,0.145,0,0.000
339,Sandslash,0.14451,1,0.145,1,0.427
