 Total battles: 27592
 Avg. weight/team: 0.03
Rank,Pokemon,Usage percentage,Raw,Raw percentage,Real,Real percentage
1,Flygon,5.24086,2875,5.210,1924,4.895
2,Latios,4.76744,2872,5.204,1853,4.714
3,Tyranitar,4.63926,2837,5.141,2162,5.500
4,Latias,4.48070,2544,4.610,1622,4.126
5,Ferrothorn,4.45910,2279,4.130,1847,4.699
6,Roselia,4.26266,2160,3.914,1507,3.834
7,Klefki,4.02905,2142,3.882,1713,4.358
8,Cryogonal,3.95478,2389,4.329,1612,4.101
9,Clefairy,3.88787,1940,3.516,1444,3.674
10,Archeops,3.72776,1965,3.561,1456,3.704
11,Rhyperior,3.62398,1677,3.039,1211,3.081
12,Prinplup,3.59785,1920,3.479,1559,3.966
13,Excadrill,3.54990,2027,3.673,1414,3.597
14,Bronzong,3.28059,1794,3.251,1440,3.663
15,Diancie,3.26563,1545,2.800,1155,2.938
16,Hitmontop,3.23199,1476,2.675,998,2.539
17,Blissey,3.22720,1917,3.474,1346,3.424
18,Pawniard,3.20746,1716,3.110,1249,3.177
19,Rotom,3.19236,1536,2.783,1208,3.073
20,Ninetales,3.13097,1410,2.555,1045,2.659
21,Diancie-Mega,3.12321,1650,2.990,1279,3.254
22,Scizor-Mega,3.05244,1831,3.318,1314,3.343
23,Manectric,3.02745,1544,2.798,1102,2.804
24,Camerupt,2.97823,1577,2.858,1228,3.124
25,Mesprit,2.97519,1592,2.885,1215,3.091
26,Grumpig,2.90470,1433,2.597,911,2.318
27,Feraligatr,2.79927,1539,2.789,1062,2.702
28,Swanna,2.77809,1368,2.479,932,2.371
29,Armaldo,2.77370,1390,2.519,1007,2.562
30,Hitmonlee,2.77204,1546,2.802,1075,2.735
31,Blastoise,2.74679,1580,2.863,1125,2.862
32,Aromatisse,2.73536,1445,2.619,971,2.470
33,Dodrio,2.73409,1262,2.287,872,2.218
34,Deoxys-Speed,2.72049,1260,2.283,988,2.514
35,Ho-Oh,2.71413,1475,2.673,1087,2.765
36,Gligar,2.70548,1401,2.539,1050,2.671
37,Hoopa,2.69177,1452,2.631,966,2.458
38,Dialga,2.64403,1524,2.762,1163,2.959
39,Skuntank,2.63279,1381,2.503,956,2.432
40,Poliwrath,2.63025,1389,2.517,990,2.519
41,Misdreavus,2.60171,1492,2.704,1074,2.732
42,Shaymin-Sky,2.57817,1283,2.325,793,2.017
43,Samurott,2.55146,1264,2.291,856,2.178
44,Landorus,2.52053,1223,2.216,873,2.221
45,Tangela,2.51535,1378,2.497,959,2.440
46,Xerneas,2.50445,1314,2.381,862,2.193
47,Skarmory,2.49700,1428,2.588,1085,2.760
48,Piloswine,2.49581,1445,2.619,1146,2.915
49,Genesect,2.46391,1321,2.394,998,2.539
50,Vivillon,2.45504,1234,2.236,858,2.183
51,Basculin,2.45429,1297,2.350,874,2.223
52,Abomasnow,2.44261,1342,2.432,906,2.305
53,Reshiram,2.43829,1146,2.077,750,1.908
54,Hitmonchan,2.42952,1258,2.280,864,2.198
55,Malamar,2.42014,1406,2.548,1044,2.656
56,Mew,2.41924,1339,2.426,910,2.315
57,Aegislash,2.41530,1193,2.162,863,2.196
58,Yveltal,2.40945,1218,2.207,809,2.058
59,Giratina-Origin,2.39920,1148,2.080,743,1.890
60,Tentacruel,2.37939,1072,1.943,854,2.173
61,Claydol,2.35858,1252,2.269,852,2.168
62,Terrakion,2.34346,1193,2.162,860,2.188
63,Pelipper,2.33744,1282,2.323,916,2.330
64,Chatot,2.32869,1268,2.298,853,2.170
65,Empoleon,2.32158,1321,2.394,1021,2.597
66,Heatran,2.28771,1269,2.300,971,2.470
67,Darkrai,2.28370,1272,2.305,911,2.318
68,Sableye-Mega,2.26565,1219,2.209,947,2.409
69,Blaziken,2.25900,1070,1.939,797,2.028
70,Zapdos,2.23384,1151,2.086,850,2.162
71,Vibrava,2.21200,1490,2.700,1039,2.643
72,Donphan,2.20861,1266,2.294,956,2.432
73,Gyarados,2.19962,1229,2.227,899,2.287
74,Registeel,2.19032,1096,1.986,844,2.147
75,Articuno,2.15401,1256,2.276,840,2.137
76,Omastar,2.12446,1260,2.283,942,2.396
77,Rayquaza,2.10760,1068,1.935,681,1.732
78,Avalugg,2.10469,1281,2.321,888,2.259
79,Mantine,2.09443,1184,2.146,856,2.178
80,Cloyster,2.08660,1074,1.946,794,2.020
81,Marowak,2.07351,1154,2.091,861,2.190
82,Togekiss,2.03257,1253,2.271,873,2.221
83,Crawdaunt,2.01721,942,1.707,628,1.598
84,Mandibuzz,1.98928,978,1.772,666,1.694
85,Clefable,1.98037,1137,2.060,863,2.196
86,Greninja,1.97733,1284,2.327,1020,2.595
87,Ferroseed,1.97013,940,1.703,787,2.002
88,Kyurem-White,1.95908,1010,1.830,624,1.587
89,Audino-Mega,1.94915,1303,2.361,857,2.180
90,Palkia,1.92837,1084,1.964,747,1.900
91,Scrafty,1.92078,1328,2.406,928,2.361
92,Deoxys,1.90823,1133,2.053,829,2.109
93,Chansey,1.89984,1199,2.173,843,2.145
94,Forretress,1.89020,1147,2.079,888,2.259
95,Crobat,1.88825,1128,2.044,819,2.084
96,Monferno,1.87101,1038,1.881,810,2.061
97,Smeargle,1.85118,846,1.533,731,1.860
98,Vullaby,1.83368,1125,2.039,754,1.918
99,Druddigon,1.83107,953,1.727,679,1.727
100,Drapion,1.81221,789,1.430,578,1.470
101,Kyurem-Black,1.80930,814,1.475,514,1.308
102,Electrode,1.80566,835,1.513,626,1.593
103,Hippowdon,1.80420,877,1.589,695,1.768
104,Celebi,1.80305,1012,1.834,707,1.799
105,Magneton,1.79860,845,1.531,625,1.590
106,Landorus-Therian,1.79026,961,1.741,752,1.913
107,Mamoswine,1.78983,1341,2.430,1047,2.664
108,Absol,1.78862,787,1.426,534,1.359
109,Golurk,1.78747,849,1.538,631,1.605
110,Raikou,1.77983,876,1.587,634,1.613
111,Garchomp,1.77307,1039,1.883,777,1.977
112,Groudon-Primal,1.74410,1166,2.113,940,2.391
113,Azelf,1.74366,843,1.528,644,1.638
114,Azumarill,1.68946,931,1.687,666,1.694
115,Escavalier,1.68201,864,1.566,617,1.570
116,Torterra,1.65595,940,1.703,675,1.717
117,Deoxys-Defense,1.63932,772,1.399,585,1.488
118,Krookodile,1.63821,844,1.529,611,1.554
119,Gengar,1.63660,790,1.432,552,1.404
120,Relicanth,1.62820,909,1.647,681,1.732
121,Barbaracle,1.61603,679,1.230,460,1.170
122,Swampert,1.59973,834,1.511,675,1.717
123,Probopass,1.59113,772,1.399,618,1.572
124,Giratina,1.58763,891,1.615,572,1.455
125,Arbok,1.58364,829,1.502,583,1.483
126,Rhydon,1.58276,892,1.616,679,1.727
127,Slowking,1.58178,720,1.305,519,1.320
128,Zekrom,1.57553,1047,1.897,659,1.677
129,Jellicent,1.57387,744,1.348,543,1.381
130,Seismitoad,1.54635,831,1.506,673,1.712
131,Meloetta,1.54198,820,1.486,557,1.417
132,Bisharp,1.54151,868,1.573,572,1.455
133,Weavile,1.54069,778,1.410,509,1.295
134,Diggersby,1.53946,840,1.522,580,1.476
135,Musharna,1.53548,670,1.214,455,1.158
136,Rotom-Wash,1.52918,965,1.749,754,1.918
137,Eelektross,1.52798,767,1.390,597,1.519
138,Mightyena,1.52466,755,1.368,511,1.300
139,Cobalion,1.52366,887,1.607,646,1.643
140,Regirock,1.52310,622,1.127,476,1.211
141,Klang,1.51608,843,1.528,604,1.537
142,Sliggoo,1.51461,760,1.377,521,1.325
143,Slurpuff,1.51324,664,1.203,422,1.074
144,Floatzel,1.51029,836,1.515,575,1.463
145,Drifblim,1.50568,694,1.258,463,1.178
146,Mawile,1.50387,880,1.595,606,1.542
147,Mr. Mime,1.49862,778,1.410,496,1.262
148,Haxorus,1.49856,683,1.238,419,1.066
149,Glalie-Mega,1.49243,743,1.346,507,1.290
150,Granbull,1.48752,884,1.602,638,1.623
151,Lanturn,1.48012,784,1.421,560,1.425
152,Volcarona,1.47770,878,1.591,577,1.468
153,Dusknoir,1.47131,789,1.430,610,1.552
154,Duosion,1.46210,725,1.314,468,1.191
155,Sigilyph,1.46095,731,1.325,510,1.297
156,Kyurem,1.45911,657,1.191,438,1.114
157,Spiritomb,1.45859,757,1.372,543,1.381
158,Keldeo,1.45097,947,1.716,656,1.669
159,Mismagius,1.44745,731,1.325,515,1.310
160,Golbat,1.44562,790,1.432,552,1.404
161,Lugia,1.44557,1068,1.935,695,1.768
162,Goodra,1.44320,725,1.314,454,1.155
163,Haunter,1.44124,702,1.272,491,1.249
164,Galvantula,1.43967,749,1.357,563,1.432
165,Breloom,1.43480,754,1.366,502,1.277
166,Cresselia,1.43461,725,1.314,503,1.280
167,Ampharos,1.43449,746,1.352,522,1.328
168,Audino,1.42403,725,1.314,483,1.229
169,Snorlax,1.41678,668,1.210,462,1.175
170,Conkeldurr,1.41587,818,1.482,567,1.442
171,Serperior,1.41552,840,1.522,581,1.478
172,Gallade,1.41231,647,1.172,453,1.152
173,Exeggutor,1.41199,656,1.189,421,1.071
174,Venusaur,1.41156,809,1.466,595,1.514
175,Sneasel,1.41070,720,1.305,508,1.292
176,Qwilfish,1.40099,738,1.337,563,1.432
177,Uxie,1.39972,761,1.379,620,1.577
178,Sableye,1.39791,680,1.232,512,1.303
179,Electivire,1.39745,778,1.410,565,1.437
180,Pinsir,1.38908,760,1.377,524,1.333
181,Rotom-Heat,1.38824,744,1.348,593,1.509
182,Gourgeist-Small,1.37430,784,1.421,590,1.501
183,Liepard,1.36750,722,1.308,508,1.292
184,Aggron-Mega,1.36712,686,1.243,542,1.379
185,Arceus-Water,1.35768,689,1.249,469,1.193
186,Stunfisk,1.35682,775,1.404,633,1.610
187,Miltank,1.35516,777,1.408,572,1.455
188,Metang,1.35417,684,1.239,553,1.407
189,Camerupt-Mega,1.35052,740,1.341,504,1.282
190,Togetic,1.35019,786,1.424,549,1.397
191,Huntail,1.34995,683,1.238,486,1.236
192,Toxicroak,1.34431,665,1.205,455,1.158
193,Pangoro,1.34006,624,1.131,404,1.028
194,Delphox,1.33984,774,1.403,559,1.422
195,Muk,1.33920,695,1.259,498,1.267
196,Espeon,1.33862,705,1.278,481,1.224
197,Gengar-Mega,1.33341,729,1.321,519,1.320
198,Banette-Mega,1.32636,723,1.310,514,1.308
199,Altaria,1.32401,726,1.316,490,1.247
200,Milotic,1.32203,620,1.124,444,1.130
201,Virizion,1.32113,716,1.297,525,1.336
202,Scolipede,1.31988,873,1.582,566,1.440
203,Aurorus,1.31930,713,1.292,533,1.356
204,Zangoose,1.31864,634,1.149,447,1.137
205,Magnezone,1.31518,922,1.671,683,1.738
206,Metagross,1.31488,685,1.241,535,1.361
207,Fraxure,1.31313,790,1.432,537,1.366
208,Gothitelle,1.30754,696,1.261,437,1.112
209,Braviary,1.30255,748,1.355,497,1.264
210,Entei,1.30032,651,1.180,457,1.163
211,Tornadus-Therian,1.30015,723,1.310,498,1.267
212,Aggron,1.29476,807,1.462,546,1.389
213,Simisear,1.29020,704,1.276,501,1.275
214,Lucario-Mega,1.28883,772,1.399,561,1.427
215,Cacturne,1.28690,670,1.214,437,1.112
216,Scyther,1.28407,608,1.102,441,1.122
217,Lickilicky,1.28407,674,1.221,473,1.203
218,Mawile-Mega,1.28275,780,1.413,596,1.516
219,Zweilous,1.28141,793,1.437,512,1.303
220,Carracosta,1.27793,799,1.448,568,1.445
221,Hawlucha,1.27622,719,1.303,464,1.180
222,Beheeyem,1.27569,698,1.265,458,1.165
223,Clawitzer,1.27471,663,1.201,464,1.180
224,Blastoise-Mega,1.27123,816,1.479,621,1.580
225,Jolteon,1.26694,707,1.281,526,1.338
226,Gurdurr,1.26104,522,0.946,362,0.921
227,Machamp,1.25504,653,1.183,452,1.150
228,Weezing,1.25388,741,1.343,538,1.369
229,Groudon,1.24118,738,1.337,586,1.491
230,Aerodactyl,1.23832,745,1.350,513,1.305
231,Exploud,1.23475,748,1.355,519,1.320
232,Swellow,1.23247,596,1.080,414,1.053
233,Klinklang,1.23124,794,1.439,564,1.435
234,Victini,1.22799,792,1.435,563,1.432
235,Porygon-Z,1.22759,662,1.200,462,1.175
236,Charizard,1.22705,698,1.265,475,1.208
237,Zebstrika,1.22622,707,1.281,522,1.328
238,Alomomola,1.22602,666,1.207,470,1.196
239,Shaymin,1.22574,635,1.151,442,1.124
240,Rotom-Mow,1.22362,754,1.366,580,1.476
241,Jirachi,1.21519,788,1.428,541,1.376
242,Accelgor,1.21226,715,1.296,504,1.282
243,Kangaskhan-Mega,1.20464,680,1.232,522,1.328
244,Salamence-Mega,1.20076,602,1.091,406,1.033
245,Garbodor,1.19985,660,1.196,471,1.198
246,Primeape,1.19573,652,1.182,444,1.130
247,Zygarde,1.19399,788,1.428,530,1.348
248,Kingdra,1.19049,642,1.163,430,1.094
249,Honchkrow,1.18759,621,1.125,403,1.025
250,Deoxys-Attack,1.18324,848,1.537,545,1.386
251,Froslass,1.18272,562,1.018,455,1.158
252,Mienshao,1.18051,634,1.149,461,1.173
253,Umbreon,1.17261,609,1.104,407,1.035
254,Thundurus-Therian,1.16646,650,1.178,455,1.158
255,Arceus-Fairy,1.16494,697,1.263,458,1.165
256,Tornadus,1.16270,679,1.230,488,1.241
257,Lilligant,1.15917,705,1.278,445,1.132
258,Raichu,1.15849,696,1.261,498,1.267
259,Gardevoir,1.15796,713,1.292,493,1.254
260,Dugtrio,1.15344,714,1.294,477,1.214
261,Simipour,1.15104,637,1.154,450,1.145
262,Heliolisk,1.13851,745,1.350,538,1.369
263,Suicune,1.13618,631,1.143,472,1.201
264,Arceus-Grass,1.13437,607,1.100,388,0.987
265,Kadabra,1.13377,728,1.319,490,1.247
266,Ninjask,1.13363,606,1.098,413,1.051
267,Bouffalant,1.13081,645,1.169,455,1.158
268,Ampharos-Mega,1.13066,524,0.950,358,0.911
269,Pyroar,1.12356,663,1.201,464,1.180
270,Noivern,1.11808,655,1.187,445,1.132
271,Venipede,1.11610,648,1.174,477,1.214
272,Purugly,1.11314,704,1.276,528,1.343
273,Reuniclus,1.11240,648,1.174,432,1.099
274,Simisage,1.11152,682,1.236,466,1.186
275,Yanmega,1.10739,650,1.178,427,1.086
276,Emboar,1.10688,771,1.397,534,1.359
277,Medicham,1.10668,696,1.261,445,1.132
278,Kangaskhan,1.10653,633,1.147,473,1.203
279,Fletchinder,1.10138,822,1.490,583,1.483
280,Vaporeon,1.09971,598,1.084,395,1.005
281,Jynx,1.09498,576,1.044,411,1.046
282,Florges,1.09256,750,1.359,504,1.282
283,Murkrow,1.07371,651,1.180,412,1.048
284,Rapidash,1.07303,731,1.325,528,1.343
285,Seaking,1.06899,628,1.138,425,1.081
286,Gourgeist-Super,1.06735,734,1.330,499,1.269
287,Crustle,1.06632,507,0.919,402,1.023
288,Kyogre-Primal,1.06519,701,1.270,519,1.320
289,Rotom-Fan,1.06250,645,1.169,497,1.264
290,Houndoom,1.06229,752,1.363,531,1.351
291,Roserade,1.05579,530,0.960,354,0.901
292,Jumpluff,1.05032,663,1.201,467,1.188
293,Talonflame,1.04636,714,1.294,512,1.303
294,Arceus-Poison,1.04371,682,1.236,427,1.086
295,Hariyama,1.04275,645,1.169,471,1.198
296,Infernape,1.03845,800,1.450,642,1.633
297,Darmanitan,1.03775,714,1.294,506,1.287
298,Sylveon,1.03507,763,1.383,515,1.310
299,Staraptor,1.03322,702,1.272,452,1.150
300,Sawsbuck,1.02362,680,1.232,475,1.208
301,Thundurus,1.02340,667,1.209,469,1.193
302,Whimsicott,1.02273,716,1.297,526,1.338
303,Arceus-Fire,1.02027,495,0.897,335,0.852
304,Magmortar,1.01860,619,1.122,444,1.130
305,Stoutland,1.01052,631,1.143,427,1.086
306,Gabite,1.00511,673,1.220,525,1.336
307,Porygon2,1.00135,613,1.111,459,1.168
308,Quilladin,0.99931,727,1.317,504,1.282
309,Slowbro,0.99758,523,0.948,378,0.962
310,Nidoqueen,0.99297,621,1.125,491,1.249
311,Arceus,0.99094,399,0.723,273,0.695
312,Dragalge,0.98598,623,1.129,423,1.076
313,Arceus-Dragon,0.98305,587,1.064,373,0.949
314,Xatu,0.97943,557,1.009,398,1.013
315,Zoroark,0.97348,637,1.154,226,0.575
316,Dragonite,0.97202,671,1.216,429,1.091
317,Alakazam,0.97180,664,1.203,432,1.099
318,Rotom-Frost,0.96753,649,1.176,480,1.221
319,Gliscor,0.96224,613,1.111,454,1.155
320,Vileplume,0.96061,696,1.261,456,1.160
321,Arceus-Flying,0.95322,410,0.743,271,0.689
322,Arcanine,0.95062,606,1.098,423,1.076
323,Arceus-Fighting,0.94979,382,0.692,272,0.692
324,Sceptile-Mega,0.94893,518,0.939,346,0.880
325,Solrock,0.94637,572,1.037,456,1.160
326,Mewtwo,0.94515,501,0.908,318,0.809
327,Chesnaught,0.93904,568,1.029,409,1.041
328,Heracross,0.93720,530,0.960,340,0.865
329,Tauros,0.93396,674,1.221,462,1.175
330,Lucario,0.93324,631,1.143,438,1.114
331,Shuckle,0.93046,599,1.085,496,1.262
332,Metagross-Mega,0.92727,500,0.906,360,0.916
333,Gastrodon,0.92724,657,1.191,492,1.252
334,Politoed,0.92695,601,1.089,449,1.142
335,Lopunny-Mega,0.91273,463,0.839,335,0.852
336,Abomasnow-Mega,0.90985,488,0.884,349,0.888
337,Chandelure,0.90665,752,1.363,561,1.427
338,Golem,0.90489,696,1.261,571,1.453
339,Regice,0.89577,504,0.913,353,0.898
340,Hydreigon,0.88581,659,1.194,455,1.158
341,Arceus-Electric,0.87476,424,0.768,285,0.725
342,Beedrill-Mega,0.86649,492,0.892,357,0.908
343,Kyogre,0.84980,413,0.748,299,0.761
344,Charizard-Mega-X,0.84450,383,0.694,288,0.733
345,Arceus-Ghost,0.83211,359,0.651,249,0.633
346,Arceus-Rock,0.82718,541,0.980,365,0.929
347,Arceus-Steel,0.82001,478,0.866,341,0.868
348,Rampardos,0.81048,635,1.151,500,1.272
349,Glalie,0.80568,536,0.971,378,0.962
350,Gallade-Mega,0.80210,464,0.841,311,0.791
351,Altaria-Mega,0.78976,407,0.738,289,0.735
352,Scizor,0.78745,434,0.786,318,0.809
353,Sharpedo-Mega,0.77780,370,0.670,251,0.639
354,Sawk,0.75438,526,0.953,343,0.873
355,Arceus-Dark,0.75362,367,0.665,240,0.611
356,Absol-Mega,0.75063,443,0.803,318,0.809
357,Pinsir-Mega,0.74509,425,0.770,270,0.687
358,Mewtwo-Mega-X,0.70856,234,0.424,176,0.448
359,Medicham-Mega,0.68416,533,0.966,393,1.000
360,Houndoom-Mega,0.65812,446,0.808,302,0.768
361,Manectric-Mega,0.65008,479,0.868,359,0.913
362,Gardevoir-Mega,0.64648,444,0.805,307,0.781
363,Aerodactyl-Mega,0.64523,489,0.886,329,0.837
364,Arceus-Bug,0.61805,396,0.718,262,0.667
365,Arceus-Ice,0.59114,418,0.757,269,0.684
366,Arceus-Ground,0.55954,389,0.705,271,0.689
367,Ludicolo,0.54524,193,0.350,132,0.336
368,Slowbro-Mega,0.50833,350,0.634,256,0.651
369,Arceus-Psychic,0.50684,288,0.522,188,0.478
370,Leafeon,0.50496,230,0.417,163,0.415
371,Shiftry,0.48256,216,0.391,151,0.384
372,Sandslash,0.46622,191,0.346,139,0.354
373,Manaphy,0.44081,252,0.457,177,0.450
374,Gyarados-Mega,0.41210,244,0.442,182,0.463
375,Sharpedo,0.36931,250,0.453,168,0.427
376,Leavanny,0.36747,221,0.400,168,0.427
377,Kabutops,0.35856,187,0.339,128,0.326
378,Alakazam-Mega,0.34107,126,0.228,78,0.198
379,Blaziken-Mega,0.33744,298,0.540,236,0.600
380,Golduck,0.31786,166,0.301,107,0.272
381,Mewtwo-Mega-Y,0.30410,133,0.241,90,0.229
382,Heracross-Mega,0.29290,219,0.397,154,0.392
383,Gorebyss,0.22402,171,0.310,128,0.326
384,Latias-Mega,0.20920,143,0.259,98,0.249
385,Venusaur-Mega,0.18906,134,0.243,99,0.252
386,Tyranitar-Mega,0.15614,74,0.134,54,0.137
387,Garchomp-Mega,0.15413,101,0.183,82,0.209
388,Swampert-Mega,0.12992,60,0.109,33,0.084
389,Latios-Mega,0.05678,42,0.076,29,0.074
390,Charizard-Mega-Y,0.03967,77,0.140,59,0.150
