 Total battles: 124
 Avg. weight/team: 1.0
Rank,Pokemon,Usage percentage,Raw,Raw percentage,Real,Real percentage
1,Espeon,12.50000,31,12.500,12,8.145
2,Gardevoir,12.09677,30,12.097,22,14.932
3,Infernape,10.08065,25,10.081,17,11.538
4,Banette-Mega,10.08065,25,10.081,13,8.824
5,Marowak,9.27419,23,9.274,22,14.932
6,Glaceon,8.87097,22,8.871,4,2.715
7,Lucario-Mega,8.87097,22,8.871,15,10.181
8,Sceptile,8.06452,20,8.065,10,6.787
9,Crobat,7.66129,19,7.661,11,7.466
10,Aggron,7.25806,18,7.258,8,5.430
11,Cofagrigus,7.25806,18,7.258,10,6.787
12,Wigglytuff,7.25806,18,7.258,8,5.430
13,Reuniclus,7.25806,18,7.258,8,5.430
14,Sandslash,6.85484,17,6.855,16,10.860
15,Kabutops,6.85484,17,6.855,14,9.502
16,Houndoom-Mega,6.85484,17,6.855,9,6.109
17,Armaldo,6.85484,17,6.855,9,6.109
18,Seviper,6.45161,16,6.452,1,0.679
19,Meganium,6.45161,16,6.452,6,4.072
20,Pyroar,6.45161,16,6.452,12,8.145
21,Absol-Mega,6.45161,16,6.452,6,4.072
22,Zangoose,6.04839,15,6.048,15,10.181
23,Lucario,5.64516,14,5.645,7,4.751
24,Shedinja,5.64516,14,5.645,7,4.751
25,Snorlax,5.24194,13,5.242,8,5.430
26,Ambipom,4.83871,12,4.839,7,4.751
27,Blastoise-Mega,4.43548,11,4.435,7,4.751
28,Blaziken-Mega,4.43548,11,4.435,5,3.394
29,Alakazam,4.43548,11,4.435,5,3.394
30,Abomasnow-Mega,4.43548,11,4.435,7,4.751
31,Sudowoodo,4.43548,11,4.435,5,3.394
32,Golurk,4.03226,10,4.032,4,2.715
33,Ampharos-Mega,4.03226,10,4.032,7,4.751
34,Accelgor,4.03226,10,4.032,6,4.072
35,Clawitzer,4.03226,10,4.032,6,4.072
36,Steelix-Mega,4.03226,10,4.032,9,6.109
37,Aerodactyl,3.62903,9,3.629,6,4.072
38,Cloyster,3.62903,9,3.629,4,2.715
39,Audino-Mega,3.62903,9,3.629,2,1.357
40,Ursaring,3.62903,9,3.629,5,3.394
41,Drapion,3.62903,9,3.629,5,3.394
42,Articuno,3.62903,9,3.629,7,4.751
43,Sceptile-Mega,3.62903,9,3.629,5,3.394
44,Shuckle,3.62903,9,3.629,6,4.072
45,Darkrai,3.22581,8,3.226,7,4.751
46,Eelektross,3.22581,8,3.226,7,4.751
47,Heliolisk,3.22581,8,3.226,5,3.394
48,Beedrill-Mega,3.22581,8,3.226,8,5.430
49,Arbok,3.22581,8,3.226,5,3.394
50,Jolteon,3.22581,8,3.226,6,4.072
51,Chandelure,3.22581,8,3.226,4,2.715
52,Excadrill,3.22581,8,3.226,3,2.036
53,Jynx,3.22581,8,3.226,2,1.357
54,Galvantula,3.22581,8,3.226,7,4.751
55,Abomasnow,3.22581,8,3.226,6,4.072
56,Dusclops,3.22581,8,3.226,5,3.394
57,Machamp,2.82258,7,2.823,5,3.394
58,Blaziken,2.82258,7,2.823,4,2.715
59,Exeggutor,2.82258,7,2.823,6,4.072
60,Parasect,2.82258,7,2.823,2,1.357
61,Florges,2.82258,7,2.823,4,2.715
62,Walrein,2.82258,7,2.823,4,2.715
63,Glalie-Mega,2.82258,7,2.823,3,2.036
64,Mawile-Mega,2.82258,7,2.823,6,4.072
65,Slaking,2.82258,7,2.823,1,0.679
66,Torterra,2.82258,7,2.823,5,3.394
67,Audino,2.82258,7,2.823,4,2.715
68,Regigigas,2.82258,7,2.823,3,2.036
69,Electivire,2.82258,7,2.823,4,2.715
70,Xatu,2.82258,7,2.823,7,4.751
71,Heracross,2.82258,7,2.823,4,2.715
72,Serperior,2.41935,6,2.419,3,2.036
73,Durant,2.41935,6,2.419,5,3.394
74,Haxorus,2.41935,6,2.419,4,2.715
75,Dragalge,2.41935,6,2.419,4,2.715
76,Blastoise,2.41935,6,2.419,5,3.394
77,Gyarados,2.41935,6,2.419,5,3.394
78,Vaporeon,2.41935,6,2.419,4,2.715
79,Noivern,2.41935,6,2.419,5,3.394
80,Cradily,2.41935,6,2.419,4,2.715
81,Swampert,2.41935,6,2.419,2,1.357
82,Aerodactyl-Mega,2.41935,6,2.419,5,3.394
83,Manectric,2.41935,6,2.419,5,3.394
84,Empoleon,2.41935,6,2.419,3,2.036
85,Muk,2.41935,6,2.419,6,4.072
86,Escavalier,2.41935,6,2.419,5,3.394
87,Jumpluff,2.41935,6,2.419,4,2.715
88,Swellow,2.01613,5,2.016,4,2.715
89,Altaria-Mega,2.01613,5,2.016,2,1.357
90,Ninetales,2.01613,5,2.016,2,1.357
91,Alakazam-Mega,2.01613,5,2.016,5,3.394
92,Chansey,2.01613,5,2.016,3,2.036
93,Absol,2.01613,5,2.016,4,2.715
94,Slowbro,2.01613,5,2.016,2,1.357
95,Piloswine,2.01613,5,2.016,4,2.715
96,Dusknoir,2.01613,5,2.016,3,2.036
97,Charizard-Mega-X,2.01613,5,2.016,1,0.679
98,Chesnaught,2.01613,5,2.016,4,2.715
99,Umbreon,2.01613,5,2.016,4,2.715
100,Dragonite,2.01613,5,2.016,2,1.357
101,Regice,2.01613,5,2.016,0,0.000
102,Swampert-Mega,2.01613,5,2.016,4,2.715
103,Sableye,2.01613,5,2.016,4,2.715
104,Gourgeist-Super,2.01613,5,2.016,4,2.715
105,Ninjask,2.01613,5,2.016,5,3.394
106,Electrode,2.01613,5,2.016,3,2.036
107,Gallade,2.01613,5,2.016,4,2.715
108,Entei,2.01613,5,2.016,3,2.036
109,Charizard,2.01613,5,2.016,3,2.036
110,Porygon-Z,1.61290,4,1.613,2,1.357
111,Butterfree,1.61290,4,1.613,2,1.357
112,Gliscor,1.61290,4,1.613,2,1.357
113,Diggersby,1.61290,4,1.613,2,1.357
114,Hippowdon,1.61290,4,1.613,1,0.679
115,Diancie,1.61290,4,1.613,3,2.036
116,Altaria,1.61290,4,1.613,2,1.357
117,Gallade-Mega,1.61290,4,1.613,3,2.036
118,Golem,1.61290,4,1.613,3,2.036
119,Pachirisu,1.61290,4,1.613,3,2.036
120,Deoxys,1.61290,4,1.613,2,1.357
121,Salamence,1.61290,4,1.613,2,1.357
122,Mamoswine,1.61290,4,1.613,2,1.357
123,Exploud,1.61290,4,1.613,4,2.715
124,Lanturn,1.61290,4,1.613,3,2.036
125,Carbink,1.61290,4,1.613,4,2.715
126,Darmanitan,1.61290,4,1.613,4,2.715
127,Camerupt-Mega,1.61290,4,1.613,4,2.715
128,Lopunny-Mega,1.61290,4,1.613,1,0.679
129,Aromatisse,1.61290,4,1.613,1,0.679
130,Castform,1.61290,4,1.613,3,2.036
131,Donphan,1.61290,4,1.613,4,2.715
132,Typhlosion,1.61290,4,1.613,4,2.715
133,Stantler,1.61290,4,1.613,4,2.715
134,Sigilyph,1.61290,4,1.613,3,2.036
135,Beartic,1.61290,4,1.613,3,2.036
136,Starmie,1.61290,4,1.613,4,2.715
137,Bronzong,1.20968,3,1.210,2,1.357
138,Mandibuzz,1.20968,3,1.210,3,2.036
139,Latias-Mega,1.20968,3,1.210,1,0.679
140,Pidgeot-Mega,1.20968,3,1.210,3,2.036
141,Lapras,1.20968,3,1.210,2,1.357
142,Krookodile,1.20968,3,1.210,2,1.357
143,Cinccino,1.20968,3,1.210,1,0.679
144,Celebi,1.20968,3,1.210,0,0.000
145,Tauros,1.20968,3,1.210,1,0.679
146,Azelf,1.20968,3,1.210,2,1.357
147,Garbodor,1.20968,3,1.210,0,0.000
148,Leafeon,1.20968,3,1.210,2,1.357
149,Blissey,1.20968,3,1.210,2,1.357
150,Metagross,1.20968,3,1.210,2,1.357
151,Relicanth,1.20968,3,1.210,3,2.036
152,Kyurem,1.20968,3,1.210,3,2.036
153,Avalugg,1.20968,3,1.210,3,2.036
154,Klinklang,1.20968,3,1.210,2,1.357
155,Meowstic,1.20968,3,1.210,3,2.036
156,Vileplume,1.20968,3,1.210,2,1.357
157,Hawlucha,1.20968,3,1.210,2,1.357
158,Slowbro-Mega,1.20968,3,1.210,2,1.357
159,Lunatone,1.20968,3,1.210,1,0.679
160,Rotom-Fan,1.20968,3,1.210,2,1.357
161,Tornadus-Therian,1.20968,3,1.210,2,1.357
162,Gigalith,1.20968,3,1.210,3,2.036
163,Chatot,1.20968,3,1.210,0,0.000
164,Tropius,1.20968,3,1.210,3,2.036
165,Clefable,1.20968,3,1.210,1,0.679
166,Rhyperior,1.20968,3,1.210,3,2.036
167,Beheeyem,1.20968,3,1.210,2,1.357
168,Flygon,1.20968,3,1.210,1,0.679
169,Kingdra,1.20968,3,1.210,2,1.357
170,Archeops,0.80645,2,0.806,1,0.679
171,Weezing,0.80645,2,0.806,1,0.679
172,Roserade,0.80645,2,0.806,0,0.000
173,Emolga,0.80645,2,0.806,1,0.679
174,Cobalion,0.80645,2,0.806,1,0.679
175,Aurorus,0.80645,2,0.806,1,0.679
176,Mantine,0.80645,2,0.806,1,0.679
177,Doublade,0.80645,2,0.806,1,0.679
178,Stoutland,0.80645,2,0.806,1,0.679
179,Scolipede,0.80645,2,0.806,1,0.679
180,Victini,0.80645,2,0.806,1,0.679
181,Kecleon,0.80645,2,0.806,2,1.357
182,Porygon2,0.80645,2,0.806,2,1.357
183,Nidoking,0.80645,2,0.806,2,1.357
184,Rotom-Heat,0.80645,2,0.806,0,0.000
185,Mew,0.80645,2,0.806,2,1.357
186,Tentacruel,0.80645,2,0.806,1,0.679
187,Hariyama,0.80645,2,0.806,2,1.357
188,Beautifly,0.80645,2,0.806,1,0.679
189,Delphox,0.80645,2,0.806,1,0.679
190,Pelipper,0.80645,2,0.806,0,0.000
191,Feraligatr,0.80645,2,0.806,1,0.679
192,Dedenne,0.80645,2,0.806,0,0.000
193,Tyrantrum,0.80645,2,0.806,2,1.357
194,Hypno,0.80645,2,0.806,2,1.357
195,Medicham,0.80645,2,0.806,1,0.679
196,Bastiodon,0.80645,2,0.806,1,0.679
197,Jigglypuff,0.80645,2,0.806,2,1.357
198,Unfezant,0.80645,2,0.806,1,0.679
199,Sableye-Mega,0.80645,2,0.806,2,1.357
200,Solrock,0.80645,2,0.806,1,0.679
201,Jellicent,0.80645,2,0.806,1,0.679
202,Deoxys-Speed,0.80645,2,0.806,2,1.357
203,Ditto,0.80645,2,0.806,1,0.679
204,Froslass,0.80645,2,0.806,0,0.000
205,Manaphy,0.80645,2,0.806,0,0.000
206,Trevenant,0.80645,2,0.806,1,0.679
207,Zoroark,0.80645,2,0.806,1,0.679
208,Luxray,0.80645,2,0.806,1,0.679
209,Heracross-Mega,0.80645,2,0.806,2,1.357
210,Mienshao,0.80645,2,0.806,1,0.679
211,Vespiquen,0.80645,2,0.806,2,1.357
212,Steelix,0.80645,2,0.806,0,0.000
213,Onix,0.80645,2,0.806,0,0.000
214,Hoopa,0.80645,2,0.806,1,0.679
215,Carracosta,0.80645,2,0.806,0,0.000
216,Forretress,0.80645,2,0.806,1,0.679
217,Quagsire,0.80645,2,0.806,2,1.357
218,Swoobat,0.40323,1,0.403,1,0.679
219,Horsea,0.40323,1,0.403,1,0.679
220,Paras,0.40323,1,0.403,0,0.000
221,Kadabra,0.40323,1,0.403,1,0.679
222,Uxie,0.40323,1,0.403,1,0.679
223,Eevee,0.40323,1,0.403,0,0.000
224,Aron,0.40323,1,0.403,1,0.679
225,Cacturne,0.40323,1,0.403,0,0.000
226,Rampardos,0.40323,1,0.403,0,0.000
227,Emboar,0.40323,1,0.403,0,0.000
228,Slurpuff,0.40323,1,0.403,0,0.000
229,Aggron-Mega,0.40323,1,0.403,0,0.000
230,Deoxys-Attack,0.40323,1,0.403,1,0.679
231,Skorupi,0.40323,1,0.403,1,0.679
232,Mawile,0.40323,1,0.403,1,0.679
233,Nidoqueen,0.40323,1,0.403,1,0.679
234,Riolu,0.40323,1,0.403,1,0.679
235,Meloetta,0.40323,1,0.403,0,0.000
236,Ampharos,0.40323,1,0.403,1,0.679
237,Omastar,0.40323,1,0.403,0,0.000
238,Bibarel,0.40323,1,0.403,0,0.000
239,Spinda,0.40323,1,0.403,1,0.679
240,Pangoro,0.40323,1,0.403,0,0.000
241,Banette,0.40323,1,0.403,0,0.000
242,Gothitelle,0.40323,1,0.403,0,0.000
243,Klefki,0.40323,1,0.403,1,0.679
244,Gyarados-Mega,0.40323,1,0.403,1,0.679
245,Marshtomp,0.40323,1,0.403,1,0.679
246,Throh,0.40323,1,0.403,1,0.679
247,Crawdaunt,0.40323,1,0.403,1,0.679
248,Bellossom,0.40323,1,0.403,0,0.000
249,Malamar,0.40323,1,0.403,1,0.679
250,Rattata,0.40323,1,0.403,1,0.679
251,Basculin,0.40323,1,0.403,1,0.679
252,Primeape,0.40323,1,0.403,1,0.679
253,Tornadus,0.40323,1,0.403,0,0.000
254,Golduck,0.40323,1,0.403,1,0.679
255,Floatzel,0.40323,1,0.403,1,0.679
256,Zebstrika,0.40323,1,0.403,0,0.000
257,Honchkrow,0.40323,1,0.403,1,0.679
258,Toxicroak,0.40323,1,0.403,1,0.679
259,Swirlix,0.40323,1,0.403,1,0.679
260,Rhydon,0.40323,1,0.403,0,0.000
261,Murkrow,0.40323,1,0.403,1,0.679
262,Slowking,0.40323,1,0.403,0,0.000
263,Rotom-Mow,0.40323,1,0.403,1,0.679
264,Heatmor,0.40323,1,0.403,0,0.000
265,Torkoal,0.40323,1,0.403,1,0.679
266,Smeargle,0.40323,1,0.403,1,0.679
267,Sharpedo,0.40323,1,0.403,1,0.679
268,Pidgeot,0.40323,1,0.403,0,0.000
269,Rotom-Frost,0.40323,1,0.403,0,0.000
270,Lickilicky,0.40323,1,0.403,1,0.679
271,Bouffalant,0.40323,1,0.403,1,0.679
272,Rapidash,0.40323,1,0.403,1,0.679
273,Dustox,0.40323,1,0.403,1,0.679
274,Dodrio,0.40323,1,0.403,0,0.000
275,Goodra,0.40323,1,0.403,1,0.679
276,Gible,0.40323,1,0.403,1,0.679
277,Victreebel,0.40323,1,0.403,1,0.679
278,Moltres,0.40323,1,0.403,1,0.679
279,Crustle,0.40323,1,0.403,0,0.000
280,Flareon,0.40323,1,0.403,1,0.679
281,Gourgeist-Small,0.40323,1,0.403,1,0.679
282,Camerupt,0.40323,1,0.403,1,0.679
283,Snivy,0.40323,1,0.403,0,0.000
284,Claydol,0.40323,1,0.403,1,0.679
285,Houndoom,0.40323,1,0.403,1,0.679
286,Landorus,0.40323,1,0.403,1,0.679
287,Clefairy,0.40323,1,0.403,0,0.000
288,Glalie,0.40323,1,0.403,0,0.000
289,Lumineon,0.40323,1,0.403,1,0.679
290,Probopass,0.40323,1,0.403,1,0.679
291,Chinchou,0.40323,1,0.403,1,0.679
292,Yanmega,0.40323,1,0.403,1,0.679
293,Sunflora,0.40323,1,0.403,1,0.679
