 Total battles: 79370
 Avg. weight/team: 0.037
Rank,Pokemon,Usage percentage,Raw,Raw percentage,Real,Real percentage
1,Jolteon,12.61125,20120,12.675,7346,14.242
2,Alakazam,11.20793,17910,11.283,6156,11.935
3,Mewtwo,11.09281,17567,11.067,5937,11.510
4,Mew,10.92991,17560,11.062,5954,11.543
5,Chansey,10.91654,16729,10.539,5794,11.233
6,Jynx,10.33694,16674,10.504,5422,10.512
7,Snorlax,10.33692,16548,10.425,5735,11.118
8,Tauros,10.24365,16558,10.431,5795,11.235
9,Gengar,9.19802,14004,8.822,4756,9.220
10,Golem,8.11092,12274,7.732,3627,7.032
11,Rhydon,8.05437,12749,8.031,3783,7.334
12,Lapras,8.00201,11845,7.462,3556,6.894
13,Zapdos,7.73812,12683,7.990,3812,7.390
14,Cloyster,7.70631,11966,7.538,3581,6.942
15,Exeggutor,7.26757,11321,7.132,3163,6.132
16,Pinsir,7.06831,11111,6.999,3955,7.668
17,Magneton,6.69261,10202,6.427,3487,6.760
18,Electabuzz,6.64353,10390,6.545,3559,6.900
19,Raichu,6.59395,10320,6.501,3454,6.696
20,Electrode,6.44476,10313,6.497,3416,6.623
21,Slowbro,6.39585,9739,6.135,2608,5.056
22,Hypno,6.24634,9950,6.268,3323,6.442
23,Kadabra,6.23021,10027,6.317,3230,6.262
24,Mr. Mime,6.16811,9851,6.206,3215,6.233
25,Rapidash,6.12555,9534,6.006,3116,6.041
26,Starmie,6.09635,9688,6.103,2571,4.984
27,Primeape,6.09219,9223,5.810,2898,5.618
28,Machamp,6.03124,9212,5.803,2947,5.713
29,Ninetales,5.97731,9425,5.937,3006,5.828
30,Persian,5.85669,8915,5.616,2979,5.775
31,Hitmonlee,5.80537,9264,5.836,2915,5.651
32,Arcanine,5.79534,9412,5.929,3078,5.967
33,Hitmonchan,5.74379,9342,5.885,3029,5.872
34,Magmar,5.70604,9419,5.934,3141,6.089
35,Wigglytuff,5.69057,8868,5.586,2895,5.613
36,Charmeleon,5.62617,8518,5.366,2751,5.333
37,Clefable,5.61126,8869,5.587,2864,5.552
38,Flareon,5.58632,9322,5.872,3023,5.861
39,Raticate,5.51814,8950,5.638,2952,5.723
40,Kangaskhan,5.47095,8871,5.588,2952,5.723
41,Lickitung,5.36722,8907,5.611,2925,5.671
42,Porygon,5.27973,8913,5.615,2982,5.781
43,Machoke,5.01502,8261,5.204,2492,4.831
44,Tangela,4.95189,7580,4.775,2216,4.296
45,Dragonair,4.92490,7370,4.643,2078,4.029
46,Dugtrio,4.82115,7248,4.566,2194,4.254
47,Marowak,4.75182,7281,4.587,2237,4.337
48,Beedrill,4.67542,7006,4.414,2176,4.219
49,Arbok,4.67108,7335,4.621,2262,4.385
50,Weezing,4.63795,7132,4.493,2210,4.285
51,Muk,4.62100,7232,4.556,2259,4.380
52,Sandslash,4.61887,7371,4.643,2209,4.283
53,Venomoth,4.56791,7018,4.421,2115,4.100
54,Onix,4.55612,6742,4.247,1965,3.810
55,Articuno,4.48911,7097,4.471,2099,4.069
56,Kingler,4.42721,6801,4.284,2041,3.957
57,Blastoise,4.33144,6794,4.280,2069,4.011
58,Graveler,4.32939,6788,4.276,1882,3.649
59,Dragonite,4.29385,7261,4.574,2225,4.314
60,Vaporeon,4.27272,6812,4.291,2034,3.943
61,Haunter,4.25157,6774,4.267,2031,3.937
62,Moltres,4.22459,6184,3.896,1844,3.575
63,Dewgong,4.20446,6511,4.102,1923,3.728
64,Nidorina,4.19191,6669,4.201,2023,3.922
65,Seaking,4.12162,6746,4.250,2027,3.930
66,Nidorino,4.11406,6658,4.194,2092,4.056
67,Golduck,4.09418,6852,4.316,2009,3.895
68,Kabutops,4.07644,5904,3.719,1738,3.369
69,Parasect,4.05277,7067,4.452,2161,4.190
70,Charizard,4.04233,6269,3.949,1817,3.523
71,Seadra,3.99249,6841,4.310,2047,3.969
72,Wartortle,3.89566,6109,3.848,1781,3.453
73,Gyarados,3.77700,5927,3.734,1801,3.492
74,Poliwhirl,3.74291,6230,3.925,1729,3.352
75,Omastar,3.71487,5927,3.734,1730,3.354
76,Venusaur,3.70362,5515,3.474,1590,3.083
77,Vileplume,3.70179,5600,3.528,1552,3.009
78,Scyther,3.66839,5617,3.538,1629,3.158
79,Poliwrath,3.59044,5525,3.481,1546,2.997
80,Victreebel,3.38101,5450,3.433,1626,3.152
81,Butterfree,3.34673,5576,3.513,1516,2.939
82,Ivysaur,3.31700,5010,3.156,1442,2.796
83,Aerodactyl,3.19561,5357,3.375,1529,2.964
84,Weepinbell,3.17240,5017,3.161,1397,2.708
85,Fearow,3.16913,4851,3.056,1371,2.658
86,Nidoking,3.11756,5063,3.189,1433,2.778
87,Dodrio,3.11370,4980,3.137,1428,2.768
88,Nidoqueen,3.09403,4959,3.124,1408,2.730
89,Pidgeot,3.08613,4950,3.118,1477,2.863
90,Farfetch'd,3.03030,4939,3.111,1358,2.633
91,Tentacruel,2.80872,4479,2.822,1304,2.528
92,Golbat,2.69575,4339,2.733,1256,2.435
93,Pidgeotto,2.54255,4516,2.845,1275,2.472
94,Gloom,2.49651,4870,3.068,1345,2.608
95,Ditto,2.45845,3833,2.415,1589,3.081
96,Machop,1.95465,2793,1.759,957,1.855
97,Caterpie,1.94561,3030,1.909,1126,2.183
98,Magnemite,1.86998,2670,1.682,966,1.873
99,Dratini,1.86690,2756,1.736,983,1.906
100,Pikachu,1.85913,2685,1.691,983,1.906
101,Ponyta,1.84967,2655,1.673,970,1.881
102,Krabby,1.73347,2533,1.596,1011,1.960
103,Abra,1.73140,2670,1.682,967,1.875
104,Metapod,1.72588,2839,1.788,986,1.912
105,Jigglypuff,1.71945,2697,1.699,1030,1.997
106,Gastly,1.68150,2583,1.627,983,1.906
107,Mankey,1.68127,2810,1.770,1052,2.040
108,Paras,1.65914,2657,1.674,993,1.925
109,Psyduck,1.65775,2503,1.577,966,1.873
110,Clefairy,1.65654,2682,1.690,983,1.906
111,Seel,1.65547,2533,1.596,982,1.904
112,Eevee,1.63763,2642,1.664,942,1.826
113,Geodude,1.63263,2493,1.570,985,1.910
114,Poliwag,1.62532,2525,1.591,880,1.706
115,Staryu,1.61853,2534,1.596,1029,1.995
116,Sandshrew,1.59089,2565,1.616,973,1.886
117,Diglett,1.58701,2671,1.683,987,1.913
118,Horsea,1.58569,2626,1.654,1029,1.995
119,Charmander,1.58283,2747,1.731,998,1.935
120,Exeggcute,1.58034,2451,1.544,935,1.813
121,Meowth,1.57904,2632,1.658,967,1.875
122,Koffing,1.57719,2517,1.586,1036,2.008
123,Vulpix,1.57013,2631,1.657,988,1.915
124,NidoranF,1.56804,2434,1.533,967,1.875
125,Venonat,1.56631,2632,1.658,1013,1.964
126,Weedle,1.55539,2533,1.596,1012,1.962
127,Doduo,1.55392,2352,1.482,980,1.900
128,Kakuna,1.54198,2441,1.538,991,1.921
129,Cubone,1.54084,2656,1.673,1031,1.999
130,Pidgey,1.53928,2369,1.492,1004,1.946
131,Squirtle,1.52953,2555,1.610,993,1.925
132,Rattata,1.52785,2657,1.674,999,1.937
133,Magikarp,1.52245,2550,1.606,1008,1.954
134,Ekans,1.51306,2527,1.592,1005,1.948
135,Drowzee,1.50298,2725,1.717,937,1.817
136,Bulbasaur,1.47762,2403,1.514,957,1.855
137,Omanyte,1.46983,2331,1.468,981,1.902
138,Growlithe,1.46935,2618,1.649,988,1.915
139,Goldeen,1.45285,2499,1.574,1018,1.974
140,Voltorb,1.44842,2619,1.650,985,1.910
141,Shellder,1.41180,2477,1.560,1017,1.972
142,Bellsprout,1.40541,2458,1.548,974,1.888
143,Kabuto,1.40459,2342,1.475,955,1.851
144,Zubat,1.39998,2344,1.477,1011,1.960
145,Slowpoke,1.39371,2246,1.415,843,1.634
146,Rhyhorn,1.37187,2427,1.529,1008,1.954
147,Grimer,1.34418,2544,1.603,1049,2.034
148,Oddish,1.33805,2262,1.425,911,1.766
149,Spearow,1.33719,2386,1.503,988,1.915
150,NidoranM,1.33497,2462,1.551,959,1.859
151,Tentacool,1.30278,2155,1.358,940,1.822
