 Total battles: 4586
 Avg. weight/team: 1.0
Rank,Pokemon,Usage percentage,Raw,Raw percentage,Real,Real percentage
1,Snorlax,53.33624,4892,53.336,3900,52.875
2,Tyranitar,27.85652,2555,27.857,1986,26.926
3,Skarmory,24.09507,2210,24.095,1766,23.943
4,Gengar,23.85521,2188,23.855,1738,23.563
5,Raikou,23.00480,2110,23.005,1842,24.973
6,Cloyster,22.42695,2057,22.427,1819,24.662
7,Exeggutor,21.58744,1980,21.587,1583,21.462
8,Miltank,18.92717,1736,18.927,1254,17.001
9,Blissey,18.82904,1727,18.829,1403,19.022
10,Dragonite,17.70606,1624,17.706,1310,17.761
11,Umbreon,17.36808,1593,17.368,1372,18.601
12,Machamp,16.08155,1475,16.082,1112,15.076
13,Heracross,15.52551,1424,15.526,1140,15.456
14,Suicune,14.82774,1360,14.828,1106,14.995
15,Starmie,14.81683,1359,14.817,1098,14.886
16,Zapdos,14.70781,1349,14.708,1147,15.551
17,Marowak,13.85739,1271,13.857,1021,13.843
18,Jolteon,13.02878,1195,13.029,1027,13.924
19,Steelix,12.20017,1119,12.200,921,12.487
20,Nidoking,11.56782,1061,11.568,902,12.229
21,Forretress,11.32795,1039,11.328,940,12.744
22,Charizard,9.30004,853,9.300,680,9.219
23,Vaporeon,8.56956,786,8.570,605,8.202
24,Houndoom,8.07894,741,8.079,569,7.714
25,Typhlosion,8.04623,738,8.046,600,8.135
26,Scizor,7.54470,692,7.545,544,7.375
27,Misdreavus,7.23942,664,7.239,489,6.630
28,Kingdra,6.42172,589,6.422,491,6.657
29,Alakazam,6.14915,564,6.149,434,5.884
30,Ampharos,5.40776,496,5.408,418,5.667
31,Espeon,4.92804,452,4.928,332,4.501
32,Jynx,4.70999,432,4.710,406,5.504
33,Venusaur,4.69908,431,4.699,344,4.664
34,Meganium,4.64457,426,4.645,328,4.447
35,Feraligatr,4.57915,420,4.579,322,4.366
36,Smeargle,3.94679,362,3.947,327,4.433
37,Golem,3.79416,348,3.794,297,4.027
38,Rhydon,3.59791,330,3.598,266,3.606
39,Quagsire,3.16180,290,3.162,240,3.254
40,Pikachu,3.00916,276,3.009,226,3.064
41,Blastoise,2.81291,258,2.813,205,2.779
42,Arcanine,2.67117,245,2.671,198,2.684
43,Lanturn,2.56215,235,2.562,204,2.766
44,Tentacruel,2.55124,234,2.551,178,2.413
45,Lapras,2.49673,229,2.497,166,2.251
46,Crobat,2.47492,227,2.475,162,2.196
47,Muk,2.20235,202,2.202,165,2.237
48,Electrode,2.06062,189,2.061,156,2.115
49,Porygon2,2.03881,187,2.039,147,1.993
50,Aerodactyl,1.97340,181,1.973,154,2.088
51,Entei,1.97340,181,1.973,127,1.722
52,Slowbro,1.83166,168,1.832,146,1.979
53,Moltres,1.83166,168,1.832,132,1.790
54,Tauros,1.75534,161,1.755,123,1.668
55,Donphan,1.68993,155,1.690,117,1.586
56,Scyther,1.59180,146,1.592,117,1.586
57,Gyarados,1.55909,143,1.559,113,1.532
58,Raichu,1.52638,140,1.526,118,1.600
59,Piloswine,1.46097,134,1.461,122,1.654
60,Clefable,1.43916,132,1.439,104,1.410
61,Shuckle,1.29743,119,1.297,98,1.329
62,Politoed,1.26472,116,1.265,96,1.302
63,Jumpluff,1.26472,116,1.265,92,1.247
64,Articuno,1.17750,108,1.177,81,1.098
65,Kangaskhan,1.17750,108,1.177,90,1.220
66,Ursaring,1.09027,100,1.090,77,1.044
67,Granbull,1.07937,99,1.079,78,1.058
68,Poliwrath,1.05757,97,1.058,75,1.017
69,Chansey,1.01396,93,1.014,76,1.030
70,Electabuzz,0.98125,90,0.981,80,1.085
71,Sudowoodo,0.95944,88,0.959,67,0.908
72,Mantine,0.91583,84,0.916,69,0.935
73,Magmar,0.90493,83,0.905,66,0.895
74,Pidgeot,0.89403,82,0.894,70,0.949
75,Weezing,0.79590,73,0.796,57,0.773
76,Noctowl,0.77410,71,0.774,54,0.732
77,Gligar,0.76319,70,0.763,53,0.719
78,Hypno,0.76319,70,0.763,67,0.908
79,Primeape,0.73048,67,0.730,46,0.624
80,Sneasel,0.73048,67,0.730,65,0.881
81,Togetic,0.68687,63,0.687,42,0.569
82,Victreebel,0.67597,62,0.676,49,0.664
83,Hitmonlee,0.66507,61,0.665,45,0.610
84,Xatu,0.66507,61,0.665,50,0.678
85,Dodrio,0.64326,59,0.643,44,0.597
86,Flareon,0.64326,59,0.643,37,0.502
87,Girafarig,0.62146,57,0.621,41,0.556
88,Nidoqueen,0.62146,57,0.621,42,0.569
89,Vileplume,0.62146,57,0.621,46,0.624
90,Ditto,0.57785,53,0.578,42,0.569
91,Hitmontop,0.56694,52,0.567,42,0.569
92,Ninetales,0.55604,51,0.556,46,0.624
93,Magneton,0.55604,51,0.556,40,0.542
94,Pinsir,0.51243,47,0.512,34,0.461
95,Kabutops,0.51243,47,0.512,33,0.447
96,Octillery,0.51243,47,0.512,39,0.529
97,Slowking,0.47972,44,0.480,38,0.515
98,Sandslash,0.43611,40,0.436,35,0.475
99,Beedrill,0.40340,37,0.403,26,0.353
100,Golduck,0.39250,36,0.392,24,0.325
101,Totodile,0.35979,33,0.360,24,0.325
102,Bayleef,0.34889,32,0.349,22,0.298
103,Aipom,0.33799,31,0.338,22,0.298
104,Azumarill,0.33799,31,0.338,30,0.407
105,Sunflora,0.31618,29,0.316,25,0.339
106,Hitmonchan,0.30528,28,0.305,26,0.353
107,Butterfree,0.28347,26,0.283,23,0.312
108,Rapidash,0.25076,23,0.251,20,0.271
109,Qwilfish,0.25076,23,0.251,23,0.312
110,Persian,0.23986,22,0.240,19,0.258
111,Ledian,0.22896,21,0.229,15,0.203
112,Bellossom,0.22896,21,0.229,16,0.217
113,Onix,0.22896,21,0.229,19,0.258
114,Cyndaquil,0.22896,21,0.229,16,0.217
115,Wobbuffet,0.21805,20,0.218,15,0.203
116,Farfetch'd,0.21805,20,0.218,18,0.244
117,Omastar,0.21805,20,0.218,16,0.217
118,Parasect,0.20715,19,0.207,16,0.217
119,Dratini,0.20715,19,0.207,18,0.244
120,Wigglytuff,0.20715,19,0.207,11,0.149
121,Stantler,0.20715,19,0.207,19,0.258
122,Murkrow,0.19625,18,0.196,14,0.190
123,Ariados,0.19625,18,0.196,17,0.230
124,Arbok,0.18535,17,0.185,14,0.190
125,Mr. Mime,0.18535,17,0.185,11,0.149
126,Cubone,0.17444,16,0.174,10,0.136
127,Pineco,0.16354,15,0.164,15,0.203
128,Quilava,0.15264,14,0.153,10,0.136
129,Chikorita,0.15264,14,0.153,11,0.149
130,Corsola,0.14174,13,0.142,8,0.108
131,Lickitung,0.14174,13,0.142,10,0.136
132,Venomoth,0.13083,12,0.131,8,0.108
133,Tangela,0.11993,11,0.120,10,0.136
134,Bulbasaur,0.11993,11,0.120,10,0.136
135,Dugtrio,0.11993,11,0.120,10,0.136
136,Magcargo,0.10903,10,0.109,8,0.108
137,Haunter,0.10903,10,0.109,10,0.136
138,Raticate,0.09812,9,0.098,8,0.108
139,Porygon,0.09812,9,0.098,8,0.108
140,Fearow,0.08722,8,0.087,5,0.068
141,Charmander,0.08722,8,0.087,4,0.054
142,Pichu,0.08722,8,0.087,7,0.095
143,Dewgong,0.08722,8,0.087,5,0.068
144,Dragonair,0.07632,7,0.076,5,0.068
145,Eevee,0.07632,7,0.076,6,0.081
146,Seadra,0.07632,7,0.076,5,0.068
147,Slowpoke,0.06542,6,0.065,6,0.081
148,Magikarp,0.06542,6,0.065,4,0.054
149,Furret,0.06542,6,0.065,6,0.081
150,Caterpie,0.06542,6,0.065,3,0.041
151,Dunsparce,0.06542,6,0.065,6,0.081
152,Squirtle,0.04361,4,0.044,4,0.054
153,Gastly,0.04361,4,0.044,4,0.054
154,Poliwhirl,0.04361,4,0.044,3,0.041
155,Unown,0.03271,3,0.033,1,0.014
156,Mareep,0.03271,3,0.033,2,0.027
157,Kadabra,0.03271,3,0.033,3,0.041
158,Shellder,0.03271,3,0.033,2,0.027
159,Wartortle,0.03271,3,0.033,3,0.041
160,Rattata,0.03271,3,0.033,2,0.027
161,Drowzee,0.03271,3,0.033,1,0.014
162,Larvitar,0.03271,3,0.033,3,0.041
163,Kingler,0.03271,3,0.033,3,0.041
164,Pupitar,0.03271,3,0.033,3,0.041
165,Seaking,0.03271,3,0.033,1,0.014
166,Phanpy,0.03271,3,0.033,2,0.027
167,Psyduck,0.02181,2,0.022,2,0.027
168,Houndour,0.02181,2,0.022,2,0.027
169,Pidgeotto,0.02181,2,0.022,2,0.027
170,Togepi,0.02181,2,0.022,2,0.027
171,Geodude,0.02181,2,0.022,1,0.014
172,Hoothoot,0.02181,2,0.022,1,0.014
173,Meowth,0.02181,2,0.022,2,0.027
174,Ekans,0.02181,2,0.022,1,0.014
175,Jigglypuff,0.02181,2,0.022,2,0.027
176,Pidgey,0.02181,2,0.022,2,0.027
177,Machoke,0.02181,2,0.022,1,0.014
178,Horsea,0.02181,2,0.022,1,0.014
179,Staryu,0.02181,2,0.022,2,0.027
180,Delibird,0.02181,2,0.022,2,0.027
181,Growlithe,0.01090,1,0.011,1,0.014
182,Slugma,0.01090,1,0.011,1,0.014
183,Charmeleon,0.01090,1,0.011,1,0.014
184,Igglybuff,0.01090,1,0.011,1,0.014
185,Marill,0.01090,1,0.011,1,0.014
186,Croconaw,0.01090,1,0.011,0,0.000
187,Vulpix,0.01090,1,0.011,1,0.014
188,Spearow,0.01090,1,0.011,1,0.014
189,Metapod,0.01090,1,0.011,1,0.014
190,Teddiursa,0.01090,1,0.011,1,0.014
191,Ivysaur,0.01090,1,0.011,1,0.014
192,Goldeen,0.01090,1,0.011,1,0.014
193,Sandshrew,0.01090,1,0.011,0,0.000
194,Golbat,0.01090,1,0.011,0,0.000
195,Zubat,0.01090,1,0.011,1,0.014
196,Venonat,0.01090,1,0.011,1,0.014
197,Kakuna,0.01090,1,0.011,1,0.014
198,Flaaffy,0.01090,1,0.011,1,0.014
199,Rhyhorn,0.01090,1,0.011,0,0.000
200,Weedle,0.01090,1,0.011,0,0.000
201,Clefairy,0.01090,1,0.011,1,0.014
202,Elekid,0.01090,1,0.011,1,0.014
