 Total battles: 12963
 Avg. weight/team: 0.643
Rank,Pokemon,Usage percentage,Raw,Raw percentage,Real,Real percentage
1,Tyranitar,41.46063,8888,34.282,7400,35.848
2,Gengar,38.25802,9213,35.536,7314,35.431
3,Swampert,28.60348,6979,26.919,5626,27.254
4,Metagross,28.57010,7074,27.285,5721,27.714
5,Skarmory,28.18988,6556,25.287,5885,28.509
6,Celebi,27.11615,5790,22.333,4808,23.291
7,Blissey,26.75416,5951,22.954,5035,24.391
8,Salamence,26.10969,6583,25.391,5285,25.602
9,Snorlax,25.69510,6221,23.995,5024,24.338
10,Dugtrio,23.95413,5242,20.219,3843,18.617
11,Magneton,23.28099,5084,19.610,3618,17.527
12,Suicune,18.78171,3864,14.904,3185,15.429
13,Aerodactyl,17.26346,4179,16.119,3112,15.075
14,Forretress,15.19158,3305,12.748,2963,14.354
15,Starmie,13.91916,3245,12.516,2396,11.607
16,Heracross,12.35430,3265,12.594,2557,12.387
17,Zapdos,10.98540,2603,10.040,2221,10.759
18,Jolteon,10.20481,3178,12.258,2690,13.031
19,Milotic,10.08345,2735,10.549,2215,10.730
20,Jirachi,9.55511,2147,8.281,1698,8.226
21,Gyarados,8.57007,2068,7.977,1626,7.877
22,Flygon,8.38947,2316,8.933,1809,8.763
23,Claydol,7.96740,1837,7.086,1424,6.898
24,Porygon2,7.48826,1647,6.353,1236,5.988
25,Vaporeon,5.12698,1428,5.508,1163,5.634
26,Charizard,4.82586,1499,5.782,1170,5.668
27,Medicham,4.79401,1052,4.058,817,3.958
28,Raikou,4.68574,1362,5.253,1105,5.353
29,Cloyster,4.33648,1142,4.405,1003,4.859
30,Ninjask,4.28973,1389,5.358,1238,5.997
31,Sceptile,3.82645,1429,5.512,1190,5.765
32,Blaziken,3.77961,1700,6.557,1252,6.065
33,Venusaur,3.65420,1185,4.571,988,4.786
34,Regice,3.59138,877,3.383,687,3.328
35,Dusclops,3.44343,1023,3.946,815,3.948
36,Alakazam,3.26871,1350,5.207,1006,4.873
37,Kingdra,3.26124,1085,4.185,889,4.307
38,Houndoom,3.16943,1171,4.517,915,4.433
39,Ludicolo,2.95982,1019,3.930,825,3.997
40,Umbreon,2.90453,1179,4.548,971,4.704
41,Dragonite,2.83410,1213,4.679,926,4.486
42,Scizor,2.60863,1086,4.189,845,4.093
43,Weezing,2.55197,833,3.213,647,3.134
44,Breloom,2.51381,741,2.858,590,2.858
45,Hariyama,2.46344,590,2.276,510,2.471
46,Cacturne,2.24901,504,1.944,394,1.909
47,Steelix,2.08168,639,2.465,523,2.534
48,Blastoise,1.79280,678,2.615,545,2.640
49,Arcanine,1.74336,703,2.712,574,2.781
50,Marowak,1.69306,574,2.214,388,1.880
51,Gardevoir,1.67618,989,3.815,657,3.183
52,Donphan,1.62257,359,1.385,292,1.415
53,Smeargle,1.60783,548,2.114,405,1.962
54,Mr. Mime,1.46028,606,2.337,427,2.069
55,Armaldo,1.39381,318,1.227,257,1.245
56,Slaking,1.38849,478,1.844,410,1.986
57,Machamp,1.36601,537,2.071,400,1.938
58,Miltank,1.36146,675,2.604,368,1.783
59,Lapras,1.30080,475,1.832,381,1.846
60,Registeel,1.09049,279,1.076,217,1.051
61,Cradily,1.07033,333,1.284,128,0.620
62,Moltres,1.05937,236,0.910,201,0.974
63,Espeon,1.04354,357,1.377,265,1.284
64,Nidoking,0.96010,287,1.107,203,0.983
65,Sandslash,0.95375,230,0.887,185,0.896
66,Exeggutor,0.94695,464,1.790,312,1.511
67,Camerupt,0.93313,236,0.910,182,0.882
68,Misdreavus,0.91621,223,0.860,185,0.896
69,Aggron,0.90214,378,1.458,278,1.347
70,Rhydon,0.81118,242,0.933,175,0.848
71,Crobat,0.78333,325,1.254,245,1.187
72,Raichu,0.74200,254,0.980,198,0.959
73,Slowbro,0.64705,290,1.119,231,1.119
74,Glalie,0.61430,171,0.660,143,0.693
75,Gligar,0.58322,117,0.451,86,0.417
76,Kabutops,0.56795,111,0.428,88,0.426
77,Dodrio,0.55703,130,0.501,98,0.475
78,Articuno,0.55608,152,0.586,117,0.567
79,Rapidash,0.52366,118,0.455,108,0.523
80,Regirock,0.47100,155,0.598,118,0.572
81,Ursaring,0.45091,199,0.768,136,0.659
82,Exploud,0.44642,105,0.405,59,0.286
83,Manectric,0.43860,213,0.822,144,0.698
84,Jynx,0.43289,100,0.386,90,0.436
85,Tauros,0.42561,169,0.652,124,0.601
86,Pikachu,0.42519,189,0.729,154,0.746
87,Altaria,0.41204,152,0.586,119,0.576
88,Omastar,0.40722,92,0.355,81,0.392
89,Lanturn,0.38325,138,0.532,116,0.562
90,Hypno,0.37427,156,0.602,146,0.707
91,Swellow,0.32950,183,0.706,123,0.596
92,Quagsire,0.31486,69,0.266,64,0.310
93,Scyther,0.31125,104,0.401,81,0.392
94,Nidoqueen,0.30919,79,0.305,59,0.286
95,Zangoose,0.29128,104,0.401,68,0.329
96,Shiftry,0.28884,149,0.575,126,0.610
97,Poliwrath,0.28412,246,0.949,171,0.828
98,Ninetales,0.26934,122,0.471,94,0.455
99,Absol,0.26591,190,0.733,145,0.702
100,Electrode,0.25627,264,1.018,239,1.158
101,Hitmonlee,0.24768,88,0.339,58,0.281
102,Pinsir,0.24216,86,0.332,60,0.291
103,Vileplume,0.23581,86,0.332,65,0.315
104,Tentacruel,0.23574,270,1.041,207,1.003
105,Ampharos,0.23066,128,0.494,103,0.499
106,Linoone,0.22676,77,0.297,63,0.305
107,Walrein,0.21095,108,0.417,78,0.378
108,Banette,0.20579,146,0.563,118,0.572
109,Shedinja,0.20532,113,0.436,74,0.358
110,Victreebel,0.20272,62,0.239,53,0.257
111,Typhlosion,0.19740,143,0.552,116,0.562
112,Kangaskhan,0.19411,80,0.309,64,0.310
113,Wailord,0.19105,62,0.239,53,0.257
114,Lunatone,0.18861,47,0.181,33,0.160
115,Sableye,0.17894,138,0.532,100,0.484
116,Solrock,0.17890,51,0.197,34,0.165
117,Entei,0.17344,69,0.266,51,0.247
118,Golem,0.16877,86,0.332,66,0.320
119,Meganium,0.16699,80,0.309,63,0.305
120,Primeape,0.15908,114,0.440,92,0.446
121,Octillery,0.15296,41,0.158,32,0.155
122,Muk,0.14802,97,0.374,75,0.363
123,Electabuzz,0.14166,122,0.471,89,0.431
124,Politoed,0.14062,43,0.166,37,0.179
125,Venomoth,0.13206,42,0.162,35,0.170
126,Mantine,0.13043,87,0.336,68,0.329
127,Flareon,0.12943,74,0.285,52,0.252
128,Jumpluff,0.12846,41,0.158,32,0.155
129,Qwilfish,0.12721,26,0.100,23,0.111
130,Mawile,0.12672,50,0.193,39,0.189
131,Magmar,0.11959,65,0.251,56,0.271
132,Kecleon,0.11343,39,0.150,34,0.165
133,Feraligatr,0.11255,51,0.197,43,0.208
134,Sharpedo,0.10136,60,0.231,35,0.170
135,Chansey,0.10114,146,0.563,101,0.489
136,Hitmontop,0.09843,75,0.289,61,0.296
137,Hitmonchan,0.09614,42,0.162,27,0.131
138,Torkoal,0.09511,85,0.328,68,0.329
139,Golduck,0.09098,50,0.193,35,0.170
140,Dunsparce,0.08361,17,0.066,16,0.078
141,Chimecho,0.08316,16,0.062,13,0.063
142,Relicanth,0.07288,25,0.096,15,0.073
143,Pidgeot,0.07050,49,0.189,34,0.165
144,Shuckle,0.06965,41,0.158,35,0.170
145,Seaking,0.06585,11,0.042,8,0.039
146,Mightyena,0.06494,43,0.166,33,0.160
147,Huntail,0.06318,16,0.062,12,0.058
148,Kingler,0.06244,32,0.123,25,0.121
149,Gorebyss,0.06045,25,0.096,22,0.107
150,Noctowl,0.05532,30,0.116,20,0.097
151,Tangela,0.05506,13,0.050,10,0.048
152,Volbeat,0.05447,24,0.093,22,0.107
153,Vigoroth,0.05275,24,0.093,19,0.092
154,Clefable,0.05130,25,0.096,23,0.111
155,Crawdaunt,0.04927,31,0.120,22,0.107
156,Tropius,0.04922,40,0.154,27,0.131
157,Diglett,0.04630,10,0.039,4,0.019
158,Corphish,0.04456,34,0.131,25,0.121
159,Ledian,0.04346,18,0.069,13,0.063
160,Xatu,0.04320,30,0.116,25,0.121
161,Roselia,0.04206,19,0.073,15,0.073
162,Azumarill,0.04152,13,0.050,10,0.048
163,Persian,0.04132,29,0.112,25,0.121
164,Lickitung,0.04065,20,0.077,14,0.068
165,Beedrill,0.03564,15,0.058,11,0.053
166,Butterfree,0.03492,20,0.077,11,0.053
167,Swalot,0.03426,15,0.058,10,0.048
168,Grumpig,0.03419,14,0.054,10,0.048
169,Granbull,0.03149,16,0.062,14,0.068
170,Aipom,0.03060,10,0.039,8,0.039
171,Masquerain,0.02928,16,0.062,15,0.073
172,Piloswine,0.02800,8,0.031,6,0.029
173,Slowking,0.02664,47,0.181,38,0.184
174,Charmeleon,0.02593,7,0.027,7,0.034
175,Murkrow,0.02589,12,0.046,7,0.034
176,Magcargo,0.02528,25,0.096,18,0.087
177,Togetic,0.02489,14,0.054,10,0.048
178,Gloom,0.02475,6,0.023,6,0.029
179,Sneasel,0.02470,10,0.039,2,0.010
180,Pelipper,0.02401,16,0.062,11,0.053
181,Castform,0.02399,14,0.054,12,0.058
182,Plusle,0.02342,8,0.031,7,0.034
183,Fearow,0.02268,10,0.039,6,0.029
184,Cacnea,0.02236,5,0.019,4,0.019
185,Bellossom,0.02200,13,0.050,12,0.058
186,Seviper,0.02146,13,0.050,8,0.039
187,Farfetch'd,0.02092,11,0.042,7,0.034
188,Haunter,0.02086,10,0.039,6,0.029
189,Delcatty,0.01891,10,0.039,8,0.039
190,Golbat,0.01831,6,0.023,6,0.029
191,Minun,0.01781,8,0.031,5,0.024
192,Ariados,0.01754,9,0.035,6,0.029
193,Stantler,0.01745,7,0.027,6,0.029
194,Wigglytuff,0.01737,10,0.039,7,0.034
195,Kakuna,0.01543,3,0.012,2,0.010
196,Parasect,0.01518,9,0.035,9,0.044
197,Clamperl,0.01504,7,0.027,6,0.029
198,Ditto,0.01444,10,0.039,9,0.044
199,Trapinch,0.01419,13,0.050,6,0.029
200,Eevee,0.01418,9,0.035,9,0.044
201,Rattata,0.01343,12,0.046,10,0.048
202,Grovyle,0.01330,10,0.039,7,0.034
203,Aron,0.01123,7,0.027,7,0.034
204,Whiscash,0.01119,12,0.046,8,0.039
205,Zubat,0.01067,2,0.008,1,0.005
206,Sudowoodo,0.01064,14,0.054,6,0.029
207,Spinarak,0.01008,5,0.019,5,0.024
208,Dragonair,0.00942,7,0.027,4,0.019
209,Furret,0.00929,6,0.023,6,0.029
210,Dewgong,0.00890,4,0.015,4,0.019
211,Charmander,0.00880,5,0.019,5,0.024
212,Pichu,0.00831,4,0.015,4,0.019
213,Beautifly,0.00811,6,0.023,4,0.019
214,Togepi,0.00779,3,0.012,3,0.015
215,Kadabra,0.00758,4,0.015,4,0.019
216,Houndour,0.00734,3,0.012,1,0.005
217,Nosepass,0.00710,8,0.031,8,0.039
218,Raticate,0.00699,7,0.027,7,0.034
219,Dustox,0.00671,6,0.023,6,0.029
220,Marshtomp,0.00671,4,0.015,4,0.019
221,Bulbasaur,0.00651,5,0.019,5,0.024
222,Cubone,0.00636,6,0.023,1,0.005
223,Lairon,0.00632,4,0.015,2,0.010
224,Delibird,0.00631,4,0.015,2,0.010
225,Girafarig,0.00611,9,0.035,8,0.039
226,Abra,0.00599,3,0.012,3,0.015
227,Arbok,0.00562,2,0.008,2,0.010
228,Porygon,0.00508,4,0.015,4,0.019
229,Quilava,0.00488,3,0.012,3,0.015
230,Taillow,0.00446,2,0.008,1,0.005
231,Zigzagoon,0.00446,2,0.008,1,0.005
232,Lileep,0.00425,2,0.008,2,0.010
233,Gastly,0.00403,3,0.012,3,0.015
234,Larvitar,0.00403,3,0.012,2,0.010
235,Nuzleaf,0.00400,2,0.008,2,0.010
236,Magikarp,0.00383,1,0.004,0,0.000
237,Pidgeotto,0.00359,2,0.008,1,0.005
238,Elekid,0.00351,2,0.008,2,0.010
239,Silcoon,0.00344,2,0.008,2,0.010
240,Bayleef,0.00340,2,0.008,1,0.005
241,Unown,0.00329,2,0.008,1,0.005
242,Onix,0.00329,2,0.008,2,0.010
243,Squirtle,0.00301,3,0.012,2,0.010
244,Mankey,0.00289,2,0.008,2,0.010
245,Totodile,0.00287,2,0.008,1,0.005
246,Cyndaquil,0.00287,2,0.008,1,0.005
247,Luvdisc,0.00255,2,0.008,2,0.010
248,Exeggcute,0.00248,2,0.008,2,0.010
249,Voltorb,0.00247,1,0.004,1,0.005
250,Vulpix,0.00247,1,0.004,1,0.005
251,Jigglypuff,0.00237,2,0.008,1,0.005
252,Kirlia,0.00234,1,0.004,1,0.005
253,Clefairy,0.00234,1,0.004,1,0.005
254,Machoke,0.00231,2,0.008,2,0.010
255,Spoink,0.00229,1,0.004,0,0.000
256,Illumise,0.00229,1,0.004,1,0.005
257,Wurmple,0.00223,1,0.004,1,0.005
258,Mudkip,0.00223,1,0.004,1,0.005
259,Spinda,0.00223,1,0.004,0,0.000
260,Beldum,0.00223,1,0.004,1,0.005
261,Treecko,0.00223,1,0.004,1,0.005
262,Tentacool,0.00223,1,0.004,0,0.000
263,Ralts,0.00223,1,0.004,0,0.000
264,Doduo,0.00217,1,0.004,0,0.000
265,Ivysaur,0.00216,1,0.004,1,0.005
266,Poochyena,0.00214,1,0.004,1,0.005
267,Combusken,0.00168,1,0.004,0,0.000
268,Corsola,0.00154,1,0.004,1,0.005
269,Seadra,0.00134,1,0.004,1,0.005
270,Skitty,0.00089,1,0.004,1,0.005
271,Meowth,0.00063,1,0.004,1,0.005
272,Geodude,0.00051,1,0.004,1,0.005
273,Drowzee,0.00044,1,0.004,1,0.005
274,Azurill,0.00032,1,0.004,1,0.005
275,Staryu,0.00032,1,0.004,1,0.005
