 Total battles: 12963
 Avg. weight/team: 0.081
Rank,Pokemon,Usage percentage,Raw,Raw percentage,Real,Real percentage
1,Tyranitar,60.11949,8888,34.282,7400,35.848
2,Gengar,42.99108,9213,35.536,7314,35.431
3,Metagross,36.84139,7074,27.285,5721,27.714
4,Swampert,35.77307,6979,26.919,5626,27.254
5,Skarmory,33.71943,6556,25.287,5885,28.509
6,Celebi,31.13340,5790,22.333,4808,23.291
7,Suicune,30.91659,3864,14.904,3185,15.429
8,Salamence,30.61436,6583,25.391,5285,25.602
9,Snorlax,30.38457,6221,23.995,5024,24.338
10,Magneton,28.62100,5084,19.610,3618,17.527
11,Dugtrio,28.31826,5242,20.219,3843,18.617
12,Blissey,23.92434,5951,22.954,5035,24.391
13,Aerodactyl,18.07420,4179,16.119,3112,15.075
14,Starmie,16.84794,3245,12.516,2396,11.607
15,Forretress,15.68937,3305,12.748,2963,14.354
16,Porygon2,12.62165,1647,6.353,1236,5.988
17,Zapdos,12.41628,2603,10.040,2221,10.759
18,Jirachi,11.99795,2147,8.281,1698,8.226
19,Milotic,9.94324,2735,10.549,2215,10.730
20,Heracross,9.48019,3265,12.594,2557,12.387
21,Jolteon,9.36950,3178,12.258,2690,13.031
22,Claydol,8.74585,1837,7.086,1424,6.898
23,Flygon,8.31754,2316,8.933,1809,8.763
24,Gyarados,5.15128,2068,7.977,1626,7.877
25,Cloyster,4.60991,1142,4.405,1003,4.859
26,Raikou,4.24994,1362,5.253,1105,5.353
27,Regice,3.85088,877,3.383,687,3.328
28,Venusaur,3.42021,1185,4.571,988,4.786
29,Hariyama,2.51637,590,2.276,510,2.471
30,Vaporeon,2.41050,1428,5.508,1163,5.634
31,Cacturne,2.18601,504,1.944,394,1.909
32,Registeel,2.04623,279,1.076,217,1.051
33,Houndoom,1.81445,1171,4.517,915,4.433
34,Charizard,1.59718,1499,5.782,1170,5.668
35,Steelix,1.34622,639,2.465,523,2.534
36,Scizor,0.99389,1086,4.189,845,4.093
37,Rhydon,0.90731,242,0.933,175,0.848
38,Weezing,0.90333,833,3.213,647,3.134
39,Umbreon,0.84124,1179,4.548,971,4.704
40,Regirock,0.81396,155,0.598,118,0.572
41,Moltres,0.77946,236,0.910,201,0.974
42,Camerupt,0.77646,236,0.910,182,0.882
43,Armaldo,0.65431,318,1.227,257,1.245
44,Lapras,0.64171,475,1.832,381,1.846
45,Alakazam,0.57255,1350,5.207,1006,4.873
46,Mr. Mime,0.55651,606,2.337,427,2.069
47,Kingdra,0.50147,1085,4.185,889,4.307
48,Breloom,0.43944,741,2.858,590,2.858
49,Dragonite,0.42515,1213,4.679,926,4.486
50,Misdreavus,0.41612,223,0.860,185,0.896
51,Gardevoir,0.39605,989,3.815,657,3.183
52,Gligar,0.39256,117,0.451,86,0.417
53,Blaziken,0.38531,1700,6.557,1252,6.065
54,Smeargle,0.36346,548,2.114,405,1.962
55,Donphan,0.33146,359,1.385,292,1.415
56,Kabutops,0.33112,111,0.428,88,0.426
57,Articuno,0.33042,152,0.586,117,0.567
58,Quagsire,0.31630,69,0.266,64,0.310
59,Exeggutor,0.31032,464,1.790,312,1.511
60,Slaking,0.31015,478,1.844,410,1.986
61,Dusclops,0.29677,1023,3.946,815,3.948
62,Medicham,0.26066,1052,4.058,817,3.958
63,Ludicolo,0.25516,1019,3.930,825,3.997
64,Cradily,0.24997,333,1.284,128,0.620
65,Scyther,0.23233,104,0.401,81,0.392
66,Exploud,0.20432,105,0.405,59,0.286
67,Glalie,0.20182,171,0.660,143,0.693
68,Sceptile,0.19785,1429,5.512,1190,5.765
69,Miltank,0.18076,675,2.604,368,1.783
70,Qwilfish,0.17465,26,0.100,23,0.111
71,Tauros,0.15350,169,0.652,124,0.601
72,Ninjask,0.14606,1389,5.358,1238,5.997
73,Walrein,0.13152,108,0.417,78,0.378
74,Hitmonlee,0.11251,88,0.339,58,0.281
75,Blastoise,0.09023,678,2.615,545,2.640
76,Sandslash,0.08214,230,0.887,185,0.896
77,Ninetales,0.08184,122,0.471,94,0.455
78,Marowak,0.07915,574,2.214,388,1.880
79,Raichu,0.07409,254,0.980,198,0.959
80,Rapidash,0.06900,118,0.455,108,0.523
81,Altaria,0.06385,152,0.586,119,0.576
82,Machamp,0.06287,537,2.071,400,1.938
83,Nidoqueen,0.05683,79,0.305,59,0.286
84,Typhlosion,0.05325,143,0.552,116,0.562
85,Shedinja,0.04527,113,0.436,74,0.358
86,Jynx,0.04320,100,0.386,90,0.436
87,Linoone,0.04132,77,0.297,63,0.305
88,Jumpluff,0.04116,41,0.158,32,0.155
89,Shiftry,0.03932,149,0.575,126,0.610
90,Slowbro,0.03602,290,1.119,231,1.119
91,Victreebel,0.03599,62,0.239,53,0.257
92,Espeon,0.03440,357,1.377,265,1.284
93,Hypno,0.03416,156,0.602,146,0.707
94,Omastar,0.02743,92,0.355,81,0.392
95,Aggron,0.02721,378,1.458,278,1.347
96,Ursaring,0.02563,199,0.768,136,0.659
97,Arcanine,0.02347,703,2.712,574,2.781
98,Lanturn,0.02234,138,0.532,116,0.562
99,Swellow,0.01777,183,0.706,123,0.596
100,Diglett,0.01524,10,0.039,4,0.019
101,Nidoking,0.01468,287,1.107,203,0.983
102,Meganium,0.01431,80,0.309,63,0.305
103,Sableye,0.01369,138,0.532,100,0.484
104,Zangoose,0.01328,104,0.401,68,0.329
105,Manectric,0.01158,213,0.822,144,0.698
106,Banette,0.01151,146,0.563,118,0.572
107,Feraligatr,0.01132,51,0.197,43,0.208
108,Piloswine,0.01046,8,0.031,6,0.029
109,Poliwrath,0.00931,246,0.949,171,0.828
110,Pikachu,0.00914,189,0.729,154,0.746
111,Azumarill,0.00899,13,0.050,10,0.048
112,Solrock,0.00864,51,0.197,34,0.165
113,Tangela,0.00845,13,0.050,10,0.048
114,Absol,0.00642,190,0.733,145,0.702
115,Magmar,0.00617,65,0.251,56,0.271
116,Clefable,0.00604,25,0.096,23,0.111
117,Octillery,0.00595,41,0.158,32,0.155
118,Mawile,0.00590,50,0.193,39,0.189
119,Kangaskhan,0.00463,80,0.309,64,0.310
120,Crobat,0.00461,325,1.254,245,1.187
121,Ampharos,0.00458,128,0.494,103,0.499
122,Cacnea,0.00363,5,0.019,4,0.019
123,Entei,0.00348,69,0.266,51,0.247
124,Tentacruel,0.00303,270,1.041,207,1.003
125,Dodrio,0.00259,130,0.501,98,0.475
126,Grumpig,0.00183,14,0.054,10,0.048
127,Plusle,0.00183,8,0.031,7,0.034
128,Electabuzz,0.00179,122,0.471,89,0.431
129,Vileplume,0.00155,86,0.332,65,0.315
130,Primeape,0.00144,114,0.440,92,0.446
131,Lickitung,0.00131,20,0.077,14,0.068
132,Crawdaunt,0.00130,31,0.120,22,0.107
133,Politoed,0.00117,43,0.166,37,0.179
134,Golem,0.00115,86,0.332,66,0.320
135,Sharpedo,0.00086,60,0.231,35,0.170
136,Wailord,0.00080,62,0.239,53,0.257
137,Lunatone,0.00078,47,0.181,33,0.160
138,Flareon,0.00077,74,0.285,52,0.252
139,Hitmontop,0.00074,75,0.289,61,0.296
140,Ledian,0.00072,18,0.069,13,0.063
141,Stantler,0.00054,7,0.027,6,0.029
142,Venomoth,0.00032,42,0.162,35,0.170
143,Togetic,0.00029,14,0.054,10,0.048
144,Xatu,0.00029,30,0.116,25,0.121
145,Vigoroth,0.00029,24,0.093,19,0.092
146,Murkrow,0.00023,12,0.046,7,0.034
147,Chansey,0.00022,146,0.563,101,0.489
148,Kecleon,0.00022,39,0.150,34,0.165
149,Electrode,0.00017,264,1.018,239,1.158
150,Persian,0.00016,29,0.112,25,0.121
151,Pinsir,0.00016,86,0.332,60,0.291
152,Sudowoodo,0.00012,14,0.054,6,0.029
153,Shuckle,0.00011,41,0.158,35,0.170
154,Haunter,0.00010,10,0.039,6,0.029
155,Mantine,0.00010,87,0.336,68,0.329
156,Pelipper,0.00008,16,0.062,11,0.053
157,Huntail,0.00008,16,0.062,12,0.058
158,Noctowl,0.00008,30,0.116,20,0.097
159,Golbat,0.00008,6,0.023,6,0.029
160,Golduck,0.00008,50,0.193,35,0.170
161,Masquerain,0.00007,16,0.062,15,0.073
162,Volbeat,0.00007,24,0.093,22,0.107
163,Muk,0.00005,97,0.374,75,0.363
164,Tropius,0.00004,40,0.154,27,0.131
165,Gorebyss,0.00003,25,0.096,22,0.107
166,Clamperl,0.00003,7,0.027,6,0.029
167,Mightyena,0.00003,43,0.166,33,0.160
168,Pidgeot,0.00002,49,0.189,34,0.165
169,Beautifly,0.00002,6,0.023,4,0.019
170,Girafarig,0.00002,9,0.035,8,0.039
171,Butterfree,0.00001,20,0.077,11,0.053
172,Relicanth,0.00001,25,0.096,15,0.073
173,Eevee,0.00001,9,0.035,9,0.044
174,Castform,0.00001,14,0.054,12,0.058
175,Torkoal,0.00001,85,0.328,68,0.329
176,Magcargo,0.00001,25,0.096,18,0.087
177,Bulbasaur,0.00001,5,0.019,5,0.024
178,Squirtle,0.00001,3,0.012,2,0.010
179,Kingler,0.00001,32,0.123,25,0.121
180,Whiscash,0.00000,12,0.046,8,0.039
181,Hitmonchan,0.00000,42,0.162,27,0.131
182,Skitty,0.00000,1,0.004,1,0.005
183,Corphish,0.00000,34,0.131,25,0.121
184,Chimecho,0.00000,16,0.062,13,0.063
185,Dustox,0.00000,6,0.023,6,0.029
186,Roselia,0.00000,19,0.073,15,0.073
187,Granbull,0.00000,16,0.062,14,0.068
188,Marshtomp,0.00000,4,0.015,4,0.019
189,Geodude,0.00000,1,0.004,1,0.005
190,Seviper,0.00000,13,0.050,8,0.039
191,Meowth,0.00000,1,0.004,1,0.005
192,Slowking,0.00000,47,0.181,38,0.184
193,Farfetch'd,0.00000,11,0.042,7,0.034
194,Beedrill,0.00000,15,0.058,11,0.053
195,Ditto,0.00000,10,0.039,9,0.044
196,Swalot,0.00000,15,0.058,10,0.048
197,Rattata,0.00000,12,0.046,10,0.048
198,Abra,0.00000,3,0.012,3,0.015
199,Raticate,0.00000,7,0.027,7,0.034
200,Houndour,0.00000,3,0.012,1,0.005
201,Drowzee,0.00000,1,0.004,1,0.005
202,Cubone,0.00000,6,0.023,1,0.005
203,Ariados,0.00000,9,0.035,6,0.029
204,Wigglytuff,0.00000,10,0.039,7,0.034
205,Seaking,0.00000,11,0.042,8,0.039
206,Luvdisc,0.00000,2,0.008,2,0.010
207,Azurill,0.00000,1,0.004,1,0.005
208,Staryu,0.00000,1,0.004,1,0.005
209,Dragonair,0.00000,7,0.027,4,0.019
210,Grovyle,0.00000,10,0.039,7,0.034
211,Dunsparce,0.00000,17,0.066,16,0.078
212,Fearow,0.00000,10,0.039,6,0.029
213,Aipom,0.00000,10,0.039,8,0.039
214,Trapinch,0.00000,13,0.050,6,0.029
215,Furret,0.00000,6,0.023,6,0.029
216,Nosepass,0.00000,8,0.031,8,0.039
217,Unown,0.00000,2,0.008,1,0.005
218,Delcatty,0.00000,10,0.039,8,0.039
219,Corsola,0.00000,1,0.004,1,0.005
220,Spinarak,0.00000,5,0.019,5,0.024
221,Kadabra,0.00000,4,0.015,4,0.019
222,Voltorb,0.00000,1,0.004,1,0.005
223,Aron,0.00000,7,0.027,7,0.034
224,Parasect,0.00000,9,0.035,9,0.044
225,Wurmple,0.00000,1,0.004,1,0.005
226,Minun,0.00000,8,0.031,5,0.024
227,Tentacool,0.00000,1,0.004,0,0.000
228,Mudkip,0.00000,1,0.004,1,0.005
229,Charmeleon,0.00000,7,0.027,7,0.034
230,Quilava,0.00000,3,0.012,3,0.015
231,Mankey,0.00000,2,0.008,2,0.010
232,Pidgeotto,0.00000,2,0.008,1,0.005
233,Togepi,0.00000,3,0.012,3,0.015
234,Arbok,0.00000,2,0.008,2,0.010
235,Ralts,0.00000,1,0.004,0,0.000
236,Doduo,0.00000,1,0.004,0,0.000
237,Vulpix,0.00000,1,0.004,1,0.005
238,Magikarp,0.00000,1,0.004,0,0.000
239,Bellossom,0.00000,13,0.050,12,0.058
240,Totodile,0.00000,2,0.008,1,0.005
241,Gastly,0.00000,3,0.012,3,0.015
242,Lileep,0.00000,2,0.008,2,0.010
243,Spinda,0.00000,1,0.004,0,0.000
244,Bayleef,0.00000,2,0.008,1,0.005
245,Taillow,0.00000,2,0.008,1,0.005
246,Ivysaur,0.00000,1,0.004,1,0.005
247,Elekid,0.00000,2,0.008,2,0.010
248,Machoke,0.00000,2,0.008,2,0.010
249,Porygon,0.00000,4,0.015,4,0.019
250,Combusken,0.00000,1,0.004,0,0.000
251,Beldum,0.00000,1,0.004,1,0.005
252,Kirlia,0.00000,1,0.004,1,0.005
253,Spoink,0.00000,1,0.004,0,0.000
254,Larvitar,0.00000,3,0.012,2,0.010
255,Exeggcute,0.00000,2,0.008,2,0.010
256,Lairon,0.00000,4,0.015,2,0.010
257,Seadra,0.00000,1,0.004,1,0.005
258,Jigglypuff,0.00000,2,0.008,1,0.005
259,Zubat,0.00000,2,0.008,1,0.005
260,Charmander,0.00000,5,0.019,5,0.024
261,Pichu,0.00000,4,0.015,4,0.019
262,Gloom,0.00000,6,0.023,6,0.029
263,Illumise,0.00000,1,0.004,1,0.005
264,Nuzleaf,0.00000,2,0.008,2,0.010
265,Treecko,0.00000,1,0.004,1,0.005
266,Kakuna,0.00000,3,0.012,2,0.010
267,Dewgong,0.00000,4,0.015,4,0.019
268,Sneasel,0.00000,10,0.039,2,0.010
269,Poochyena,0.00000,1,0.004,1,0.005
270,Cyndaquil,0.00000,2,0.008,1,0.005
271,Delibird,0.00000,4,0.015,2,0.010
272,Zigzagoon,0.00000,2,0.008,1,0.005
273,Clefairy,0.00000,1,0.004,1,0.005
274,Silcoon,0.00000,2,0.008,2,0.010
275,Onix,0.00000,2,0.008,2,0.010
