 Total battles: 361
 Avg. weight/team: 0.155
Rank,Pokemon,Usage percentage,Raw,Raw percentage,Real,Real percentage
1,Kyogre,70.16142,281,38.920,207,41.290
2,Latios,70.15881,225,31.163,124,24.734
3,Groudon,67.27358,261,36.150,178,35.505
4,Blissey,54.69299,157,21.745,103,20.545
5,Deoxys-Attack,39.45911,149,20.637,90,17.952
6,Mewtwo,33.74897,204,28.255,145,28.923
7,Rayquaza,32.28377,239,33.102,149,29.721
8,Skarmory,25.93973,40,5.540,31,6.184
9,Lugia,19.90589,156,21.607,84,16.755
10,Metagross,14.52443,151,20.914,93,18.551
11,Slaking,14.33329,40,5.540,35,6.981
12,Celebi,14.31268,34,4.709,26,5.186
13,Deoxys-Speed,12.36490,54,7.479,40,7.979
14,Forretress,11.40351,52,7.202,32,6.383
15,Latias,9.92724,100,13.850,63,12.566
16,Salamence,8.91720,77,10.665,58,11.569
17,Tyranitar,7.19248,54,7.479,37,7.380
18,Starmie,6.56021,34,4.709,31,6.184
19,Ludicolo,5.96058,22,3.047,14,2.793
20,Electrode,4.97051,14,1.939,9,1.795
21,Aerodactyl,4.95001,29,4.017,22,4.388
22,Swampert,4.85488,88,12.188,78,15.559
23,Sceptile,4.72038,79,10.942,62,12.367
24,Ninjask,4.01056,17,2.355,14,2.793
25,Blaziken,3.80477,88,12.188,58,11.569
26,Deoxys-Defense,3.77976,61,8.449,52,10.372
27,Milotic,3.63072,32,4.432,25,4.987
28,Venusaur,3.60557,23,3.186,16,3.191
29,Jolteon,3.50931,42,5.817,31,6.184
30,Ho-Oh,3.27751,99,13.712,72,14.362
31,Wobbuffet,2.81049,62,8.587,56,11.170
32,Snorlax,2.72219,47,6.510,44,8.777
33,Registeel,2.68266,8,1.108,8,1.596
34,Exeggutor,2.64828,15,2.078,12,2.394
35,Charizard,2.23683,63,8.726,45,8.976
36,Medicham,2.13153,15,2.078,9,1.795
37,Heracross,1.89619,21,2.909,16,3.191
38,Jirachi,1.78880,19,2.632,13,2.593
39,Vaporeon,1.73018,12,1.662,9,1.795
40,Crobat,1.53168,25,3.463,24,4.787
41,Cradily,1.44704,11,1.524,6,1.197
42,Mew,1.39030,49,6.787,30,5.984
43,Houndoom,1.25023,11,1.524,8,1.596
44,Raichu,1.22602,13,1.801,6,1.197
45,Gardevoir,1.18541,60,8.310,50,9.973
46,Manectric,1.15354,32,4.432,26,5.186
47,Walrein,1.15354,26,3.601,19,3.790
48,Ninetales,1.15354,23,3.186,14,2.793
49,Gengar,0.88485,38,5.263,25,4.987
50,Jumpluff,0.59682,5,0.693,2,0.399
51,Swellow,0.34918,19,2.632,15,2.992
52,Deoxys,0.31670,24,3.324,17,3.391
53,Dugtrio,0.31670,10,1.385,7,1.396
54,Altaria,0.31104,10,1.385,8,1.596
55,Donphan,0.26510,3,0.416,1,0.199
56,Vileplume,0.26510,3,0.416,2,0.399
57,Cacturne,0.16038,9,1.247,6,1.197
58,Absol,0.04655,14,1.939,10,1.995
59,Whiscash,0.04594,4,0.554,3,0.598
60,Aggron,0.03248,29,4.017,23,4.588
61,Pelipper,0.03187,6,0.831,6,1.197
62,Dragonite,0.00152,32,4.432,23,4.588
63,Victreebel,0.00152,11,1.524,7,1.396
64,Zapdos,0.00064,24,3.324,14,2.793
65,Feraligatr,0.00041,14,1.939,11,2.194
66,Weezing,0.00000,10,1.385,7,1.396
67,Mightyena,0.00000,6,0.831,4,0.798
68,Kadabra,0.00000,1,0.139,0,0.000
69,Wailord,0.00000,1,0.139,1,0.199
70,Kangaskhan,0.00000,2,0.277,1,0.199
71,Regirock,0.00000,9,1.247,4,0.798
72,Corphish,0.00000,1,0.139,0,0.000
73,Wynaut,0.00000,1,0.139,1,0.199
74,Tropius,0.00000,3,0.416,3,0.598
75,Aron,0.00000,4,0.554,4,0.798
76,Machamp,0.00000,18,2.493,12,2.394
77,Chansey,0.00000,3,0.416,1,0.199
78,Rhydon,0.00000,3,0.416,1,0.199
79,Parasect,0.00000,2,0.277,2,0.399
80,Sunkern,0.00000,2,0.277,2,0.399
81,Grovyle,0.00000,2,0.277,2,0.399
82,Tentacool,0.00000,2,0.277,2,0.399
83,Linoone,0.00000,1,0.139,0,0.000
84,Charmeleon,0.00000,1,0.139,1,0.199
85,Lapras,0.00000,15,2.078,13,2.593
86,Zangoose,0.00000,3,0.416,2,0.399
87,Mawile,0.00000,1,0.139,1,0.199
88,Raticate,0.00000,1,0.139,0,0.000
89,Sharpedo,0.00000,3,0.416,2,0.399
90,Slowbro,0.00000,4,0.554,4,0.798
91,Sandslash,0.00000,2,0.277,2,0.399
92,Arcanine,0.00000,10,1.385,9,1.795
93,Omastar,0.00000,1,0.139,1,0.199
94,Igglybuff,0.00000,1,0.139,0,0.000
95,Articuno,0.00000,8,1.108,7,1.396
96,Blastoise,0.00000,13,1.801,12,2.394
97,Golem,0.00000,10,1.385,7,1.396
98,Banette,0.00000,5,0.693,4,0.798
99,Cloyster,0.00000,10,1.385,7,1.396
100,Tauros,0.00000,1,0.139,0,0.000
101,Fearow,0.00000,1,0.139,1,0.199
102,Shelgon,0.00000,1,0.139,1,0.199
103,Bulbasaur,0.00000,4,0.554,4,0.798
104,Primeape,0.00000,7,0.970,5,0.997
105,Raikou,0.00000,11,1.524,8,1.596
106,Arbok,0.00000,1,0.139,1,0.199
107,Hitmonlee,0.00000,3,0.416,1,0.199
108,Marowak,0.00000,5,0.693,4,0.798
109,Wartortle,0.00000,1,0.139,1,0.199
110,Porygon2,0.00000,7,0.970,5,0.997
111,Ampharos,0.00000,13,1.801,9,1.795
112,Crawdaunt,0.00000,1,0.139,1,0.199
113,Cyndaquil,0.00000,1,0.139,1,0.199
114,Hypno,0.00000,2,0.277,2,0.399
115,Bellossom,0.00000,2,0.277,2,0.399
116,Rattata,0.00000,1,0.139,1,0.199
117,Nidoking,0.00000,3,0.416,3,0.598
118,Kabutops,0.00000,1,0.139,1,0.199
119,Squirtle,0.00000,3,0.416,3,0.598
120,Exploud,0.00000,1,0.139,1,0.199
121,Hariyama,0.00000,7,0.970,6,1.197
122,Lanturn,0.00000,3,0.416,2,0.399
123,Totodile,0.00000,1,0.139,1,0.199
124,Meowth,0.00000,1,0.139,1,0.199
125,Golduck,0.00000,1,0.139,1,0.199
126,Scyther,0.00000,3,0.416,2,0.399
127,Umbreon,0.00000,8,1.108,7,1.396
128,Togetic,0.00000,1,0.139,1,0.199
129,Alakazam,0.00000,27,3.740,22,4.388
130,Meganium,0.00000,8,1.108,8,1.596
131,Nidoqueen,0.00000,3,0.416,2,0.399
132,Mr. Mime,0.00000,2,0.277,2,0.399
133,Vigoroth,0.00000,1,0.139,0,0.000
134,Voltorb,0.00000,3,0.416,2,0.399
135,Gyarados,0.00000,16,2.216,13,2.593
136,Metapod,0.00000,1,0.139,1,0.199
137,Smoochum,0.00000,1,0.139,0,0.000
138,Ursaring,0.00000,1,0.139,1,0.199
139,Wailmer,0.00000,1,0.139,1,0.199
140,Lickitung,0.00000,1,0.139,0,0.000
141,Ivysaur,0.00000,1,0.139,1,0.199
142,Magcargo,0.00000,1,0.139,0,0.000
143,Breloom,0.00000,15,2.078,12,2.394
144,Slowking,0.00000,2,0.277,1,0.199
145,Elekid,0.00000,1,0.139,1,0.199
146,Togepi,0.00000,1,0.139,1,0.199
147,Yanma,0.00000,1,0.139,1,0.199
148,Torkoal,0.00000,6,0.831,3,0.598
149,Furret,0.00000,1,0.139,1,0.199
150,Pidgeot,0.00000,5,0.693,5,0.997
151,Regice,0.00000,13,1.801,9,1.795
152,Golbat,0.00000,1,0.139,1,0.199
153,Rapidash,0.00000,1,0.139,1,0.199
154,Chimecho,0.00000,2,0.277,1,0.199
155,Sableye,0.00000,13,1.801,11,2.194
156,Seviper,0.00000,1,0.139,0,0.000
157,Lairon,0.00000,2,0.277,1,0.199
158,Typhlosion,0.00000,7,0.970,5,0.997
159,Dodrio,0.00000,4,0.554,2,0.399
160,Suicune,0.00000,10,1.385,8,1.596
161,Seadra,0.00000,1,0.139,0,0.000
162,Scizor,0.00000,5,0.693,3,0.598
163,Persian,0.00000,2,0.277,2,0.399
164,Charmander,0.00000,4,0.554,4,0.798
165,Pichu,0.00000,1,0.139,0,0.000
166,Grumpig,0.00000,1,0.139,1,0.199
167,Moltres,0.00000,1,0.139,0,0.000
168,Flareon,0.00000,4,0.554,4,0.798
169,Magby,0.00000,1,0.139,0,0.000
170,Smeargle,0.00000,3,0.416,3,0.598
171,Ditto,0.00000,3,0.416,3,0.598
172,Electabuzz,0.00000,1,0.139,1,0.199
173,Treecko,0.00000,1,0.139,1,0.199
174,Miltank,0.00000,4,0.554,3,0.598
175,Pikachu,0.00000,15,2.078,12,2.394
176,Jynx,0.00000,4,0.554,2,0.399
177,Shuckle,0.00000,1,0.139,1,0.199
178,Hitmonchan,0.00000,2,0.277,2,0.399
179,Clefable,0.00000,3,0.416,3,0.598
180,Shiftry,0.00000,4,0.554,3,0.598
181,Qwilfish,0.00000,1,0.139,0,0.000
182,Claydol,0.00000,10,1.385,8,1.596
183,Sudowoodo,0.00000,1,0.139,0,0.000
184,Flygon,0.00000,33,4.571,27,5.386
185,Mudkip,0.00000,1,0.139,1,0.199
186,Entei,0.00000,3,0.416,2,0.399
187,Steelix,0.00000,11,1.524,11,2.194
188,Tentacruel,0.00000,1,0.139,1,0.199
189,Armaldo,0.00000,3,0.416,2,0.399
190,Magneton,0.00000,15,2.078,10,1.995
191,Espeon,0.00000,2,0.277,0,0.000
192,Azumarill,0.00000,2,0.277,2,0.399
193,Glalie,0.00000,11,1.524,8,1.596
194,Camerupt,0.00000,7,0.970,4,0.798
195,Dusclops,0.00000,7,0.970,6,1.197
196,Magmar,0.00000,6,0.831,3,0.598
197,Ariados,0.00000,1,0.139,1,0.199
198,Shedinja,0.00000,2,0.277,2,0.399
199,Kingdra,0.00000,7,0.970,6,1.197
