 Total battles: 329
 Avg. weight/team: 0.067
Rank,Pokemon,Usage percentage,Raw,Raw percentage,Real,Real percentage
1,Mewtwo,72.52224,193,29.331,132,28.266
2,Rayquaza,69.24439,135,20.517,79,16.916
3,Arceus-Ghost,68.70308,96,14.590,60,12.848
4,Deoxys-Speed,67.90432,79,12.006,75,16.060
5,Kyogre,65.67698,167,25.380,118,25.268
6,Forretress,60.06897,66,10.030,38,8.137
7,Darkrai,16.36782,115,17.477,88,18.844
8,Giratina-Origin,14.41348,93,14.134,67,14.347
9,Arceus,12.91890,57,8.663,35,7.495
10,Genesect,12.56416,72,10.942,50,10.707
11,Groudon,12.39763,84,12.766,65,13.919
12,Latios,12.25217,31,4.711,17,3.640
13,Scizor,10.35305,28,4.255,19,4.069
14,Deoxys-Attack,9.04657,52,7.903,46,9.850
15,Dialga,8.34711,81,12.310,60,12.848
16,Arceus-Fighting,7.90484,34,5.167,20,4.283
17,Dragonite,7.25056,73,11.094,55,11.777
18,Donphan,7.24158,30,4.559,27,5.782
19,Regice,7.23719,24,3.647,18,3.854
20,Garchomp,5.55308,45,6.839,31,6.638
21,Tyranitar,5.54862,31,4.711,30,6.424
22,Wobbuffet,5.41750,7,1.064,6,1.285
23,Metagross,4.95346,34,5.167,23,4.925
24,Gliscor,4.94919,47,7.143,36,7.709
25,Cradily,4.93555,16,2.432,10,2.141
26,Ho-Oh,2.61326,37,5.623,24,5.139
27,Heatran,2.40468,7,1.064,6,1.285
28,Weavile,1.85332,14,2.128,10,2.141
29,Palkia,1.81086,43,6.535,28,5.996
30,Vaporeon,1.42566,10,1.520,8,1.713
31,Ditto,1.42566,11,1.672,4,0.857
32,Zekrom,1.24001,36,5.471,27,5.782
33,Victini,1.20113,22,3.343,20,4.283
34,Arceus-Grass,1.12488,8,1.216,5,1.071
35,Omastar,1.12488,11,1.672,8,1.713
36,Torkoal,1.02671,2,0.304,1,0.214
37,Ferrothorn,0.94241,50,7.599,43,9.208
38,Blaziken,0.84466,73,11.094,52,11.135
39,Kabutops,0.71041,17,2.584,11,2.355
40,Excadrill,0.61745,26,3.951,16,3.426
41,Gengar,0.53776,18,2.736,16,3.426
42,Kyurem-White,0.42931,34,5.167,23,4.925
43,Deoxys-Defense,0.41539,22,3.343,19,4.069
44,Latias,0.38491,9,1.368,4,0.857
45,Jellicent,0.26572,16,2.432,15,3.212
46,Darmanitan,0.25487,17,2.584,6,1.285
47,Haxorus,0.18632,34,5.167,25,5.353
48,Ninetales,0.18574,25,3.799,23,4.925
49,Bisharp,0.17154,26,3.951,21,4.497
50,Arcanine,0.16783,27,4.103,17,3.640
51,Infernape,0.16783,31,4.711,21,4.497
52,Typhlosion,0.16783,20,3.040,13,2.784
53,Volcarona,0.16767,17,2.584,14,2.998
54,Conkeldurr,0.16767,29,4.407,20,4.283
55,Lugia,0.14730,42,6.383,31,6.638
56,Claydol,0.14315,7,1.064,6,1.285
57,Bronzong,0.14228,6,0.912,5,1.071
58,Heracross,0.14228,7,1.064,7,1.499
59,Venomoth,0.14228,6,0.912,4,0.857
60,Shaymin-Sky,0.12885,13,1.976,8,1.713
61,Crobat,0.09805,15,2.280,11,2.355
62,Hydreigon,0.09237,31,4.711,23,4.925
63,Emboar,0.08442,18,2.736,13,2.784
64,Aggron,0.08442,3,0.456,3,0.642
65,Ampharos,0.08442,7,1.064,5,1.071
66,Altaria,0.07997,11,1.672,6,1.285
67,Absol,0.07817,3,0.456,1,0.214
68,Tentacruel,0.07817,8,1.216,8,1.713
69,Slaking,0.07817,4,0.608,2,0.428
70,Ludicolo,0.07817,5,0.760,3,0.642
71,Ferroseed,0.07728,1,0.152,1,0.214
72,Magmortar,0.05524,11,1.672,8,1.713
73,Deoxys,0.03250,9,1.368,5,1.071
74,Regigigas,0.03250,11,1.672,7,1.499
75,Rotom-Wash,0.03154,10,1.520,9,1.927
76,Jolteon,0.03117,10,1.520,7,1.499
77,Snorlax,0.02911,22,3.343,14,2.998
78,Charizard,0.02077,24,3.647,21,4.497
79,Zangoose,0.01790,5,0.760,4,0.857
80,Froslass,0.01790,4,0.608,4,0.857
81,Gigalith,0.01790,5,0.760,2,0.428
82,Scyther,0.01754,3,0.456,2,0.428
83,Dodrio,0.01754,2,0.304,0,0.000
84,Lapras,0.01754,3,0.456,2,0.428
85,Cloyster,0.01157,20,3.040,14,2.998
86,Electivire,0.01157,16,2.432,7,1.499
87,Skarmory,0.00888,16,2.432,14,2.998
88,Houndoom,0.00616,5,0.760,4,0.857
89,Hippowdon,0.00439,5,0.760,5,1.071
90,Krookodile,0.00439,12,1.824,10,2.141
91,Gastrodon,0.00439,10,1.520,6,1.285
92,Sharpedo,0.00387,2,0.304,1,0.214
93,Drapion,0.00354,5,0.760,4,0.857
94,Sceptile,0.00323,20,3.040,17,3.640
95,Rampardos,0.00323,7,1.064,6,1.285
96,Alakazam,0.00323,19,2.888,16,3.426
97,Hitmonlee,0.00293,3,0.456,3,0.642
98,Zoroark,0.00259,29,4.407,7,1.499
99,Shiftry,0.00228,5,0.760,3,0.642
100,Aron,0.00203,12,1.824,11,2.355
101,Blissey,0.00203,24,3.647,16,3.426
102,Thundurus,0.00203,17,2.584,12,2.570
103,Riolu,0.00203,16,2.432,11,2.355
104,Salamence,0.00179,19,2.888,16,3.426
105,Kingdra,0.00179,16,2.432,12,2.570
106,Terrakion,0.00126,5,0.760,3,0.642
107,Blastoise,0.00116,11,1.672,9,1.927
108,Archeops,0.00030,12,1.824,10,2.141
109,Klinklang,0.00030,10,1.520,10,2.141
110,Vanilluxe,0.00030,10,1.520,6,1.285
111,Carracosta,0.00030,11,1.672,7,1.499
112,Steelix,0.00030,4,0.608,3,0.642
113,Spiritomb,0.00008,1,0.152,1,0.214
114,Milotic,0.00008,3,0.456,2,0.428
115,Eelektross,0.00008,11,1.672,6,1.285
116,Lucario,0.00008,38,5.775,32,6.852
117,Braviary,0.00008,6,0.912,6,1.285
118,Porygon-Z,0.00000,6,0.912,5,1.071
119,Stoutland,0.00000,9,1.368,7,1.499
120,Liepard,0.00000,3,0.456,2,0.428
121,Mandibuzz,0.00000,1,0.152,1,0.214
122,Uxie,0.00000,1,0.152,0,0.000
123,Kangaskhan,0.00000,2,0.304,1,0.214
124,Ambipom,0.00000,2,0.304,1,0.214
125,Gorebyss,0.00000,2,0.304,2,0.428
126,Poliwrath,0.00000,3,0.456,3,0.642
127,Machamp,0.00000,4,0.608,3,0.642
128,Butterfree,0.00000,1,0.152,0,0.000
129,Cresselia,0.00000,9,1.368,9,1.927
130,Omanyte,0.00000,2,0.304,1,0.214
131,Chansey,0.00000,3,0.456,2,0.428
132,Exeggutor,0.00000,5,0.760,2,0.428
133,Cobalion,0.00000,4,0.608,1,0.214
134,Scrafty,0.00000,3,0.456,2,0.428
135,Aerodactyl,0.00000,3,0.456,3,0.642
136,Lilligant,0.00000,1,0.152,0,0.000
137,Mesprit,0.00000,1,0.152,1,0.214
138,Landorus-Therian,0.00000,14,2.128,13,2.784
139,Magmar,0.00000,1,0.152,1,0.214
140,Pineco,0.00000,3,0.456,2,0.428
141,Cinccino,0.00000,2,0.304,1,0.214
142,Scolipede,0.00000,3,0.456,2,0.428
143,Meloetta,0.00000,7,1.064,5,1.071
144,Togekiss,0.00000,5,0.760,5,1.071
145,Serperior,0.00000,27,4.103,18,3.854
146,Celebi,0.00000,9,1.368,7,1.499
147,Hippopotas,0.00000,1,0.152,1,0.214
148,Politoed,0.00000,9,1.368,7,1.499
149,Cofagrigus,0.00000,5,0.760,3,0.642
150,Venusaur,0.00000,9,1.368,9,1.927
151,Articuno,0.00000,2,0.304,1,0.214
152,Golem,0.00000,3,0.456,3,0.642
153,Durant,0.00000,6,0.912,4,0.857
154,Staraptor,0.00000,3,0.456,3,0.642
155,Giratina,0.00000,12,1.824,11,2.355
156,Beartic,0.00000,3,0.456,3,0.642
157,Herdier,0.00000,1,0.152,1,0.214
158,Beedrill,0.00000,1,0.152,1,0.214
159,Tauros,0.00000,4,0.608,3,0.642
160,Slowbro,0.00000,1,0.152,1,0.214
161,Thundurus-Therian,0.00000,13,1.976,10,2.141
162,Raikou,0.00000,5,0.760,2,0.428
163,Manectric,0.00000,1,0.152,1,0.214
164,Arceus-Dark,0.00000,3,0.456,3,0.642
165,Rotom,0.00000,1,0.152,1,0.214
166,Marowak,0.00000,3,0.456,2,0.428
167,Glaceon,0.00000,4,0.608,3,0.642
168,Leafeon,0.00000,4,0.608,3,0.642
169,Arceus-Rock,0.00000,1,0.152,1,0.214
170,Magikarp,0.00000,1,0.152,1,0.214
171,Swanna,0.00000,1,0.152,1,0.214
172,Mew,0.00000,8,1.216,7,1.499
173,Geodude,0.00000,1,0.152,1,0.214
174,Kyurem-Black,0.00000,19,2.888,15,3.212
175,Rattata,0.00000,4,0.608,3,0.642
176,Nidoking,0.00000,7,1.064,4,0.857
177,Darumaka,0.00000,1,0.152,1,0.214
178,Gothitelle,0.00000,2,0.304,1,0.214
179,Luxray,0.00000,3,0.456,2,0.428
180,Relicanth,0.00000,2,0.304,2,0.428
181,Vulpix,0.00000,1,0.152,0,0.000
182,Whirlipede,0.00000,1,0.152,1,0.214
183,Haunter,0.00000,3,0.456,2,0.428
184,Kyurem,0.00000,10,1.520,7,1.499
185,Sawsbuck,0.00000,2,0.304,2,0.428
186,Oshawott,0.00000,2,0.304,2,0.428
187,Amoonguss,0.00000,1,0.152,1,0.214
188,Seismitoad,0.00000,3,0.456,1,0.214
189,Raichu,0.00000,5,0.760,4,0.857
190,Tepig,0.00000,1,0.152,1,0.214
191,Arceus-Electric,0.00000,13,1.976,4,0.857
192,Arceus-Ice,0.00000,2,0.304,2,0.428
193,Meowth,0.00000,1,0.152,1,0.214
194,Klang,0.00000,1,0.152,1,0.214
195,Golduck,0.00000,3,0.456,1,0.214
196,Sandile,0.00000,1,0.152,1,0.214
197,Honchkrow,0.00000,5,0.760,5,1.071
198,Magnezone,0.00000,9,1.368,7,1.499
199,Feraligatr,0.00000,8,1.216,5,1.071
200,Rhyperior,0.00000,3,0.456,1,0.214
201,Toxicroak,0.00000,7,1.064,7,1.499
202,Cottonee,0.00000,1,0.152,0,0.000
203,Gyarados,0.00000,7,1.064,4,0.857
204,Dewott,0.00000,4,0.608,4,0.857
205,Chandelure,0.00000,23,3.495,14,2.998
206,Pignite,0.00000,1,0.152,1,0.214
207,Servine,0.00000,1,0.152,1,0.214
208,Vileplume,0.00000,1,0.152,1,0.214
209,Reuniclus,0.00000,12,1.824,8,1.713
210,Watchog,0.00000,1,0.152,1,0.214
211,Druddigon,0.00000,2,0.304,2,0.428
212,Moltres,0.00000,1,0.152,1,0.214
213,Gardevoir,0.00000,2,0.304,1,0.214
214,Arceus-Ground,0.00000,4,0.608,3,0.642
215,Tynamo,0.00000,1,0.152,1,0.214
216,Breloom,0.00000,11,1.672,6,1.285
217,Drifblim,0.00000,2,0.304,0,0.000
218,Krokorok,0.00000,1,0.152,1,0.214
219,Teddiursa,0.00000,1,0.152,0,0.000
220,Flareon,0.00000,3,0.456,3,0.642
221,Rotom-Mow,0.00000,1,0.152,1,0.214
222,Arceus-Steel,0.00000,2,0.304,2,0.428
223,Jumpluff,0.00000,4,0.608,2,0.428
224,Eevee,0.00000,1,0.152,1,0.214
225,Smeargle,0.00000,6,0.912,6,1.285
226,Whimsicott,0.00000,1,0.152,0,0.000
227,Sawk,0.00000,3,0.456,3,0.642
228,Samurott,0.00000,28,4.255,19,4.069
229,Murkrow,0.00000,2,0.304,1,0.214
230,Glalie,0.00000,1,0.152,0,0.000
231,Rapidash,0.00000,2,0.304,2,0.428
232,Dustox,0.00000,1,0.152,0,0.000
233,Sableye,0.00000,8,1.216,7,1.499
234,Parasect,0.00000,3,0.456,3,0.642
235,Dugtrio,0.00000,7,1.064,5,1.071
236,Snivy,0.00000,3,0.456,3,0.642
237,Golurk,0.00000,3,0.456,3,0.642
238,Suicune,0.00000,2,0.304,1,0.214
239,Persian,0.00000,1,0.152,1,0.214
240,Muk,0.00000,1,0.152,1,0.214
241,Zapdos,0.00000,2,0.304,1,0.214
242,Ninjask,0.00000,3,0.456,3,0.642
243,Charmander,0.00000,1,0.152,1,0.214
244,Zebstrika,0.00000,2,0.304,2,0.428
245,Tornadus,0.00000,2,0.304,2,0.428
246,Unfezant,0.00000,9,1.368,8,1.713
247,Arceus-Dragon,0.00000,16,2.432,6,1.285
248,Victreebel,0.00000,2,0.304,2,0.428
249,Tornadus-Therian,0.00000,19,2.888,14,2.998
250,Keldeo,0.00000,14,2.128,12,2.570
251,Lileep,0.00000,1,0.152,1,0.214
252,Fraxure,0.00000,1,0.152,1,0.214
253,Registeel,0.00000,1,0.152,1,0.214
254,Leavanny,0.00000,5,0.760,4,0.857
255,Umbreon,0.00000,10,1.520,8,1.713
256,Roserade,0.00000,1,0.152,1,0.214
257,Nuzleaf,0.00000,1,0.152,1,0.214
258,Octillery,0.00000,2,0.304,2,0.428
259,Weedle,0.00000,3,0.456,3,0.642
260,Manaphy,0.00000,8,1.216,6,1.285
261,Virizion,0.00000,7,1.064,4,0.857
262,Pikachu,0.00000,4,0.608,4,0.857
263,Accelgor,0.00000,6,0.912,4,0.857
264,Reshiram,0.00000,35,5.319,27,5.782
265,Shuckle,0.00000,2,0.304,2,0.428
266,Tropius,0.00000,1,0.152,1,0.214
267,Galvantula,0.00000,3,0.456,2,0.428
268,Abomasnow,0.00000,2,0.304,2,0.428
269,Gallade,0.00000,7,1.064,5,1.071
270,Crustle,0.00000,2,0.304,2,0.428
271,Garbodor,0.00000,2,0.304,1,0.214
272,Luvdisc,0.00000,1,0.152,0,0.000
273,Clefable,0.00000,1,0.152,1,0.214
274,Sigilyph,0.00000,1,0.152,0,0.000
275,Buizel,0.00000,1,0.152,1,0.214
276,Cryogonal,0.00000,1,0.152,1,0.214
277,Snover,0.00000,1,0.152,1,0.214
278,Landorus,0.00000,7,1.064,4,0.857
279,Flygon,0.00000,4,0.608,3,0.642
280,Starmie,0.00000,7,1.064,4,0.857
281,Escavalier,0.00000,1,0.152,0,0.000
282,Torterra,0.00000,3,0.456,3,0.642
283,Entei,0.00000,2,0.304,1,0.214
284,Throh,0.00000,1,0.152,1,0.214
285,Electabuzz,0.00000,1,0.152,1,0.214
286,Espeon,0.00000,7,1.064,5,1.071
287,Bouffalant,0.00000,1,0.152,0,0.000
288,Shaymin,0.00000,1,0.152,1,0.214
289,Tangrowth,0.00000,1,0.152,1,0.214
290,Onix,0.00000,2,0.304,2,0.428
291,Arceus-Flying,0.00000,2,0.304,2,0.428
292,Jirachi,0.00000,12,1.824,8,1.713
293,Empoleon,0.00000,10,1.520,7,1.499
294,Porygon2,0.00000,3,0.456,3,0.642
295,Tranquill,0.00000,1,0.152,1,0.214
296,Meganium,0.00000,1,0.152,1,0.214
297,Shedinja,0.00000,3,0.456,2,0.428
298,Swampert,0.00000,9,1.368,8,1.713
299,Probopass,0.00000,1,0.152,1,0.214
300,Arceus-Fire,0.00000,2,0.304,2,0.428
301,Simisage,0.00000,1,0.152,0,0.000
302,Miltank,0.00000,1,0.152,0,0.000
303,Silcoon,0.00000,1,0.152,0,0.000
304,Arceus-Water,0.00000,1,0.152,1,0.214
305,Quagsire,0.00000,3,0.456,2,0.428
306,Xatu,0.00000,2,0.304,0,0.000
