 Total battles: 48
 Avg. weight/team: 1.0
Rank,Pokemon,Usage percentage,Raw,Raw percentage,Real,Real percentage
1,Samurott,13.54167,13,13.542,0,0.000
2,Hydreigon,13.54167,13,13.542,0,0.000
3,Charizard,11.45833,11,11.458,0,0.000
4,Infernape,10.41667,10,10.417,0,0.000
5,Gliscor,10.41667,10,10.417,0,0.000
6,Volcarona,9.37500,9,9.375,0,0.000
7,Salamence,9.37500,9,9.375,0,0.000
8,Scizor,9.37500,9,9.375,0,0.000
9,Cresselia,8.33333,8,8.333,0,0.000
10,Lucario,8.33333,8,8.333,0,0.000
11,Chandelure,8.33333,8,8.333,0,0.000
12,Thundurus,7.29167,7,7.292,0,0.000
13,Metagross,7.29167,7,7.292,0,0.000
14,Amoonguss,7.29167,7,7.292,0,0.000
15,Alakazam,7.29167,7,7.292,0,0.000
16,Conkeldurr,7.29167,7,7.292,0,0.000
17,Gengar,7.29167,7,7.292,0,0.000
18,Haxorus,7.29167,7,7.292,0,0.000
19,Kyurem-Black,6.25000,6,6.250,0,0.000
20,Reuniclus,6.25000,6,6.250,0,0.000
21,Swampert,6.25000,6,6.250,0,0.000
22,Electivire,6.25000,6,6.250,0,0.000
23,Tyranitar,6.25000,6,6.250,0,0.000
24,Pikachu,6.25000,6,6.250,0,0.000
25,Zoroark,6.25000,6,6.250,0,0.000
26,Garchomp,5.20833,5,5.208,0,0.000
27,Bisharp,5.20833,5,5.208,0,0.000
28,Celebi,5.20833,5,5.208,0,0.000
29,Mismagius,5.20833,5,5.208,0,0.000
30,Gyarados,5.20833,5,5.208,0,0.000
31,Excadrill,5.20833,5,5.208,0,0.000
32,Ninjask,5.20833,5,5.208,0,0.000
33,Keldeo,5.20833,5,5.208,0,0.000
34,Galvantula,5.20833,5,5.208,0,0.000
35,Snorlax,4.16667,4,4.167,0,0.000
36,Raichu,4.16667,4,4.167,0,0.000
37,Emboar,4.16667,4,4.167,0,0.000
38,Blaziken,4.16667,4,4.167,0,0.000
39,Ferrothorn,4.16667,4,4.167,0,0.000
40,Scrafty,4.16667,4,4.167,0,0.000
41,Lapras,4.16667,4,4.167,0,0.000
42,Krookodile,4.16667,4,4.167,0,0.000
43,Blastoise,4.16667,4,4.167,0,0.000
44,Staraptor,4.16667,4,4.167,0,0.000
45,Chansey,4.16667,4,4.167,0,0.000
46,Skarmory,4.16667,4,4.167,0,0.000
47,Jolteon,4.16667,4,4.167,0,0.000
48,Rotom-Wash,4.16667,4,4.167,0,0.000
49,Dragonite,4.16667,4,4.167,0,0.000
50,Heatran,4.16667,4,4.167,0,0.000
51,Gardevoir,4.16667,4,4.167,0,0.000
52,Unfezant,4.16667,4,4.167,0,0.000
53,Tangrowth,4.16667,4,4.167,0,0.000
54,Shedinja,4.16667,4,4.167,0,0.000
55,Hitmontop,4.16667,4,4.167,0,0.000
56,Stoutland,3.12500,3,3.125,0,0.000
57,Uxie,3.12500,3,3.125,0,0.000
58,Machamp,3.12500,3,3.125,0,0.000
59,Latias,3.12500,3,3.125,0,0.000
60,Zangoose,3.12500,3,3.125,0,0.000
61,Meloetta,3.12500,3,3.125,0,0.000
62,Serperior,3.12500,3,3.125,0,0.000
63,Victini,3.12500,3,3.125,0,0.000
64,Venusaur,3.12500,3,3.125,0,0.000
65,Rotom-Heat,3.12500,3,3.125,0,0.000
66,Empoleon,3.12500,3,3.125,0,0.000
67,Toxicroak,3.12500,3,3.125,0,0.000
68,Terrakion,3.12500,3,3.125,0,0.000
69,Gastrodon,3.12500,3,3.125,0,0.000
70,Thundurus-Therian,3.12500,3,3.125,0,0.000
71,Latios,3.12500,3,3.125,0,0.000
72,Starmie,3.12500,3,3.125,0,0.000
73,Escavalier,3.12500,3,3.125,0,0.000
74,Houndoom,3.12500,3,3.125,0,0.000
75,Azelf,3.12500,3,3.125,0,0.000
76,Bronzong,2.08333,2,2.083,0,0.000
77,Archeops,2.08333,2,2.083,0,0.000
78,Emolga,2.08333,2,2.083,0,0.000
79,Wobbuffet,2.08333,2,2.083,0,0.000
80,Mew,2.08333,2,2.083,0,0.000
81,Exeggutor,2.08333,2,2.083,0,0.000
82,Ditto,2.08333,2,2.083,0,0.000
83,Buizel,2.08333,2,2.083,0,0.000
84,Landorus-Therian,2.08333,2,2.083,0,0.000
85,Mantine,2.08333,2,2.083,0,0.000
86,Jellicent,2.08333,2,2.083,0,0.000
87,Cofagrigus,2.08333,2,2.083,0,0.000
88,Tauros,2.08333,2,2.083,0,0.000
89,Raikou,2.08333,2,2.083,0,0.000
90,Marowak,2.08333,2,2.083,0,0.000
91,Crobat,2.08333,2,2.083,0,0.000
92,Dusknoir,2.08333,2,2.083,0,0.000
93,Blissey,2.08333,2,2.083,0,0.000
94,Kyurem,2.08333,2,2.083,0,0.000
95,Golduck,2.08333,2,2.083,0,0.000
96,Heracross,2.08333,2,2.083,0,0.000
97,Mr. Mime,2.08333,2,2.083,0,0.000
98,Vaporeon,2.08333,2,2.083,0,0.000
99,Froslass,2.08333,2,2.083,0,0.000
100,Breloom,2.08333,2,2.083,0,0.000
101,Audino,2.08333,2,2.083,0,0.000
102,Vanilluxe,2.08333,2,2.083,0,0.000
103,Smeargle,2.08333,2,2.083,0,0.000
104,Whimsicott,2.08333,2,2.083,0,0.000
105,Typhlosion,2.08333,2,2.083,0,0.000
106,Nidoking,2.08333,2,2.083,0,0.000
107,Tornadus,2.08333,2,2.083,0,0.000
108,Leavanny,2.08333,2,2.083,0,0.000
109,Shuckle,2.08333,2,2.083,0,0.000
110,Seaking,2.08333,2,2.083,0,0.000
111,Crustle,2.08333,2,2.083,0,0.000
112,Luxray,2.08333,2,2.083,0,0.000
113,Torterra,2.08333,2,2.083,0,0.000
114,Steelix,2.08333,2,2.083,0,0.000
115,Tentacruel,2.08333,2,2.083,0,0.000
116,Espeon,2.08333,2,2.083,0,0.000
117,Gallade,2.08333,2,2.083,0,0.000
118,Quagsire,2.08333,2,2.083,0,0.000
119,Porygon-Z,1.04167,1,1.042,0,0.000
120,Mandibuzz,1.04167,1,1.042,0,0.000
121,Spiritomb,1.04167,1,1.042,0,0.000
122,Kangaskhan,1.04167,1,1.042,0,0.000
123,Poliwrath,1.04167,1,1.042,0,0.000
124,Cacturne,1.04167,1,1.042,0,0.000
125,Rhydon,1.04167,1,1.042,0,0.000
126,Absol,1.04167,1,1.042,0,0.000
127,Farfetch'd,1.04167,1,1.042,0,0.000
128,Eelektross,1.04167,1,1.042,0,0.000
129,Lilligant,1.04167,1,1.042,0,0.000
130,Hippowdon,1.04167,1,1.042,0,0.000
131,Deoxys-Attack,1.04167,1,1.042,0,0.000
132,Mawile,1.04167,1,1.042,0,0.000
133,Golurk,1.04167,1,1.042,0,0.000
134,Cinccino,1.04167,1,1.042,0,0.000
135,Sharpedo,1.04167,1,1.042,0,0.000
136,Scolipede,1.04167,1,1.042,0,0.000
137,Togekiss,1.04167,1,1.042,0,0.000
138,Arcanine,1.04167,1,1.042,0,0.000
139,Politoed,1.04167,1,1.042,0,0.000
140,Articuno,1.04167,1,1.042,0,0.000
141,Oshawott,1.04167,1,1.042,0,0.000
142,Cloyster,1.04167,1,1.042,0,0.000
143,Shaymin-Sky,1.04167,1,1.042,0,0.000
144,Pansear,1.04167,1,1.042,0,0.000
145,Wartortle,1.04167,1,1.042,0,0.000
146,Porygon2,1.04167,1,1.042,0,0.000
147,Croconaw,1.04167,1,1.042,0,0.000
148,Mamoswine,1.04167,1,1.042,0,0.000
149,Donphan,1.04167,1,1.042,0,0.000
150,Gothitelle,1.04167,1,1.042,0,0.000
151,Squirtle,1.04167,1,1.042,0,0.000
152,Hariyama,1.04167,1,1.042,0,0.000
153,Lanturn,1.04167,1,1.042,0,0.000
154,Walrein,1.04167,1,1.042,0,0.000
155,Virizion,1.04167,1,1.042,0,0.000
156,Totodile,1.04167,1,1.042,0,0.000
157,Musharna,1.04167,1,1.042,0,0.000
158,Slaking,1.04167,1,1.042,0,0.000
159,Feraligatr,1.04167,1,1.042,0,0.000
160,Ninetales,1.04167,1,1.042,0,0.000
161,Roggenrola,1.04167,1,1.042,0,0.000
162,Darmanitan,1.04167,1,1.042,0,0.000
163,Dewott,1.04167,1,1.042,0,0.000
164,Ursaring,1.04167,1,1.042,0,0.000
165,Druddigon,1.04167,1,1.042,0,0.000
166,Sceptile,1.04167,1,1.042,0,0.000
167,Drifblim,1.04167,1,1.042,0,0.000
168,Alomomola,1.04167,1,1.042,0,0.000
169,Drapion,1.04167,1,1.042,0,0.000
170,Braviary,1.04167,1,1.042,0,0.000
171,Victreebel,1.04167,1,1.042,0,0.000
172,Regigigas,1.04167,1,1.042,0,0.000
173,Herdier,1.04167,1,1.042,0,0.000
174,Timburr,1.04167,1,1.042,0,0.000
175,Seviper,1.04167,1,1.042,0,0.000
176,Suicune,1.04167,1,1.042,0,0.000
177,Manectric,1.04167,1,1.042,0,0.000
178,Floatzel,1.04167,1,1.042,0,0.000
179,Pichu,1.04167,1,1.042,0,0.000
180,Weavile,1.04167,1,1.042,0,0.000
181,Tornadus-Therian,1.04167,1,1.042,0,0.000
182,Registeel,1.04167,1,1.042,0,0.000
183,Umbreon,1.04167,1,1.042,0,0.000
184,Xatu,1.04167,1,1.042,0,0.000
185,Deoxys-Speed,1.04167,1,1.042,0,0.000
186,Poochyena,1.04167,1,1.042,0,0.000
187,Octillery,1.04167,1,1.042,0,0.000
188,Accelgor,1.04167,1,1.042,0,0.000
189,Jynx,1.04167,1,1.042,0,0.000
190,Magmortar,1.04167,1,1.042,0,0.000
191,Abomasnow,1.04167,1,1.042,0,0.000
192,Clefable,1.04167,1,1.042,0,0.000
193,Sigilyph,1.04167,1,1.042,0,0.000
194,Qwilfish,1.04167,1,1.042,0,0.000
195,Mienshao,1.04167,1,1.042,0,0.000
196,Beheeyem,1.04167,1,1.042,0,0.000
197,Landorus,1.04167,1,1.042,0,0.000
198,Onix,1.04167,1,1.042,0,0.000
199,Glalie,1.04167,1,1.042,0,0.000
200,Sneasel,1.04167,1,1.042,0,0.000
201,Simisage,1.04167,1,1.042,0,0.000
202,Kingdra,1.04167,1,1.042,0,0.000
