 Total battles: 54172
 Avg. weight/team: 0.211
Rank,Pokemon,Usage percentage,Raw,Raw percentage,Real,Real percentage
1,Pidove,0.91771,836,0.772,594,0.787
2,Morelull,0.90119,873,0.806,597,0.791
3,Druddigon,0.88459,866,0.799,609,0.807
4,Staravia,0.88047,840,0.775,600,0.795
5,Ralts,0.87641,866,0.799,586,0.776
6,Klefki,0.86697,825,0.761,610,0.808
7,Sawsbuck,0.86411,875,0.808,603,0.799
8,Wimpod,0.86145,881,0.813,603,0.799
9,Virizion,0.86049,796,0.735,563,0.746
10,Medicham,0.85705,850,0.785,597,0.791
11,Pidgeot,0.84797,843,0.778,602,0.798
12,Golbat,0.84647,869,0.802,627,0.831
13,Aron,0.84633,844,0.779,598,0.792
14,Solosis,0.84581,852,0.786,626,0.829
15,Heatmor,0.84411,856,0.790,594,0.787
16,Gothita,0.84342,852,0.786,557,0.738
17,Meloetta,0.84240,874,0.807,599,0.794
18,Scrafty,0.84107,827,0.763,563,0.746
19,Charizard,0.84088,849,0.784,620,0.822
20,Lopunny,0.84087,862,0.796,599,0.794
21,Swadloon,0.84025,855,0.789,616,0.816
22,Wailord,0.84019,833,0.769,604,0.800
23,Xerneas,0.83973,868,0.801,619,0.820
24,Pangoro,0.83943,808,0.746,554,0.734
25,Krabby,0.83865,839,0.774,576,0.763
26,Cryogonal,0.83816,855,0.789,584,0.774
27,Slowpoke,0.83795,844,0.779,599,0.794
28,Mandibuzz,0.83752,848,0.783,589,0.780
29,Stunky,0.83750,840,0.775,585,0.775
30,Salandit,0.83586,854,0.788,621,0.823
31,Koffing,0.83437,793,0.732,559,0.741
32,Larvesta,0.83385,840,0.775,579,0.767
33,Dragalge,0.83054,805,0.743,566,0.750
34,Zigzagoon,0.82981,853,0.787,605,0.802
35,Staraptor,0.82948,845,0.780,599,0.794
36,Xurkitree,0.82894,855,0.789,600,0.795
37,Kingdra,0.82872,870,0.803,622,0.824
38,Spritzee,0.82787,830,0.766,560,0.742
39,Gligar,0.82701,847,0.782,606,0.803
40,Barbaracle,0.82674,867,0.800,596,0.790
41,Stunfisk,0.82667,798,0.737,570,0.755
42,Magearna,0.82623,835,0.771,597,0.791
43,Bidoof,0.82613,856,0.790,604,0.800
44,Qwilfish,0.82434,820,0.757,580,0.769
45,Azurill,0.82396,854,0.788,589,0.780
46,Lapras,0.82361,811,0.749,578,0.766
47,Mew,0.82262,843,0.778,584,0.774
48,Zebstrika,0.82241,825,0.761,604,0.800
49,Lilligant,0.82213,866,0.799,597,0.791
50,Happiny,0.82181,846,0.781,572,0.758
51,Grumpig,0.82143,805,0.743,557,0.738
52,Wigglytuff,0.82027,816,0.753,547,0.725
53,Solrock,0.81991,802,0.740,565,0.749
54,Buneary,0.81946,878,0.810,615,0.815
55,Galvantula,0.81889,839,0.774,600,0.795
56,Bellsprout,0.81824,844,0.779,546,0.723
57,Taillow,0.81762,850,0.785,590,0.782
58,Skarmory,0.81717,799,0.737,592,0.784
59,Tentacruel,0.81701,827,0.763,589,0.780
60,Talonflame,0.81633,866,0.799,625,0.828
61,Diggersby,0.81613,839,0.774,595,0.788
62,Foongus,0.81573,821,0.758,581,0.770
63,Noibat,0.81565,797,0.736,535,0.709
64,Swellow,0.81391,829,0.765,610,0.808
65,Aegislash,0.81364,821,0.758,607,0.804
66,Poliwrath,0.81207,829,0.765,603,0.799
67,Mudsdale,0.81154,844,0.779,585,0.775
68,Pikipek,0.81147,884,0.816,608,0.806
69,Shelgon,0.81074,858,0.792,594,0.787
70,Buizel,0.81037,828,0.764,593,0.786
71,Nidorina,0.80989,812,0.749,581,0.770
72,Gloom,0.80959,811,0.749,545,0.722
73,Nincada,0.80904,810,0.748,529,0.701
74,Kingler,0.80886,822,0.759,590,0.782
75,Phione,0.80880,842,0.777,586,0.776
76,Empoleon,0.80871,792,0.731,583,0.773
77,Suicune,0.80800,864,0.797,615,0.815
78,Infernape,0.80623,848,0.783,585,0.775
79,Mudkip,0.80604,810,0.748,568,0.753
80,Umbreon,0.80523,853,0.787,623,0.826
81,Garbodor,0.80483,812,0.749,564,0.747
82,Skorupi,0.80402,800,0.738,540,0.716
83,Rowlet,0.80390,850,0.785,578,0.766
84,Mienfoo,0.80383,842,0.777,550,0.729
85,Jellicent,0.80335,854,0.788,615,0.815
86,Hypno,0.80284,848,0.783,595,0.788
87,Tyrantrum,0.80253,829,0.765,571,0.757
88,Tapu Bulu,0.80243,805,0.743,585,0.775
89,Whismur,0.80241,838,0.773,579,0.767
90,Bergmite,0.80200,821,0.758,566,0.750
91,Tangrowth,0.80164,805,0.743,554,0.734
92,Masquerain,0.80163,824,0.761,573,0.759
93,Steelix,0.80117,842,0.777,597,0.791
94,Magnemite,0.80111,860,0.794,594,0.787
95,Durant,0.80093,812,0.749,576,0.763
96,Fraxure,0.80034,810,0.748,553,0.733
97,Flabebe,0.80007,847,0.782,569,0.754
98,Meditite,0.79903,876,0.809,615,0.815
99,Lunala,0.79875,811,0.749,555,0.735
100,Glameow,0.79855,849,0.784,588,0.779
101,Phanpy,0.79840,826,0.762,568,0.753
102,Sylveon,0.79838,833,0.769,570,0.755
103,Tangela,0.79826,843,0.778,571,0.757
104,Croagunk,0.79816,804,0.742,553,0.733
105,Drampa,0.79813,831,0.767,562,0.745
106,Furfrou,0.79809,795,0.734,555,0.735
107,Metapod,0.79806,825,0.761,577,0.765
108,Cubchoo,0.79796,849,0.784,555,0.735
109,Malamar,0.79776,817,0.754,586,0.776
110,Litwick,0.79771,848,0.783,608,0.806
111,Regice,0.79759,832,0.768,561,0.743
112,Litten,0.79735,829,0.765,591,0.783
113,Herdier,0.79722,830,0.766,556,0.737
114,Ledian,0.79632,805,0.743,568,0.753
115,Alakazam,0.79559,854,0.788,591,0.783
116,Mewtwo,0.79544,822,0.759,561,0.743
117,Skuntank,0.79486,860,0.794,594,0.787
118,Toucannon,0.79470,822,0.759,568,0.753
119,Rayquaza,0.79469,830,0.766,591,0.783
120,Lickilicky,0.79435,807,0.745,571,0.757
121,Scolipede,0.79376,830,0.766,600,0.795
122,Slugma,0.79365,789,0.728,542,0.718
123,Quilladin,0.79358,845,0.780,574,0.761
124,Politoed,0.79316,859,0.793,608,0.806
125,Flaaffy,0.79284,813,0.750,594,0.787
126,Slaking,0.79142,836,0.772,607,0.804
127,Meowstic,0.79141,821,0.758,580,0.769
128,Pikachu,0.79111,861,0.795,587,0.778
129,Toxapex,0.79087,865,0.798,624,0.827
130,Bastiodon,0.79057,816,0.753,583,0.773
131,Bruxish,0.79014,796,0.735,526,0.697
132,Shelmet,0.78941,815,0.752,570,0.755
133,Gurdurr,0.78941,808,0.746,569,0.754
134,Tynamo,0.78921,850,0.785,613,0.812
135,Pelipper,0.78896,840,0.775,598,0.792
136,Pineco,0.78888,850,0.785,571,0.757
137,Tauros,0.78845,828,0.764,568,0.753
138,Throh,0.78839,866,0.799,607,0.804
139,Aipom,0.78832,784,0.724,540,0.716
140,Oddish,0.78828,829,0.765,573,0.759
141,Terrakion,0.78813,799,0.737,534,0.708
142,Probopass,0.78811,770,0.711,542,0.718
143,Finneon,0.78797,832,0.768,564,0.747
144,Anorith,0.78775,798,0.737,553,0.733
145,Sentret,0.78749,795,0.734,536,0.710
146,Espeon,0.78735,843,0.778,603,0.799
147,Spoink,0.78707,847,0.782,547,0.725
148,Phantump,0.78704,808,0.746,580,0.769
149,Bronzong,0.78676,844,0.779,606,0.803
150,Slakoth,0.78659,826,0.762,571,0.757
151,Gastrodon,0.78647,805,0.743,591,0.783
152,Jigglypuff,0.78596,834,0.770,559,0.741
153,Chimchar,0.78594,807,0.745,554,0.734
154,Tropius,0.78588,862,0.796,581,0.770
155,Horsea,0.78584,851,0.785,580,0.769
156,Audino,0.78580,840,0.775,590,0.782
157,Scatterbug,0.78527,864,0.797,582,0.771
158,Braviary,0.78509,818,0.755,571,0.757
159,Spheal,0.78489,840,0.775,577,0.765
160,Pinsir,0.78468,790,0.729,545,0.722
161,Simipour,0.78467,834,0.770,607,0.804
162,Psyduck,0.78449,865,0.798,579,0.767
163,Sneasel,0.78422,839,0.774,563,0.746
164,Magnezone,0.78383,836,0.772,581,0.770
165,Electivire,0.78352,849,0.784,594,0.787
166,Absol,0.78347,812,0.749,552,0.731
167,Hippopotas,0.78339,835,0.771,549,0.727
168,Shellder,0.78327,807,0.745,565,0.749
169,Rampardos,0.78308,805,0.743,545,0.722
170,Liepard,0.78308,808,0.746,551,0.730
171,Azelf,0.78302,853,0.787,588,0.779
172,Beedrill,0.78295,807,0.745,550,0.729
173,Passimian,0.78293,857,0.791,589,0.780
174,Pyroar,0.78277,863,0.797,608,0.806
175,Vileplume,0.78242,816,0.753,578,0.766
176,Goodra,0.78123,829,0.765,576,0.763
177,Omanyte,0.78122,828,0.764,562,0.745
178,Lurantis,0.78101,804,0.742,542,0.718
179,Pachirisu,0.78070,846,0.781,577,0.765
180,Cacnea,0.78065,841,0.776,579,0.767
181,Venipede,0.78062,809,0.747,536,0.710
182,Solgaleo,0.78010,810,0.748,601,0.796
183,Vanillish,0.78010,792,0.731,543,0.720
184,Cacturne,0.77982,808,0.746,571,0.757
185,Mamoswine,0.77974,786,0.725,548,0.726
186,Sealeo,0.77957,833,0.769,578,0.766
187,Snorunt,0.77924,859,0.793,558,0.739
188,Leavanny,0.77899,821,0.758,562,0.745
189,Slurpuff,0.77896,875,0.808,604,0.800
190,Lumineon,0.77862,833,0.769,574,0.761
191,Linoone,0.77812,822,0.759,566,0.750
192,Pansage,0.77782,823,0.760,559,0.741
193,Grubbin,0.77686,817,0.754,558,0.739
194,Blitzle,0.77682,849,0.784,602,0.798
195,Simisage,0.77670,830,0.766,585,0.775
196,Incineroar,0.77661,851,0.785,598,0.792
197,Squirtle,0.77644,837,0.773,589,0.780
198,Oranguru,0.77635,827,0.763,566,0.750
199,Zygarde,0.77628,790,0.729,552,0.731
200,Joltik,0.77600,771,0.712,549,0.727
201,Rockruff,0.77556,819,0.756,551,0.730
202,Shiinotic,0.77538,815,0.752,577,0.765
203,Gastly,0.77496,775,0.715,542,0.718
204,Swanna,0.77472,820,0.757,607,0.804
205,Pyukumuku,0.77462,808,0.746,585,0.775
206,Gyarados,0.77456,817,0.754,580,0.769
207,Type: Null,0.77450,772,0.713,535,0.709
208,Reshiram,0.77439,806,0.744,567,0.751
209,Kangaskhan,0.77409,848,0.783,586,0.776
210,Emboar,0.77395,829,0.765,584,0.774
211,Landorus,0.77376,807,0.745,569,0.754
212,Gothorita,0.77364,800,0.738,541,0.717
213,Cobalion,0.77351,782,0.722,561,0.743
214,Spearow,0.77347,869,0.802,597,0.791
215,Golduck,0.77337,805,0.743,555,0.735
216,Zubat,0.77294,801,0.739,583,0.773
217,Houndour,0.77290,816,0.753,565,0.749
218,Jirachi,0.77258,795,0.734,561,0.743
219,Vaporeon,0.77235,790,0.729,537,0.712
220,Froslass,0.77234,796,0.735,545,0.722
221,Golisopod,0.77216,819,0.756,596,0.790
222,Turtwig,0.77181,802,0.740,544,0.721
223,Klink,0.77120,807,0.745,608,0.806
224,Golurk,0.77114,813,0.750,579,0.767
225,Lucario,0.77112,824,0.761,587,0.778
226,Zweilous,0.77110,802,0.740,565,0.749
227,Furret,0.77045,808,0.746,593,0.786
228,Unfezant,0.77040,837,0.773,594,0.787
229,Togetic,0.77030,830,0.766,583,0.773
230,Silcoon,0.76986,813,0.750,591,0.783
231,Combee,0.76969,810,0.748,557,0.738
232,Watchog,0.76966,845,0.780,599,0.794
233,Surskit,0.76923,817,0.754,547,0.725
234,Goomy,0.76923,807,0.745,545,0.722
235,Crawdaunt,0.76917,835,0.771,578,0.766
236,Petilil,0.76887,824,0.761,543,0.720
237,Flygon,0.76885,769,0.710,526,0.697
238,Tornadus,0.76791,862,0.796,608,0.806
239,Zapdos,0.76786,782,0.722,559,0.741
240,Palpitoad,0.76773,797,0.736,551,0.730
241,Fennekin,0.76763,821,0.758,559,0.741
242,Shuppet,0.76750,835,0.771,589,0.780
243,Purrloin,0.76738,813,0.750,560,0.742
244,Porygon,0.76735,810,0.748,545,0.722
245,Cranidos,0.76730,801,0.739,538,0.713
246,Crustle,0.76717,846,0.781,587,0.778
247,Vivillon,0.76691,825,0.761,551,0.730
248,Pawniard,0.76686,811,0.749,586,0.776
249,Regirock,0.76664,805,0.743,565,0.749
250,Banette,0.76651,786,0.725,552,0.731
251,Paras,0.76648,867,0.800,571,0.757
252,Magmar,0.76633,805,0.743,589,0.780
253,Shinx,0.76632,825,0.761,545,0.722
254,Illumise,0.76631,838,0.773,567,0.751
255,Binacle,0.76627,816,0.753,564,0.747
256,Articuno,0.76627,857,0.791,600,0.795
257,Gourgeist,0.76618,795,0.734,555,0.735
258,Nuzleaf,0.76614,813,0.750,569,0.754
259,Ampharos,0.76597,815,0.752,558,0.739
260,Flareon,0.76564,830,0.766,588,0.779
261,Mareanie,0.76535,816,0.753,576,0.763
262,Garchomp,0.76531,786,0.725,558,0.739
263,Mienshao,0.76490,788,0.727,540,0.716
264,Relicanth,0.76481,771,0.712,538,0.713
265,Dewgong,0.76481,859,0.793,601,0.796
266,Donphan,0.76477,841,0.776,594,0.787
267,Shuckle,0.76465,798,0.737,570,0.755
268,Piloswine,0.76438,832,0.768,552,0.731
269,Clefairy,0.76401,815,0.752,589,0.780
270,Kakuna,0.76392,861,0.795,598,0.792
271,Vullaby,0.76386,830,0.766,597,0.791
272,Spewpa,0.76383,833,0.769,557,0.738
273,Rhyperior,0.76382,795,0.734,577,0.765
274,Kecleon,0.76382,825,0.761,576,0.763
275,Lugia,0.76380,814,0.751,567,0.751
276,Clefable,0.76377,809,0.747,572,0.758
277,Gogoat,0.76369,792,0.731,562,0.745
278,Cleffa,0.76365,792,0.731,541,0.717
279,Arceus,0.76357,819,0.756,604,0.800
280,Hakamo-o,0.76345,797,0.736,583,0.773
281,Serperior,0.76269,830,0.766,560,0.742
282,Magby,0.76245,795,0.734,565,0.749
283,Primarina,0.76244,820,0.757,566,0.750
284,Larvitar,0.76239,848,0.783,581,0.770
285,Gliscor,0.76227,820,0.757,580,0.769
286,Smoochum,0.76206,867,0.800,566,0.750
287,Togekiss,0.76167,813,0.750,578,0.766
288,Castform,0.76144,722,0.666,520,0.689
289,Victreebel,0.76137,825,0.761,570,0.755
290,Tapu Lele,0.76130,823,0.760,569,0.754
291,Whiscash,0.76097,817,0.754,561,0.743
292,Bisharp,0.76088,830,0.766,588,0.779
293,Celebi,0.76067,827,0.763,563,0.746
294,Charmander,0.76067,828,0.764,579,0.767
295,Seviper,0.76030,803,0.741,566,0.750
296,Grovyle,0.76026,759,0.701,518,0.686
297,Hoothoot,0.76022,811,0.749,570,0.755
298,Spinda,0.75994,813,0.750,561,0.743
299,Exeggcute,0.75992,830,0.766,535,0.709
300,Darumaka,0.75977,818,0.755,574,0.761
301,Sliggoo,0.75935,854,0.788,599,0.794
302,Archeops,0.75860,788,0.727,552,0.731
303,Starly,0.75839,816,0.753,591,0.783
304,Honchkrow,0.75835,828,0.764,571,0.757
305,Sunflora,0.75821,812,0.749,574,0.761
306,Tepig,0.75813,864,0.797,606,0.803
307,Ursaring,0.75773,841,0.776,587,0.778
308,Wailmer,0.75746,846,0.781,590,0.782
309,Drapion,0.75728,775,0.715,566,0.750
310,Electabuzz,0.75721,804,0.742,581,0.770
311,Barboach,0.75712,838,0.773,613,0.812
312,Turtonator,0.75710,844,0.779,601,0.796
313,Maractus,0.75706,821,0.758,558,0.739
314,Armaldo,0.75701,816,0.753,534,0.708
315,Hitmontop,0.75691,786,0.725,551,0.730
316,Farfetch'd,0.75683,781,0.721,549,0.727
317,Cinccino,0.75677,819,0.756,559,0.741
318,Mantine,0.75669,796,0.735,547,0.725
319,Beautifly,0.75649,799,0.737,565,0.749
320,Trapinch,0.75645,782,0.722,532,0.705
321,Piplup,0.75638,846,0.781,580,0.769
322,Machop,0.75625,794,0.733,541,0.717
323,Shieldon,0.75614,773,0.713,578,0.766
324,Giratina,0.75611,827,0.763,601,0.796
325,Tapu Fini,0.75609,797,0.736,561,0.743
326,Plusle,0.75588,799,0.737,576,0.763
327,Blaziken,0.75586,834,0.770,600,0.795
328,Togedemaru,0.75577,840,0.775,604,0.800
329,Azumarill,0.75575,787,0.726,558,0.739
330,Espurr,0.75566,782,0.722,535,0.709
331,Ekans,0.75538,862,0.796,596,0.790
332,Trumbeak,0.75537,838,0.773,596,0.790
333,Gallade,0.75529,818,0.755,561,0.743
334,Shaymin,0.75513,832,0.768,574,0.761
335,Vikavolt,0.75507,783,0.723,542,0.718
336,Minun,0.75493,813,0.750,558,0.739
337,Magikarp,0.75482,809,0.747,604,0.800
338,Doublade,0.75438,828,0.764,624,0.827
339,Scraggy,0.75433,811,0.749,557,0.738
340,Nosepass,0.75415,812,0.749,560,0.742
341,Weepinbell,0.75405,798,0.737,546,0.723
342,Lotad,0.75392,775,0.715,509,0.674
343,Sunkern,0.75364,842,0.777,574,0.761
344,Nidoking,0.75351,819,0.756,586,0.776
345,Cherubi,0.75351,816,0.753,556,0.737
346,Thundurus,0.75351,814,0.751,571,0.757
347,Ditto,0.75321,821,0.758,597,0.791
348,Sudowoodo,0.75314,801,0.739,570,0.755
349,Groudon,0.75313,795,0.734,567,0.751
350,Xatu,0.75313,842,0.777,585,0.775
351,Munna,0.75256,790,0.729,551,0.730
352,Chandelure,0.75252,805,0.743,553,0.733
353,Mothim,0.75236,763,0.704,510,0.676
354,Darmanitan,0.75228,775,0.715,534,0.708
355,Accelgor,0.75227,819,0.756,585,0.775
356,Elgyem,0.75222,828,0.764,565,0.749
357,Budew,0.75213,838,0.773,573,0.759
358,Lillipup,0.75207,806,0.744,554,0.734
359,Stoutland,0.75202,773,0.713,522,0.692
360,Sawk,0.75168,808,0.746,564,0.747
361,Tirtouga,0.75142,811,0.749,566,0.750
362,NidoranM,0.75132,793,0.732,550,0.729
363,Jolteon,0.75123,830,0.766,592,0.784
364,Cascoon,0.75118,781,0.721,570,0.755
365,Sceptile,0.75054,812,0.749,587,0.778
366,Duskull,0.75045,782,0.722,557,0.738
367,Blastoise,0.75044,798,0.737,569,0.754
368,Torracat,0.75027,834,0.770,586,0.776
369,Bouffalant,0.74981,817,0.754,572,0.758
370,Drilbur,0.74936,804,0.742,584,0.774
371,Registeel,0.74919,800,0.738,560,0.742
372,Chatot,0.74888,802,0.740,556,0.737
373,Gible,0.74874,836,0.772,591,0.783
374,Huntail,0.74865,797,0.736,553,0.733
375,Haunter,0.74862,816,0.753,597,0.791
376,Hydreigon,0.74855,804,0.742,553,0.733
377,Gengar,0.74851,781,0.721,572,0.758
378,Weezing,0.74842,784,0.724,577,0.765
379,Cherrim,0.74835,807,0.745,554,0.734
380,Bagon,0.74833,828,0.764,562,0.745
381,Venomoth,0.74831,831,0.767,571,0.757
382,Drowzee,0.74830,827,0.763,553,0.733
383,Pansear,0.74820,813,0.750,564,0.747
384,Yveltal,0.74817,831,0.767,602,0.798
385,Shellos,0.74808,782,0.722,524,0.694
386,Dedenne,0.74794,834,0.770,591,0.783
387,Zorua,0.74783,830,0.766,577,0.765
388,Dusknoir,0.74774,791,0.730,561,0.743
389,Sharpedo,0.74748,838,0.773,601,0.796
390,Caterpie,0.74735,822,0.759,585,0.775
391,Fletchling,0.74731,810,0.748,563,0.746
392,Chikorita,0.74728,784,0.724,546,0.723
393,Numel,0.74718,832,0.768,557,0.738
394,Oshawott,0.74718,824,0.761,588,0.779
395,Scizor,0.74718,833,0.769,579,0.767
396,Avalugg,0.74715,805,0.743,565,0.749
397,NidoranF,0.74669,837,0.773,578,0.766
398,Braixen,0.74651,788,0.727,515,0.682
399,Camerupt,0.74629,834,0.770,570,0.755
400,Rapidash,0.74587,803,0.741,566,0.750
401,Gumshoos,0.74564,823,0.760,569,0.754
402,Salamence,0.74560,744,0.687,511,0.677
403,Timburr,0.74517,799,0.737,561,0.743
404,Croconaw,0.74501,853,0.787,572,0.758
405,Spiritomb,0.74482,786,0.725,572,0.758
406,Bayleef,0.74452,856,0.790,606,0.803
407,Porygon2,0.74447,838,0.773,563,0.746
408,Torkoal,0.74438,831,0.767,586,0.776
409,Dhelmise,0.74430,785,0.725,538,0.713
410,Torterra,0.74426,788,0.727,552,0.731
411,Arcanine,0.74420,797,0.736,569,0.754
412,Cubone,0.74420,810,0.748,540,0.716
413,Machamp,0.74412,780,0.720,520,0.689
414,Quagsire,0.74412,804,0.742,565,0.749
415,Decidueye,0.74375,825,0.761,583,0.773
416,Mismagius,0.74369,783,0.723,561,0.743
417,Floatzel,0.74339,795,0.734,579,0.767
418,Carracosta,0.74329,830,0.766,575,0.762
419,Brionne,0.74329,792,0.731,561,0.743
420,Necrozma,0.74322,824,0.761,596,0.790
421,Corsola,0.74310,799,0.737,537,0.712
422,Nidorino,0.74308,841,0.776,583,0.773
423,Leafeon,0.74292,797,0.736,549,0.727
424,Lairon,0.74250,834,0.770,573,0.759
425,Zekrom,0.74249,800,0.738,571,0.757
426,Kartana,0.74248,831,0.767,584,0.774
427,Poochyena,0.74229,812,0.749,542,0.718
428,Buzzwole,0.74207,812,0.749,550,0.729
429,Octillery,0.74206,795,0.734,550,0.729
430,Mareep,0.74191,836,0.772,581,0.770
431,Abra,0.74171,784,0.724,529,0.701
432,Munchlax,0.74164,802,0.740,556,0.737
433,Mawile,0.74143,835,0.771,596,0.790
434,Corphish,0.74122,837,0.773,571,0.757
435,Skiploom,0.74116,758,0.700,507,0.672
436,Cottonee,0.74116,807,0.745,550,0.729
437,Wingull,0.74074,794,0.733,549,0.727
438,Machoke,0.74065,829,0.765,594,0.787
439,Wooper,0.74038,867,0.800,589,0.780
440,Remoraid,0.74025,776,0.716,545,0.722
441,Delcatty,0.74013,809,0.747,574,0.761
442,Cyndaquil,0.74010,805,0.743,573,0.759
443,Mankey,0.73999,792,0.731,556,0.737
444,Magcargo,0.73958,789,0.728,543,0.720
445,Smeargle,0.73915,831,0.767,566,0.750
446,Charmeleon,0.73906,826,0.762,598,0.792
447,Seismitoad,0.73904,775,0.715,557,0.738
448,Victini,0.73904,814,0.751,567,0.751
449,Eevee,0.73890,775,0.715,538,0.713
450,Cosmog,0.73887,797,0.736,552,0.731
451,Porygon-Z,0.73879,829,0.765,563,0.746
452,Comfey,0.73876,782,0.722,574,0.761
453,Patrat,0.73867,775,0.715,526,0.697
454,Wurmple,0.73865,785,0.725,533,0.706
455,Sandile,0.73847,793,0.732,554,0.734
456,Beheeyem,0.73827,787,0.726,550,0.729
457,Basculin,0.73815,845,0.780,596,0.790
458,Omastar,0.73802,790,0.729,543,0.720
459,Grotle,0.73798,809,0.747,559,0.741
460,Mimikyu,0.73778,787,0.726,566,0.750
461,Girafarig,0.73771,799,0.737,545,0.722
462,Aurorus,0.73762,847,0.782,571,0.757
463,Jumpluff,0.73757,796,0.735,552,0.731
464,Monferno,0.73749,781,0.721,561,0.743
465,Trubbish,0.73730,837,0.773,577,0.765
466,Sableye,0.73714,803,0.741,578,0.766
467,Teddiursa,0.73711,764,0.705,505,0.669
468,Palossand,0.73692,780,0.720,546,0.723
469,Musharna,0.73673,842,0.777,581,0.770
470,Celesteela,0.73644,808,0.746,574,0.761
471,Latios,0.73624,859,0.793,597,0.791
472,Bounsweet,0.73604,769,0.710,511,0.677
473,Cradily,0.73594,830,0.766,564,0.747
474,Dustox,0.73576,827,0.763,549,0.727
475,Metang,0.73570,800,0.738,560,0.742
476,Kirlia,0.73562,820,0.757,548,0.726
477,Rhydon,0.73553,797,0.736,570,0.755
478,Poliwhirl,0.73508,817,0.754,576,0.763
479,Haxorus,0.73464,803,0.741,575,0.762
480,Bulbasaur,0.73450,806,0.744,558,0.739
481,Klang,0.73435,804,0.742,576,0.763
482,Goldeen,0.73429,795,0.734,567,0.751
483,Skiddo,0.73415,788,0.727,533,0.706
484,Snivy,0.73378,833,0.769,570,0.755
485,Aromatisse,0.73369,784,0.724,534,0.708
486,Deino,0.73364,860,0.794,588,0.779
487,Purugly,0.73331,797,0.736,550,0.729
488,Samurott,0.73325,810,0.748,571,0.757
489,Lombre,0.73291,795,0.734,558,0.739
490,Beartic,0.73284,792,0.731,538,0.713
491,Clauncher,0.73279,848,0.783,572,0.758
492,Loudred,0.73265,789,0.728,548,0.726
493,Tranquill,0.73242,827,0.763,590,0.782
494,Nihilego,0.73237,817,0.754,569,0.754
495,Torchic,0.73210,787,0.726,534,0.708
496,Hitmonchan,0.73199,788,0.727,563,0.746
497,Shiftry,0.73171,804,0.742,553,0.733
498,Altaria,0.73149,791,0.730,563,0.746
499,Yanmega,0.73143,844,0.779,583,0.773
500,Oricorio,0.73129,759,0.701,536,0.710
501,Keldeo,0.73112,796,0.735,564,0.747
502,Natu,0.73106,754,0.696,543,0.720
503,Vibrava,0.73105,775,0.715,553,0.733
504,Dwebble,0.73076,789,0.728,556,0.737
505,Dragonite,0.73074,822,0.759,591,0.783
506,Ledyba,0.73055,831,0.767,579,0.767
507,Simisear,0.73053,794,0.733,592,0.784
508,Helioptile,0.72996,777,0.717,544,0.721
509,Rufflet,0.72994,792,0.731,569,0.754
510,Deoxys,0.72991,818,0.755,575,0.762
511,Gigalith,0.72975,815,0.752,558,0.739
512,Rhyhorn,0.72945,830,0.766,580,0.769
513,Delibird,0.72935,776,0.716,509,0.674
514,Genesect,0.72911,804,0.742,590,0.782
515,Ludicolo,0.72908,810,0.748,579,0.767
516,Yamask,0.72884,781,0.721,569,0.754
517,Seedot,0.72868,766,0.707,528,0.700
518,Chimecho,0.72867,791,0.730,533,0.706
519,Glalie,0.72834,832,0.768,565,0.749
520,Claydol,0.72809,788,0.727,559,0.741
521,Salazzle,0.72779,783,0.723,567,0.751
522,Gorebyss,0.72772,808,0.746,563,0.746
523,Chansey,0.72736,836,0.772,578,0.766
524,Lileep,0.72695,841,0.776,604,0.800
525,Heatran,0.72694,773,0.713,559,0.741
526,Roserade,0.72682,804,0.742,538,0.713
527,Feebas,0.72625,843,0.778,581,0.770
528,Stantler,0.72601,812,0.749,558,0.739
529,Jangmo-o,0.72592,835,0.771,578,0.766
530,Abomasnow,0.72569,774,0.714,515,0.682
531,Sigilyph,0.72558,817,0.754,554,0.734
532,Hoopa,0.72552,831,0.767,592,0.784
533,Aggron,0.72535,810,0.748,591,0.783
534,Snorlax,0.72531,779,0.719,540,0.716
535,Litleo,0.72520,770,0.711,538,0.713
536,Poliwag,0.72518,822,0.759,569,0.754
537,Marill,0.72512,833,0.769,590,0.782
538,Primeape,0.72505,811,0.749,550,0.729
539,Toxicroak,0.72478,788,0.727,542,0.718
540,Amoonguss,0.72472,823,0.760,557,0.738
541,Venonat,0.72471,800,0.738,539,0.714
542,Pidgeotto,0.72463,834,0.770,589,0.780
543,Dodrio,0.72460,798,0.737,557,0.738
544,Makuhita,0.72448,809,0.747,531,0.704
545,Carbink,0.72445,787,0.726,556,0.737
546,Excadrill,0.72435,782,0.722,548,0.726
547,Ivysaur,0.72428,829,0.765,565,0.749
548,Wartortle,0.72416,807,0.745,571,0.757
549,Noivern,0.72412,806,0.744,566,0.750
550,Heliolisk,0.72411,802,0.740,582,0.771
551,Swinub,0.72401,771,0.712,514,0.681
552,Komala,0.72396,817,0.754,552,0.731
553,Luxio,0.72393,833,0.769,580,0.769
554,Amaura,0.72369,813,0.750,528,0.700
555,Chingling,0.72351,782,0.722,531,0.704
556,Scyther,0.72348,813,0.750,554,0.734
557,Pichu,0.72339,822,0.759,557,0.738
558,Chesnaught,0.72291,775,0.715,527,0.698
559,Deerling,0.72255,805,0.743,557,0.738
560,Shroomish,0.72245,800,0.738,552,0.731
561,Cloyster,0.72223,774,0.714,533,0.706
562,Gothitelle,0.72208,810,0.748,549,0.727
563,Ninjask,0.72194,780,0.720,549,0.727
564,Swampert,0.72157,789,0.728,535,0.709
565,Marshtomp,0.72138,790,0.729,568,0.753
566,Hitmonlee,0.72123,809,0.747,556,0.737
567,Quilava,0.72083,819,0.756,584,0.774
568,Exploud,0.72072,774,0.714,553,0.733
569,Kadabra,0.72035,824,0.761,553,0.733
570,Golett,0.72026,796,0.735,565,0.749
571,Kabuto,0.72020,762,0.703,522,0.692
572,Metagross,0.72006,804,0.742,560,0.742
573,Fearow,0.71999,778,0.718,555,0.735
574,Burmy,0.71983,814,0.751,569,0.754
575,Crabrawler,0.71921,826,0.762,553,0.733
576,Luvdisc,0.71921,804,0.742,554,0.734
577,Vespiquen,0.71902,823,0.760,576,0.763
578,Duosion,0.71899,777,0.717,531,0.704
579,Ponyta,0.71823,766,0.707,544,0.721
580,Staryu,0.71789,797,0.736,542,0.718
581,Fomantis,0.71782,815,0.752,558,0.739
582,Hippowdon,0.71770,785,0.725,552,0.731
583,Volcanion,0.71745,830,0.766,566,0.750
584,Karrablast,0.71741,787,0.726,531,0.704
585,Kyogre,0.71734,788,0.727,551,0.730
586,Elekid,0.71721,761,0.702,545,0.722
587,Gabite,0.71716,811,0.749,555,0.735
588,Uxie,0.71670,815,0.752,565,0.749
589,Kabutops,0.71652,814,0.751,572,0.758
590,Seadra,0.71622,825,0.761,577,0.765
591,Bonsly,0.71614,810,0.748,549,0.727
592,Steenee,0.71613,839,0.774,561,0.743
593,Treecko,0.71563,804,0.742,559,0.741
594,Weavile,0.71539,789,0.728,537,0.712
595,Dunsparce,0.71537,761,0.702,540,0.716
596,Bronzor,0.71519,836,0.772,601,0.796
597,Manaphy,0.71508,767,0.708,540,0.716
598,Swablu,0.71505,808,0.746,574,0.761
599,Archen,0.71462,804,0.742,540,0.716
600,Swirlix,0.71461,781,0.721,541,0.717
601,Riolu,0.71426,767,0.708,507,0.672
602,Crabominable,0.71403,793,0.732,540,0.716
603,Meganium,0.71402,774,0.714,546,0.723
604,Dewott,0.71388,793,0.732,580,0.769
605,Clamperl,0.71382,796,0.735,548,0.726
606,Lickitung,0.71368,779,0.719,528,0.700
607,Charjabug,0.71326,788,0.727,551,0.730
608,Cofagrigus,0.71322,806,0.744,602,0.798
609,Spinarak,0.71292,856,0.790,578,0.766
610,Mantyke,0.71289,843,0.778,575,0.762
611,Hoppip,0.71271,804,0.742,579,0.767
612,Emolga,0.71268,742,0.685,534,0.708
613,Frogadier,0.71263,789,0.728,539,0.714
614,Ferrothorn,0.71248,797,0.736,586,0.776
615,Pidgey,0.71185,801,0.739,555,0.735
616,Clawitzer,0.71175,819,0.756,559,0.741
617,Krokorok,0.71164,793,0.732,548,0.726
618,Growlithe,0.71083,772,0.713,548,0.726
619,Tapu Koko,0.71059,792,0.731,579,0.767
620,Alomomola,0.71059,812,0.749,569,0.754
621,Feraligatr,0.71052,769,0.710,557,0.738
622,Ho-Oh,0.71049,825,0.761,574,0.761
623,Dartrix,0.71031,772,0.713,529,0.701
624,Skrelp,0.70993,804,0.742,548,0.726
625,Nidoqueen,0.70960,793,0.732,543,0.720
626,Magmortar,0.70939,772,0.713,519,0.688
627,Walrein,0.70932,815,0.752,559,0.741
628,Froakie,0.70927,786,0.725,534,0.708
629,Gardevoir,0.70922,766,0.707,549,0.727
630,Sewaddle,0.70899,825,0.761,538,0.713
631,Ferroseed,0.70855,782,0.722,555,0.735
632,Chespin,0.70847,822,0.759,546,0.723
633,Starmie,0.70812,771,0.712,543,0.720
634,Trevenant,0.70812,827,0.763,604,0.800
635,Delphox,0.70798,814,0.751,564,0.747
636,Eelektross,0.70781,740,0.683,538,0.713
637,Pancham,0.70781,788,0.727,536,0.710
638,Skitty,0.70747,827,0.763,556,0.737
639,Prinplup,0.70738,801,0.739,563,0.746
640,Arbok,0.70735,800,0.738,567,0.751
641,Mr. Mime,0.70713,743,0.686,531,0.704
642,Wishiwashi,0.70702,770,0.711,533,0.706
643,Volbeat,0.70687,799,0.737,546,0.723
644,Whimsicott,0.70686,771,0.712,540,0.716
645,Zoroark,0.70678,841,0.776,590,0.782
646,Entei,0.70651,820,0.757,573,0.759
647,Drifblim,0.70635,788,0.727,556,0.737
648,Yanma,0.70615,825,0.761,594,0.787
649,Servine,0.70583,778,0.718,530,0.702
650,Beldum,0.70571,810,0.748,577,0.765
651,Conkeldurr,0.70558,784,0.724,544,0.721
652,Lunatone,0.70549,783,0.723,536,0.710
653,Regigigas,0.70496,795,0.734,555,0.735
654,Ducklett,0.70488,769,0.710,502,0.665
655,Pignite,0.70441,770,0.711,564,0.747
656,Guzzlord,0.70429,828,0.764,588,0.779
657,Tyrogue,0.70380,789,0.728,526,0.697
658,Hawlucha,0.70380,777,0.717,558,0.739
659,Roselia,0.70372,789,0.728,547,0.725
660,Axew,0.70366,808,0.746,536,0.710
661,Fletchinder,0.70333,760,0.701,527,0.698
662,Darkrai,0.70303,770,0.711,538,0.713
663,Voltorb,0.70293,794,0.733,544,0.721
664,Tsareena,0.70203,766,0.707,529,0.701
665,Roggenrola,0.70201,793,0.732,567,0.751
666,Pumpkaboo,0.70141,815,0.752,551,0.730
667,Dragonair,0.70113,779,0.719,555,0.735
668,Electrike,0.70096,791,0.730,541,0.717
669,Jynx,0.70070,783,0.723,530,0.702
670,Onix,0.69958,794,0.733,552,0.731
671,Noctowl,0.69937,766,0.707,526,0.697
672,Ambipom,0.69895,781,0.721,557,0.738
673,Togepi,0.69857,789,0.728,548,0.726
674,Misdreavus,0.69815,800,0.738,589,0.780
675,Ariados,0.69755,771,0.712,535,0.709
676,Pupitar,0.69726,782,0.722,531,0.704
677,Snubbull,0.69693,806,0.744,550,0.729
678,Granbull,0.69690,789,0.728,527,0.698
679,Breloom,0.69666,824,0.761,553,0.733
680,Mightyena,0.69644,768,0.709,549,0.727
681,Venusaur,0.69568,827,0.763,593,0.786
682,Whirlipede,0.69543,790,0.729,545,0.722
683,Doduo,0.69509,818,0.755,569,0.754
684,Murkrow,0.69492,771,0.712,544,0.721
685,Slowking,0.69440,786,0.725,544,0.721
686,Forretress,0.69435,773,0.713,583,0.773
687,Tyrunt,0.69400,843,0.778,582,0.771
688,Carvanha,0.69377,808,0.746,544,0.721
689,Swalot,0.69367,776,0.716,555,0.735
690,Gulpin,0.69336,797,0.736,558,0.739
691,Klinklang,0.69321,808,0.746,579,0.767
692,Honedge,0.69242,774,0.714,573,0.759
693,Miltank,0.69237,763,0.704,537,0.712
694,Magneton,0.69172,764,0.705,581,0.770
695,Moltres,0.69120,796,0.735,583,0.773
696,Carnivine,0.69118,811,0.749,521,0.690
697,Yungoos,0.69100,834,0.770,582,0.771
698,Woobat,0.68959,758,0.700,539,0.714
699,Seaking,0.68958,759,0.701,516,0.684
700,Popplio,0.68939,776,0.716,548,0.726
701,Weedle,0.68913,808,0.746,545,0.722
702,Minior,0.68860,745,0.688,533,0.706
703,Pheromosa,0.68828,773,0.713,518,0.686
704,Escavalier,0.68762,791,0.730,551,0.730
705,Bibarel,0.68727,802,0.740,565,0.749
706,Milotic,0.68697,832,0.768,579,0.767
707,Hariyama,0.68669,800,0.738,555,0.735
708,Typhlosion,0.68662,793,0.732,558,0.739
709,Marshadow,0.68653,762,0.703,550,0.729
710,Slowbro,0.68626,771,0.712,541,0.717
711,Glaceon,0.68576,800,0.738,511,0.677
712,Cosmoem,0.68525,796,0.735,571,0.757
713,Raikou,0.68518,779,0.719,561,0.743
714,Ribombee,0.68402,802,0.740,549,0.727
715,Heracross,0.68375,772,0.713,541,0.717
716,Cresselia,0.68324,811,0.749,578,0.766
717,Kricketune,0.68302,725,0.669,513,0.680
718,Dialga,0.68177,772,0.713,540,0.716
719,Blissey,0.68120,791,0.730,531,0.704
720,Lampent,0.68063,773,0.713,534,0.708
721,Drifloon,0.68030,787,0.726,521,0.690
722,Dusclops,0.68015,767,0.708,562,0.745
723,Reuniclus,0.67982,776,0.716,544,0.721
724,Chinchou,0.67925,781,0.721,542,0.718
725,Bellossom,0.67873,795,0.734,544,0.721
726,Dratini,0.67859,822,0.759,548,0.726
727,Electrode,0.67850,792,0.731,572,0.758
728,Mesprit,0.67835,823,0.760,610,0.808
729,Sandygast,0.67797,795,0.734,568,0.753
730,Araquanid,0.67788,826,0.762,571,0.757
731,Boldore,0.67698,804,0.742,560,0.742
732,Bunnelby,0.67521,772,0.713,517,0.685
733,Wynaut,0.67514,805,0.743,565,0.749
734,Manectric,0.67510,795,0.734,553,0.733
735,Tympole,0.67445,778,0.718,522,0.692
736,Dewpider,0.67429,794,0.733,526,0.697
737,Crobat,0.67421,808,0.746,582,0.771
738,Combusken,0.67373,780,0.720,550,0.729
739,Tentacool,0.67254,772,0.713,522,0.692
740,Butterfree,0.67177,778,0.718,551,0.730
741,Snover,0.67124,776,0.716,512,0.678
742,Parasect,0.67105,749,0.691,515,0.682
743,Mudbray,0.67017,795,0.734,527,0.698
744,Totodile,0.67006,820,0.757,555,0.735
745,Vanillite,0.66972,745,0.688,488,0.647
746,Silvally,0.66747,785,0.725,555,0.735
747,Palkia,0.66611,782,0.722,551,0.730
748,Tyranitar,0.66563,794,0.733,555,0.735
749,Volcarona,0.66443,786,0.725,563,0.746
750,Wobbuffet,0.66390,798,0.737,550,0.729
751,Minccino,0.66329,781,0.721,537,0.712
752,Unown,0.66239,740,0.683,525,0.696
753,Shedinja,0.66224,740,0.683,465,0.616
754,Kricketot,0.66082,804,0.742,540,0.716
755,Aerodactyl,0.66042,777,0.717,544,0.721
756,Zangoose,0.66038,787,0.726,561,0.743
757,Kommo-o,0.66033,779,0.719,549,0.727
758,Inkay,0.65940,781,0.721,527,0.698
759,Swoobat,0.65756,780,0.720,542,0.718
760,Mime Jr.,0.65602,835,0.771,575,0.762
761,Lanturn,0.65601,769,0.710,547,0.725
762,Cutiefly,0.65585,779,0.719,545,0.722
763,Krookodile,0.65500,755,0.697,510,0.676
764,Baltoy,0.65362,771,0.712,544,0.721
765,Diancie,0.65215,798,0.737,549,0.727
766,Eelektrik,0.64936,770,0.711,537,0.712
767,Houndoom,0.64895,789,0.728,530,0.702
768,Panpour,0.64805,779,0.719,525,0.696
769,Bewear,0.64465,745,0.688,528,0.700
770,Latias,0.64284,775,0.715,566,0.750
771,Frillish,0.64232,779,0.719,552,0.731
772,Stufful,0.64094,794,0.733,539,0.714
773,Luxray,0.63862,789,0.728,552,0.731
774,Vanilluxe,0.63641,779,0.719,490,0.649
775,Florges,0.63432,750,0.692,495,0.656
776,Igglybuff,0.63179,795,0.734,549,0.727
777,Seel,0.63117,793,0.732,568,0.753
778,Vigoroth,0.62655,778,0.718,526,0.697
779,Graveler-Alola,0.44475,445,0.411,309,0.409
780,Exeggutor,0.43001,448,0.413,303,0.401
781,Sandslash-Alola,0.42876,433,0.400,310,0.411
782,Lycanroc-Midnight,0.42829,421,0.389,293,0.388
783,Lycanroc,0.41102,414,0.382,290,0.384
784,Vulpix-Alola,0.40667,405,0.374,282,0.374
785,Vulpix,0.40541,430,0.397,290,0.384
786,Rattata,0.40225,419,0.387,298,0.395
787,Exeggutor-Alola,0.39920,413,0.381,275,0.364
788,Diglett,0.39834,401,0.370,272,0.360
789,Marowak-Alola,0.39177,416,0.384,302,0.400
790,Floette,0.39025,398,0.367,271,0.359
791,Muk-Alola,0.39017,412,0.380,277,0.367
792,Raichu-Alola,0.38562,414,0.382,294,0.390
793,Golem-Alola,0.38369,401,0.370,289,0.383
794,Sandslash,0.38350,395,0.365,268,0.355
795,Rattata-Alola,0.38190,405,0.374,289,0.383
796,Sandshrew,0.37869,415,0.383,290,0.384
797,Diglett-Alola,0.37587,426,0.393,300,0.398
798,Greninja-Ash,0.37045,399,0.368,296,0.392
799,Ninetales,0.36944,437,0.403,297,0.394
800,Persian,0.36741,417,0.385,282,0.374
801,Sandshrew-Alola,0.36703,387,0.357,263,0.348
802,Floette-Eternal,0.36656,380,0.351,262,0.347
803,Golem,0.36151,407,0.376,288,0.382
804,Greninja,0.36063,421,0.389,298,0.395
805,Raichu,0.35802,412,0.380,288,0.382
806,Geodude,0.35227,390,0.360,265,0.351
807,Meowth-Alola,0.35157,397,0.366,265,0.351
808,Dugtrio,0.35043,397,0.366,267,0.354
809,Muk,0.34944,386,0.356,265,0.351
810,Raticate,0.34509,394,0.364,280,0.371
811,Ninetales-Alola,0.34476,380,0.351,266,0.352
812,Marowak,0.34476,405,0.374,291,0.386
813,Raticate-Alola,0.33885,377,0.348,253,0.335
814,Grimer-Alola,0.33663,402,0.371,295,0.391
815,Persian-Alola,0.33650,392,0.362,262,0.347
816,Dugtrio-Alola,0.32320,388,0.358,280,0.371
817,Graveler,0.32095,399,0.368,270,0.358
818,Meowth,0.31168,408,0.377,273,0.362
819,Geodude-Alola,0.30004,356,0.329,255,0.338
820,Grimer,0.29516,376,0.347,266,0.352
821,Wormadam-Sandy,0.29038,278,0.257,190,0.252
822,Kyurem-White,0.27206,293,0.270,201,0.266
823,Kyurem,0.26951,290,0.268,200,0.265
824,Kyurem-Black,0.26863,275,0.254,203,0.269
825,Wormadam,0.25409,266,0.246,170,0.225
826,Wormadam-Trash,0.23706,276,0.255,194,0.257
827,Rotom-Frost,0.16248,133,0.123,95,0.126
828,Rotom-Mow,0.14659,155,0.143,105,0.139
829,Rotom-Wash,0.13260,147,0.136,103,0.136
830,Rotom-Heat,0.12846,125,0.115,96,0.127
831,Rotom-Fan,0.11333,139,0.128,103,0.136
832,Rotom,0.10024,136,0.126,97,0.129
833,Glalie-Mega,0.01235,3,0.003,3,0.004
834,Metagross-Mega,0.00996,4,0.004,3,0.004
835,Audino-Mega,0.00868,6,0.006,2,0.003
836,Scizor-Mega,0.00822,4,0.004,3,0.004
837,Sharpedo-Mega,0.00782,5,0.005,3,0.004
838,Abomasnow-Mega,0.00775,3,0.003,1,0.001
839,Charizard-Mega-Y,0.00639,3,0.003,3,0.004
840,Mewtwo-Mega-Y,0.00534,3,0.003,2,0.003
841,Mewtwo-Mega-X,0.00498,6,0.006,5,0.007
842,Garchomp-Mega,0.00494,3,0.003,3,0.004
843,Sceptile-Mega,0.00466,6,0.006,5,0.007
844,Blastoise-Mega,0.00460,2,0.002,2,0.003
845,Aggron-Mega,0.00438,3,0.003,2,0.003
846,Kyogre-Primal,0.00433,4,0.004,3,0.004
847,Aerodactyl-Mega,0.00421,3,0.003,2,0.003
848,Houndoom-Mega,0.00392,2,0.002,1,0.001
849,Salamence-Mega,0.00367,3,0.003,3,0.004
850,Lopunny-Mega,0.00341,5,0.005,2,0.003
851,Gallade-Mega,0.00331,2,0.002,2,0.003
852,Heracross-Mega,0.00319,2,0.002,2,0.003
853,Banette-Mega,0.00316,4,0.004,3,0.004
854,Pidgeot-Mega,0.00283,3,0.003,2,0.003
855,Beedrill-Mega,0.00267,4,0.004,2,0.003
856,Camerupt-Mega,0.00239,1,0.001,1,0.001
857,Charizard-Mega-X,0.00215,1,0.001,1,0.001
858,Absol-Mega,0.00200,1,0.001,1,0.001
859,Blaziken-Mega,0.00198,3,0.003,2,0.003
860,Sableye-Mega,0.00172,4,0.004,3,0.004
861,Medicham-Mega,0.00172,5,0.005,5,0.007
862,Alakazam-Mega,0.00167,2,0.002,2,0.003
863,Latias-Mega,0.00089,3,0.003,3,0.004
864,Gardevoir-Mega,0.00069,2,0.002,1,0.001
865,Rayquaza-Mega,0.00052,1,0.001,1,0.001
866,Lucario-Mega,0.00050,4,0.004,3,0.004
867,Kangaskhan-Mega,0.00047,2,0.002,1,0.001
868,Slowbro-Mega,0.00043,5,0.005,3,0.004
869,Steelix-Mega,0.00040,3,0.003,3,0.004
870,Latios-Mega,0.00039,3,0.003,3,0.004
871,Diancie-Mega,0.00029,3,0.003,3,0.004
872,Ampharos-Mega,0.00004,2,0.002,1,0.001
873,Manectric-Mega,0.00002,1,0.001,0,0.000
874,Gyarados-Mega,0.00000,3,0.003,2,0.003
875,Venusaur-Mega,0.00000,1,0.001,1,0.001
876,Tyranitar-Mega,0.00000,2,0.002,1,0.001
877,Gengar-Mega,0.00000,1,0.001,1,0.001
878,Swampert-Mega,0.00000,1,0.001,0,0.000
879,Pinsir-Mega,0.00000,1,0.001,1,0.001
