 Total battles: 1126
 Avg. weight/team: 0.136
Rank,Pokemon,Usage percentage,Raw,Raw percentage,Real,Real percentage
1,Scizor,23.44879,271,12.034,235,13.048
2,Hydreigon,20.74366,251,11.146,212,11.771
3,Latias,19.12928,233,10.346,167,9.273
4,Gliscor,17.59922,216,9.591,179,9.939
5,Aerodactyl-Mega,14.99872,303,13.455,228,12.660
6,Volcanion,14.94935,174,7.726,145,8.051
7,Keldeo,12.44694,149,6.616,112,6.219
8,Krookodile,11.99179,177,7.860,145,8.051
9,Azumarill,11.74271,230,10.213,173,9.606
10,Forretress,11.50026,189,8.393,170,9.439
11,Hippowdon,11.19679,150,6.661,135,7.496
12,Primarina,10.98529,188,8.348,163,9.051
13,Sharpedo-Mega,10.57478,136,6.039,106,5.886
14,Raikou,10.50407,175,7.771,138,7.662
15,Swampert,10.30641,130,5.773,117,6.496
16,Cobalion,9.69756,148,6.572,122,6.774
17,Lucario,9.21142,86,3.819,62,3.443
18,Bisharp,9.10348,130,5.773,105,5.830
19,Infernape,9.04039,168,7.460,140,7.773
20,Thundurus,8.86523,86,3.819,65,3.609
21,Tsareena,8.76265,152,6.750,123,6.830
22,Conkeldurr,8.49294,141,6.261,111,6.163
23,Necrozma,8.38892,121,5.373,99,5.497
24,Absol-Mega,8.13692,220,9.769,170,9.439
25,Mew,7.75392,70,3.108,61,3.387
26,Staraptor,7.13474,74,3.286,64,3.554
27,Tentacruel,6.96752,158,7.016,134,7.440
28,Ninetales-Alola,6.96704,153,6.794,130,7.218
29,Crobat,6.95539,225,9.991,177,9.828
30,Chandelure,6.80561,150,6.661,121,6.718
31,Celebi,6.50277,51,2.265,44,2.443
32,Klefki,6.40769,68,3.020,62,3.443
33,Rotom-Heat,6.03845,71,3.153,57,3.165
34,Alakazam,5.89296,125,5.551,93,5.164
35,Mienshao,5.88377,85,3.774,66,3.665
36,Empoleon,5.73065,110,4.885,96,5.330
37,Blastoise-Mega,5.67682,94,4.174,78,4.331
38,Victini,5.52602,79,3.508,65,3.609
39,Mandibuzz,5.03284,104,4.618,81,4.498
40,Bronzong,4.94452,46,2.043,44,2.443
41,Doublade,4.84336,56,2.487,44,2.443
42,Roserade,4.80109,90,3.996,67,3.720
43,Gengar,4.72231,168,7.460,126,6.996
44,Metagross,4.64017,127,5.639,108,5.997
45,Feraligatr,4.49205,93,4.130,80,4.442
46,Togekiss,4.45614,105,4.663,82,4.553
47,Sylveon,4.12143,132,5.861,94,5.219
48,Magneton,4.04505,56,2.487,47,2.610
49,Porygon2,3.88580,109,4.840,74,4.109
50,Dhelmise,3.76321,138,6.128,105,5.830
51,Araquanid,3.67393,134,5.950,108,5.997
52,Suicune,3.56951,72,3.197,64,3.554
53,Starmie,3.56025,68,3.020,52,2.887
54,Kyurem,3.54774,37,1.643,32,1.777
55,Cresselia,3.50818,40,1.776,28,1.555
56,Entei,3.44552,77,3.419,58,3.220
57,Blissey,3.36327,101,4.485,80,4.442
58,Arcanine,3.16007,173,7.682,137,7.607
59,Snorlax,3.03451,43,1.909,27,1.499
60,Gastrodon,3.01851,86,3.819,71,3.942
61,Flygon,2.93846,88,3.908,67,3.720
62,Crawdaunt,2.82560,63,2.798,53,2.943
63,Zygarde-10,2.79515,100,4.440,70,3.887
64,Salazzle,2.78219,110,4.885,88,4.886
65,Amoonguss,2.78168,64,2.842,50,2.776
66,Jolteon,2.67525,79,3.508,62,3.443
67,Haxorus,2.66423,110,4.885,79,4.386
68,Kommo-o,2.63158,90,3.996,64,3.554
69,Hoopa,2.61158,14,0.622,13,0.722
70,Jellicent,2.60181,12,0.533,10,0.555
71,Donphan,2.43960,73,3.242,67,3.720
72,Azelf,2.34765,128,5.684,115,6.385
73,Darmanitan,2.30505,55,2.442,48,2.665
74,Nidoqueen,2.27696,48,2.131,35,1.943
75,Talonflame,2.26478,29,1.288,23,1.277
76,Silvally-Fairy,2.17203,9,0.400,8,0.444
77,Minior,2.16573,61,2.709,46,2.554
78,Whimsicott,2.14010,53,2.353,45,2.499
79,Decidueye,2.08165,88,3.908,68,3.776
80,Dodrio,2.00207,21,0.933,15,0.833
81,Bewear,1.99685,103,4.574,77,4.275
82,Chesnaught,1.87373,29,1.288,18,0.999
83,Goodra,1.84039,127,5.639,96,5.330
84,Milotic,1.83906,62,2.753,50,2.776
85,Swellow,1.82558,42,1.865,28,1.555
86,Hawlucha,1.61028,18,0.799,11,0.611
87,Quagsire,1.59610,31,1.377,22,1.222
88,Silvally,1.55395,38,1.687,33,1.832
89,Cloyster,1.52361,75,3.330,53,2.943
90,Rotom-Mow,1.51725,32,1.421,29,1.610
91,Reuniclus,1.47817,32,1.421,24,1.333
92,Vaporeon,1.42133,40,1.776,33,1.832
93,Seismitoad,1.39568,12,0.533,12,0.666
94,Gardevoir,1.32397,71,3.153,53,2.943
95,Nidoking,1.31859,83,3.686,70,3.887
96,Yanmega,1.30463,22,0.977,17,0.944
97,Guzzlord,1.29755,45,1.998,38,2.110
98,Mudsdale,1.27790,77,3.419,64,3.554
99,Heliolisk,1.26846,72,3.197,61,3.387
100,Noivern,1.26593,37,1.643,33,1.832
101,Machamp,1.24072,26,1.155,21,1.166
102,Comfey,1.22449,52,2.309,41,2.277
103,Slurpuff,1.20837,30,1.332,23,1.277
104,Lycanroc,1.16735,49,2.176,40,2.221
105,Granbull,1.15842,41,1.821,38,2.110
106,Toxicroak,1.15223,61,2.709,51,2.832
107,Galvantula,1.10786,65,2.886,63,3.498
108,Tauros,1.10764,9,0.400,7,0.389
109,Dugtrio-Alola,1.01749,29,1.288,21,1.166
110,Tornadus,0.98008,72,3.197,52,2.887
111,Umbreon,0.92818,72,3.197,56,3.109
112,Steelix,0.89594,24,1.066,22,1.222
113,Exeggutor-Alola,0.87507,49,2.176,35,1.943
114,Ninetales,0.86330,23,1.021,19,1.055
115,Komala,0.85851,39,1.732,28,1.555
116,Alomomola,0.84510,54,2.398,43,2.388
117,Golem-Alola,0.84174,28,1.243,22,1.222
118,Vivillon,0.83958,4,0.178,4,0.222
119,Pangoro,0.82097,45,1.998,38,2.110
120,Cacturne,0.80747,5,0.222,3,0.167
121,Raichu-Alola,0.80680,63,2.798,47,2.610
122,Miltank,0.80637,11,0.488,10,0.555
123,Muk,0.79284,6,0.266,6,0.333
124,Espeon,0.78562,61,2.709,47,2.610
125,Golisopod,0.78533,62,2.753,52,2.887
126,Honchkrow,0.76685,20,0.888,16,0.888
127,Togedemaru,0.75824,34,1.510,28,1.555
128,Florges,0.73273,36,1.599,29,1.610
129,Aerodactyl,0.72616,17,0.755,15,0.833
130,Slowbro,0.69149,45,1.998,36,1.999
131,Eelektross,0.69094,41,1.821,34,1.888
132,Venusaur,0.67468,38,1.687,27,1.499
133,Politoed,0.65164,69,3.064,64,3.554
134,Lilligant,0.62088,12,0.533,6,0.333
135,Persian-Alola,0.59702,57,2.531,48,2.665
136,Ambipom,0.58671,38,1.687,35,1.943
137,Sceptile,0.50457,11,0.488,8,0.444
138,Smeargle,0.50261,42,1.865,41,2.277
139,Silvally-Steel,0.50167,10,0.444,10,0.555
140,Kabutops,0.49855,57,2.531,42,2.332
141,Silvally-Water,0.49666,7,0.311,6,0.333
142,Gligar,0.49638,6,0.266,5,0.278
143,Gigalith,0.48211,37,1.643,27,1.499
144,Heracross,0.47029,73,3.242,59,3.276
145,Tyrantrum,0.46404,20,0.888,12,0.666
146,Diancie,0.46047,10,0.444,9,0.500
147,Ribombee,0.45906,23,1.021,20,1.110
148,Glalie-Mega,0.45834,57,2.531,44,2.443
149,Silvally-Electric,0.45336,10,0.444,10,0.555
150,Zoroark,0.45256,31,1.377,11,0.611
151,Raticate-Alola,0.42827,5,0.222,4,0.222
152,Omastar,0.40659,13,0.577,12,0.666
153,Butterfree,0.38108,13,0.577,10,0.555
154,Lycanroc-Midnight,0.37053,6,0.266,3,0.167
155,Skorupi,0.37053,6,0.266,6,0.333
156,Seviper,0.37053,6,0.266,3,0.167
157,Bastiodon,0.35884,25,1.110,24,1.333
158,Piloswine,0.35326,8,0.355,6,0.333
159,Rhyperior,0.33950,15,0.666,15,0.833
160,Dragalge,0.33010,10,0.444,8,0.444
161,Froslass,0.31093,22,0.977,22,1.222
162,Sableye,0.31007,21,0.933,16,0.888
163,Kecleon,0.29170,16,0.710,12,0.666
164,Torkoal,0.28182,36,1.599,36,1.999
165,Pyukumuku,0.27181,12,0.533,11,0.611
166,Hariyama,0.26606,13,0.577,13,0.722
167,Ludicolo,0.24098,20,0.888,15,0.833
168,Rampardos,0.21935,11,0.488,8,0.444
169,Shuckle,0.21707,27,1.199,24,1.333
170,Leafeon,0.21474,15,0.666,11,0.611
171,Ditto,0.20358,17,0.755,12,0.666
172,Incineroar,0.18494,54,2.398,41,2.277
173,Aggron,0.18261,17,0.755,9,0.500
174,Cofagrigus,0.14883,22,0.977,20,1.110
175,Jynx,0.14685,6,0.266,3,0.167
176,Rhydon,0.14534,4,0.178,3,0.167
177,Poliwrath,0.14479,5,0.222,4,0.222
178,Beartic,0.14421,7,0.311,5,0.278
179,Drapion,0.13701,10,0.444,10,0.555
180,Braviary,0.13634,13,0.577,11,0.611
181,Wishiwashi,0.13585,28,1.243,22,1.222
182,Mismagius,0.13499,30,1.332,18,0.999
183,Hitmontop,0.13113,12,0.533,12,0.666
184,Electivire,0.12989,12,0.533,9,0.500
185,Xatu,0.12344,17,0.755,14,0.777
186,Silvally-Dark,0.12327,14,0.622,10,0.555
187,Claydol,0.12078,13,0.577,13,0.722
188,Walrein,0.11840,6,0.266,5,0.278
189,Seaking,0.11840,1,0.044,1,0.056
190,Vikavolt,0.11430,30,1.332,26,1.444
191,Gogoat,0.11351,3,0.133,2,0.111
192,Oricorio-Pom-Pom,0.11238,5,0.222,3,0.167
193,Spiritomb,0.11108,10,0.444,9,0.500
194,Drampa,0.10953,27,1.199,16,0.888
195,Stoutland,0.10420,9,0.400,7,0.389
196,Shiinotic,0.10003,20,0.888,17,0.944
197,Charizard,0.09699,16,0.710,9,0.500
198,Turtonator,0.09334,21,0.933,18,0.999
199,Ariados,0.09282,5,0.222,5,0.278
200,Weezing,0.09150,23,1.021,23,1.277
201,Ninjask,0.08042,1,0.044,0,0.000
202,Crustle,0.07828,3,0.133,1,0.056
203,Druddigon,0.07552,5,0.222,4,0.222
204,Vanilluxe,0.06969,1,0.044,1,0.056
205,Crabominable,0.06895,17,0.755,13,0.722
206,Lanturn,0.06565,13,0.577,11,0.611
207,Linoone,0.06532,7,0.311,7,0.389
208,Misdreavus,0.06349,1,0.044,1,0.056
209,Rotom-Frost,0.06349,1,0.044,1,0.056
210,Shaymin,0.06121,16,0.710,13,0.722
211,Gourgeist-Super,0.05925,7,0.311,7,0.389
212,Golurk,0.05797,27,1.199,24,1.333
213,Sigilyph,0.05763,11,0.488,8,0.444
214,Hitmonchan,0.05582,5,0.222,2,0.111
215,Victreebel,0.05462,9,0.400,8,0.444
216,Registeel,0.05130,8,0.355,8,0.444
217,Escavalier,0.05122,7,0.311,5,0.278
218,Silvally-Poison,0.04697,2,0.089,2,0.111
219,Bruxish,0.04609,20,0.888,17,0.944
220,Sudowoodo,0.04512,1,0.044,0,0.000
221,Qwilfish,0.04299,11,0.488,8,0.444
222,Palossand,0.04190,25,1.110,17,0.944
223,Silvally-Psychic,0.03833,5,0.222,4,0.222
224,Regirock,0.03598,1,0.044,1,0.056
225,Carbink,0.03453,9,0.400,9,0.500
226,Slowking,0.03288,17,0.755,15,0.833
227,Tropius,0.03180,1,0.044,1,0.056
228,Manectric,0.03114,8,0.355,6,0.333
229,Typhlosion,0.03114,13,0.577,4,0.222
230,Moltres,0.03064,4,0.178,2,0.111
231,Gumshoos,0.03010,18,0.799,17,0.944
232,Emboar,0.02828,9,0.400,9,0.500
233,Golbat,0.02827,1,0.044,1,0.056
234,Bibarel,0.02712,9,0.400,7,0.389
235,Haunter,0.02585,1,0.044,1,0.056
236,Blastoise,0.02220,12,0.533,11,0.611
237,Scrafty,0.01975,15,0.666,8,0.444
238,Cinccino,0.01752,16,0.710,11,0.611
239,Accelgor,0.01594,24,1.066,18,0.999
240,Silvally-Fire,0.01561,3,0.133,3,0.167
241,Meloetta,0.01523,9,0.400,4,0.222
242,Rotom,0.01142,3,0.133,2,0.111
243,Sawk,0.01142,3,0.133,2,0.111
244,Zangoose,0.01005,8,0.355,3,0.167
245,Hitmonlee,0.00993,11,0.488,8,0.444
246,Carracosta,0.00871,2,0.089,2,0.111
247,Floatzel,0.00845,1,0.044,1,0.056
248,Furfrou,0.00845,1,0.044,1,0.056
249,Altaria,0.00719,3,0.133,1,0.056
250,Lapras,0.00642,3,0.133,3,0.167
251,Trapinch,0.00612,1,0.044,1,0.056
252,Toucannon,0.00497,6,0.266,3,0.167
253,Dusknoir,0.00399,1,0.044,1,0.056
254,Arbok,0.00371,5,0.222,4,0.222
255,Vigoroth,0.00362,3,0.133,3,0.167
256,Pyroar,0.00362,4,0.178,2,0.111
257,Gabite,0.00362,3,0.133,2,0.111
258,Delphox,0.00356,6,0.266,1,0.056
259,Shedinja,0.00346,4,0.178,4,0.222
260,Cryogonal,0.00304,3,0.133,2,0.111
261,Malamar,0.00302,11,0.488,9,0.500
262,Probopass,0.00293,6,0.266,6,0.333
263,Houndoom,0.00276,2,0.089,2,0.111
264,Magmortar,0.00274,6,0.266,2,0.111
265,Chatot,0.00243,7,0.311,7,0.389
266,Farfetch'd,0.00241,2,0.089,2,0.111
267,Virizion,0.00241,3,0.133,3,0.167
268,Oricorio-Pa'u,0.00230,9,0.400,8,0.444
269,Kadabra,0.00185,2,0.089,2,0.111
270,Grimer,0.00164,1,0.044,1,0.056
271,Meganium,0.00143,5,0.222,5,0.278
272,Pidgeot,0.00134,5,0.222,5,0.278
273,Glaceon,0.00126,1,0.044,1,0.056
274,Silvally-Ground,0.00119,1,0.044,1,0.056
275,Oranguru,0.00117,7,0.311,4,0.222
276,Aromatisse,0.00114,4,0.178,4,0.222
277,Avalugg,0.00111,10,0.444,9,0.500
278,Zebstrika,0.00094,7,0.311,4,0.222
279,Swoobat,0.00094,7,0.311,5,0.278
280,Clawitzer,0.00094,7,0.311,5,0.278
281,Rapidash,0.00094,7,0.311,3,0.167
282,Shiftry,0.00094,7,0.311,5,0.278
283,Grimer-Alola,0.00077,1,0.044,1,0.056
284,Drifblim,0.00053,5,0.222,4,0.222
285,Golem,0.00053,4,0.178,3,0.167
286,Trevenant,0.00052,15,0.666,10,0.555
287,Cradily,0.00034,9,0.400,8,0.444
288,Ampharos,0.00015,1,0.044,1,0.056
289,Lurantis,0.00010,13,0.577,12,0.666
290,Durant,0.00005,5,0.222,3,0.167
291,Regice,0.00005,6,0.266,4,0.222
292,Primeape,0.00002,5,0.222,4,0.222
293,Dusclops,0.00001,3,0.133,3,0.167
294,Sandslash-Alola,0.00000,20,0.888,16,0.888
295,Aurorus,0.00000,8,0.355,6,0.333
296,Leavanny,0.00000,2,0.089,2,0.111
297,Barbaracle,0.00000,4,0.178,4,0.222
298,Beheeyem,0.00000,5,0.222,4,0.222
299,Armaldo,0.00000,1,0.044,0,0.000
300,Archeops,0.00000,7,0.311,6,0.333
301,Dedenne,0.00000,6,0.266,6,0.333
302,Beedrill,0.00000,6,0.266,5,0.278
303,Absol,0.00000,10,0.444,10,0.555
304,Simisage,0.00000,3,0.133,2,0.111
305,Magcargo,0.00000,5,0.222,3,0.167
306,Oricorio-Sensu,0.00000,5,0.222,4,0.222
307,Masquerain,0.00000,4,0.178,4,0.222
308,Emolga,0.00000,2,0.089,1,0.056
309,Tangela,0.00000,1,0.044,1,0.056
310,Cherrim,0.00000,4,0.178,3,0.167
311,Metang,0.00000,1,0.044,1,0.056
312,Simipour,0.00000,1,0.044,1,0.056
313,Scyther,0.00000,4,0.178,2,0.111
314,Silvally-Ghost,0.00000,2,0.089,2,0.111
315,Treecko,0.00000,12,0.533,12,0.666
316,Gallade,0.00000,1,0.044,1,0.056
317,Liepard,0.00000,1,0.044,1,0.056
318,Exeggutor,0.00000,4,0.178,4,0.222
319,Mesprit,0.00000,1,0.044,1,0.056
320,Rattata,0.00000,4,0.178,4,0.222
321,Basculin,0.00000,1,0.044,1,0.056
322,Type: Null,0.00000,7,0.311,6,0.333
323,Watchog,0.00000,3,0.133,0,0.000
324,Lopunny,0.00000,4,0.178,4,0.222
325,Rotom-Fan,0.00000,8,0.355,3,0.167
326,Braixen,0.00000,1,0.044,1,0.056
327,Corsola,0.00000,4,0.178,4,0.222
328,Raichu,0.00000,3,0.133,2,0.111
329,Sandslash,0.00000,1,0.044,1,0.056
330,Grumpig,0.00000,1,0.044,1,0.056
331,Flareon,0.00000,2,0.089,2,0.111
332,Luxray,0.00000,2,0.089,2,0.111
333,Zigzagoon,0.00000,1,0.044,1,0.056
334,Vileplume,0.00000,1,0.044,1,0.056
335,Wurmple,0.00000,2,0.089,1,0.056
336,Garbodor,0.00000,1,0.044,1,0.056
337,Silvally-Ice,0.00000,3,0.133,3,0.167
338,Wailord,0.00000,2,0.089,2,0.111
339,Ursaring,0.00000,1,0.044,0,0.000
340,Castform,0.00000,1,0.044,1,0.056
341,Fearow,0.00000,1,0.044,1,0.056
342,Passimian,0.00000,1,0.044,1,0.056
343,Dewgong,0.00000,2,0.089,2,0.111
344,Sneasel,0.00000,3,0.133,3,0.167
