 Total battles: 191864
 Avg. weight/team: 1.026
Rank,Pokemon,Usage percentage,Raw,Raw percentage,Real,Real percentage
1,Gyarados-Mega,11.52287,45375,11.523,14689,22.968
2,Kyurem-Black,9.63909,37957,9.639,12935,20.225
3,Mimikyu,8.67968,34179,8.680,13144,20.552
4,Charizard-Mega-X,8.46280,33325,8.463,12279,19.200
5,Charizard-Mega-Y,6.12039,24101,6.120,8553,13.374
6,Porygon-Z,5.50482,21677,5.505,7755,12.126
7,Tapu Koko,5.25824,20706,5.258,7021,10.978
8,Greninja,5.03883,19842,5.039,6875,10.750
9,Aegislash,4.85903,19134,4.859,6241,9.758
10,Kartana,4.26099,16779,4.261,5257,8.220
11,Metagross-Mega,4.14138,16308,4.141,5400,8.443
12,Jirachi,4.12919,16260,4.129,6378,9.973
13,Alakazam-Mega,3.99688,15739,3.997,5264,8.231
14,Dragonite,3.96895,15629,3.969,5587,8.736
15,Tapu Lele,3.77468,14864,3.775,4872,7.618
16,Donphan,3.76884,14841,3.769,5327,8.329
17,Venusaur-Mega,3.67335,14465,3.673,4470,6.989
18,Magnezone,3.25307,12810,3.253,4583,7.166
19,Celesteela,3.13016,12326,3.130,3910,6.114
20,Pheromosa,2.96078,11659,2.961,3903,6.103
21,Garchomp,2.92471,11517,2.925,3755,5.871
22,Snorlax,2.72562,10733,2.726,4295,6.716
23,Lucario-Mega,2.67991,10553,2.680,3873,6.056
24,Gengar-Mega,2.58442,10177,2.584,3715,5.809
25,Magearna,2.30102,9061,2.301,2830,4.425
26,Crustle,2.24845,8854,2.248,3101,4.849
27,Smeargle,2.16643,8531,2.166,3623,5.665
28,Primarina,2.07399,8167,2.074,3764,5.885
29,Sableye-Mega,2.06053,8114,2.061,2887,4.514
30,Durant,2.01812,7947,2.018,2595,4.058
31,Whimsicott,1.97825,7790,1.978,2890,4.519
32,Breloom,1.95870,7713,1.959,2236,3.496
33,Ferrothorn,1.91248,7531,1.912,2624,4.103
34,Pinsir-Mega,1.88404,7419,1.884,2292,3.584
35,Golem,1.79312,7061,1.793,2473,3.867
36,Chansey,1.77992,7009,1.780,2370,3.706
37,Greninja-Ash,1.69434,6672,1.694,2426,3.793
38,Sawk,1.67834,6609,1.678,2522,3.943
39,Victini,1.63568,6441,1.636,2541,3.973
40,Haxorus,1.62400,6395,1.624,2421,3.785
41,Marowak-Alola,1.59784,6292,1.598,2024,3.165
42,Genesect,1.59073,6264,1.591,2308,3.609
43,Scizor-Mega,1.59047,6263,1.590,2135,3.338
44,Toxapex,1.56940,6180,1.569,1896,2.965
45,Blastoise-Mega,1.56229,6152,1.562,2062,3.224
46,Slowbro-Mega,1.51911,5982,1.519,1792,2.802
47,Magnemite,1.49778,5898,1.498,2481,3.879
48,Aron,1.45944,5747,1.459,2395,3.745
49,Pyukumuku,1.39062,5476,1.391,2198,3.437
50,Xurkitree,1.32662,5224,1.327,1918,2.999
51,Shuckle,1.32256,5208,1.323,2290,3.581
52,Buzzwole,1.30529,5140,1.305,1638,2.561
53,Landorus-Therian,1.30047,5121,1.300,1798,2.811
54,Excadrill,1.28701,5068,1.287,1558,2.436
55,Hoopa-Unbound,1.22301,4816,1.223,1831,2.863
56,Serperior,1.22200,4812,1.222,1617,2.528
57,Heatran,1.21387,4780,1.214,1588,2.483
58,Togekiss,1.20117,4730,1.201,1717,2.685
59,Cloyster,1.19889,4721,1.199,1843,2.882
60,Talonflame,1.14124,4494,1.141,1346,2.105
61,Latios,1.13540,4471,1.135,1372,2.145
62,Ambipom,1.11381,4386,1.114,1760,2.752
63,Salamence,1.06709,4202,1.067,1381,2.159
64,Tapu Bulu,1.04728,4124,1.047,1165,1.822
65,Incineroar,1.03941,4093,1.039,1354,2.117
66,Machamp,1.02392,4032,1.024,1503,2.350
67,Swampert,1.02189,4024,1.022,1551,2.425
68,Volcanion,0.99878,3933,0.999,1409,2.203
69,Salazzle,0.98811,3891,0.988,1341,2.097
70,Hitmonlee,0.98354,3873,0.984,1498,2.342
71,Deoxys-Defense,0.97719,3848,0.977,1437,2.247
72,Ditto,0.95713,3769,0.957,1644,2.571
73,Arcanine,0.93478,3681,0.935,1192,1.864
74,Mew,0.93478,3681,0.935,1582,2.474
75,Aggron,0.92843,3656,0.928,1491,2.331
76,Meloetta,0.92792,3654,0.928,1420,2.220
77,Cinccino,0.92716,3651,0.927,1384,2.164
78,Blissey,0.90202,3552,0.902,1155,1.806
79,Azumarill,0.88805,3497,0.888,1280,2.001
80,Jumpluff,0.87612,3450,0.876,1257,1.965
81,Weavile,0.87434,3443,0.874,1125,1.759
82,Slaking,0.86774,3417,0.868,1610,2.517
83,Volcarona,0.86291,3398,0.863,1042,1.629
84,Gliscor,0.85860,3381,0.859,1075,1.681
85,Deoxys-Speed,0.82228,3238,0.822,1206,1.886
86,Minior,0.81492,3209,0.815,1297,2.028
87,Umbreon,0.80273,3161,0.803,1198,1.873
88,Shedinja,0.79613,3135,0.796,1081,1.690
89,Decidueye,0.78952,3109,0.790,1035,1.618
90,Avalugg,0.78902,3107,0.789,1200,1.876
91,Tyranitar,0.78622,3096,0.786,1030,1.611
92,Araquanid,0.76845,3026,0.768,1182,1.848
93,Infernape,0.73746,2904,0.737,1005,1.571
94,Gengar,0.73594,2898,0.736,1090,1.704
95,Clefable,0.73238,2884,0.732,874,1.367
96,Pikachu,0.72045,2837,0.720,1012,1.582
97,Chandelure,0.71385,2811,0.714,763,1.193
98,Terrakion,0.67093,2642,0.671,780,1.220
99,Darmanitan,0.65265,2570,0.653,930,1.454
100,Gardevoir,0.64147,2526,0.641,733,1.146
101,Garchomp-Mega,0.63919,2517,0.639,885,1.384
102,Golisopod,0.63817,2513,0.638,958,1.498
103,Rhyperior,0.63538,2502,0.635,1025,1.603
104,Tapu Fini,0.63208,2489,0.632,788,1.232
105,Nosepass,0.62573,2464,0.626,1188,1.858
106,Muk-Alola,0.62522,2462,0.625,763,1.193
107,Raichu-Alola,0.61024,2403,0.610,929,1.453
108,Nihilego,0.59805,2355,0.598,650,1.016
109,Staraptor,0.59703,2351,0.597,941,1.471
110,Sylveon,0.57545,2266,0.575,799,1.249
111,Ninetales-Alola,0.57316,2257,0.573,903,1.412
112,Thundurus-Therian,0.57189,2252,0.572,811,1.268
113,Gastrodon,0.55843,2199,0.558,798,1.248
114,Sigilyph,0.53735,2116,0.537,918,1.435
115,Wobbuffet,0.52339,2061,0.523,763,1.193
116,Quagsire,0.51932,2045,0.519,816,1.276
117,Espeon,0.50764,1999,0.508,528,0.826
118,Charizard,0.50434,1986,0.504,712,1.113
119,Rampardos,0.49977,1968,0.500,823,1.287
120,Porygon2,0.49723,1958,0.497,700,1.095
121,Suicune,0.49418,1946,0.494,519,0.812
122,Landorus,0.49012,1930,0.490,548,0.857
123,Lucario,0.47818,1883,0.478,554,0.866
124,Mamoswine,0.47666,1877,0.477,714,1.116
125,Conkeldurr,0.45965,1810,0.460,609,0.952
126,Eevee,0.45533,1793,0.455,1092,1.707
127,Absol,0.45533,1793,0.455,251,0.392
128,Absol-Mega,0.45279,1783,0.453,540,0.844
129,Golem-Alola,0.45228,1781,0.452,735,1.149
130,Medicham,0.44009,1733,0.440,590,0.923
131,Zapdos,0.43933,1730,0.439,664,1.038
132,Noivern,0.43704,1721,0.437,514,0.804
133,Sceptile,0.43577,1716,0.436,516,0.807
134,Togedemaru,0.43577,1716,0.436,710,1.110
135,Zygarde,0.42130,1659,0.421,648,1.013
136,Hawlucha,0.41647,1640,0.416,664,1.038
137,Ninetales,0.39895,1571,0.399,767,1.199
138,Eelektross,0.38803,1528,0.388,638,0.998
139,Gallade,0.38752,1526,0.388,598,0.935
140,Aerodactyl-Mega,0.38625,1521,0.386,551,0.862
141,Typhlosion,0.38321,1509,0.383,575,0.899
142,Toucannon,0.37432,1474,0.374,632,0.988
143,Jolteon,0.37026,1458,0.370,456,0.713
144,Sharpedo-Mega,0.36619,1442,0.366,491,0.768
145,Goodra,0.36518,1438,0.365,469,0.733
146,Carracosta,0.36061,1420,0.361,592,0.926
147,Necrozma,0.36035,1419,0.360,533,0.833
148,Bewear,0.35908,1414,0.359,527,0.824
149,Trevenant,0.35680,1405,0.357,553,0.865
150,Archeops,0.35629,1403,0.356,582,0.910
151,Vivillon,0.35502,1398,0.355,553,0.865
152,Bisharp,0.35273,1389,0.353,481,0.752
153,Skarmory,0.34435,1356,0.344,395,0.618
154,Keldeo,0.33927,1336,0.339,514,0.804
155,Pangoro,0.33140,1305,0.331,263,0.411
156,Malamar,0.32861,1294,0.329,517,0.808
157,Gigalith,0.32734,1289,0.327,548,0.857
158,Probopass,0.32124,1265,0.321,414,0.647
159,Exeggutor-Alola,0.31109,1225,0.311,412,0.644
160,Crobat,0.30651,1207,0.307,349,0.546
161,Wishiwashi,0.30626,1206,0.306,481,0.752
162,Entei,0.30169,1188,0.302,381,0.596
163,Alakazam,0.30144,1187,0.301,455,0.711
164,Girafarig,0.30093,1185,0.301,69,0.108
165,Kingdra,0.29509,1162,0.295,393,0.614
166,Delphox,0.28798,1134,0.288,371,0.580
167,Emboar,0.28671,1129,0.287,405,0.633
168,Mudsdale,0.28341,1116,0.283,401,0.627
169,Venusaur,0.28036,1104,0.280,335,0.524
170,Electivire,0.27528,1084,0.275,400,0.625
171,Zoroark,0.27477,1082,0.275,338,0.528
172,Torterra,0.26588,1047,0.266,403,0.630
173,Hydreigon,0.26436,1041,0.264,377,0.589
174,Furfrou,0.26436,1041,0.264,419,0.655
175,Kommo-o,0.26436,1041,0.264,365,0.571
176,Comfey,0.26207,1032,0.262,291,0.455
177,Sableye,0.26207,1032,0.262,315,0.493
178,Nidoking,0.25674,1011,0.257,405,0.633
179,Dusclops,0.25446,1002,0.254,379,0.593
180,Steelix,0.25319,997,0.253,349,0.546
181,Gyarados,0.25293,996,0.253,332,0.519
182,Rotom-Wash,0.25217,993,0.252,320,0.500
183,Manaphy,0.25115,989,0.251,337,0.527
184,Vikavolt,0.25065,987,0.251,346,0.541
185,Scizor,0.24963,983,0.250,309,0.483
186,Empoleon,0.24125,950,0.241,368,0.575
187,Exploud,0.23922,942,0.239,439,0.686
188,Hariyama,0.23922,942,0.239,338,0.528
189,Lycanroc-Midnight,0.23617,930,0.236,358,0.560
190,Feraligatr,0.23490,925,0.235,331,0.518
191,Reuniclus,0.23465,924,0.235,300,0.469
192,Drapion,0.23211,914,0.232,366,0.572
193,Liepard,0.23033,907,0.230,195,0.305
194,Milotic,0.22322,879,0.223,275,0.430
195,Ampharos,0.22195,874,0.222,374,0.585
196,Lycanroc,0.21916,863,0.219,358,0.560
197,Scolipede,0.21814,859,0.218,246,0.385
198,Pelipper,0.21763,857,0.218,290,0.453
199,Swellow,0.21382,842,0.214,293,0.458
200,Zangoose,0.21332,840,0.213,346,0.541
201,Dugtrio,0.21306,839,0.213,285,0.446
202,Accelgor,0.21230,836,0.212,254,0.397
203,Ninjask,0.20849,821,0.208,257,0.402
204,Shiinotic,0.20671,814,0.207,306,0.478
205,Guzzlord,0.20290,799,0.203,269,0.421
206,Blastoise,0.20240,797,0.202,225,0.352
207,Meganium,0.20087,791,0.201,245,0.383
208,Flareon,0.20036,789,0.200,332,0.519
209,Luxray,0.20036,789,0.200,332,0.519
210,Tyrantrum,0.20036,789,0.200,374,0.585
211,Scrafty,0.19732,777,0.197,337,0.527
212,Vespiquen,0.19554,770,0.196,228,0.357
213,Glalie-Mega,0.19478,767,0.195,277,0.433
214,Turtonator,0.19198,756,0.192,253,0.396
215,Klefki,0.18970,747,0.190,183,0.286
216,Exeggutor,0.18360,723,0.184,230,0.360
217,Barbaracle,0.18360,723,0.184,203,0.317
218,Vaporeon,0.18157,715,0.182,207,0.324
219,Golurk,0.18106,713,0.181,309,0.483
220,Cottonee,0.17903,705,0.179,280,0.438
221,Diggersby,0.17827,702,0.178,273,0.427
222,Sudowoodo,0.17370,684,0.174,328,0.513
223,Bastiodon,0.17116,674,0.171,342,0.535
224,Type: Null,0.17014,670,0.170,351,0.549
225,Linoone,0.16659,656,0.167,302,0.472
226,Chesnaught,0.16507,650,0.165,200,0.313
227,Hitmonchan,0.16456,648,0.165,260,0.407
228,Thundurus,0.16430,647,0.164,197,0.308
229,Hippowdon,0.16380,645,0.164,229,0.358
230,Lickilicky,0.16202,638,0.162,221,0.346
231,Lapras,0.16126,635,0.161,214,0.335
232,Slurpuff,0.16049,632,0.160,291,0.455
233,Aerodactyl,0.16024,631,0.160,193,0.302
234,Chatot,0.16024,631,0.160,289,0.452
235,Relicanth,0.15618,615,0.156,272,0.425
236,Dedenne,0.15465,609,0.155,191,0.299
237,Regice,0.15288,602,0.153,129,0.202
238,Drampa,0.15186,598,0.152,213,0.333
239,Moltres,0.15110,595,0.151,177,0.277
240,Magmortar,0.15084,594,0.151,239,0.374
241,Latias,0.15008,591,0.150,140,0.219
242,Ludicolo,0.14932,588,0.149,251,0.392
243,Cofagrigus,0.14856,585,0.149,278,0.435
244,Dhelmise,0.14678,578,0.147,202,0.316
245,Palossand,0.14653,577,0.147,202,0.316
246,Metagross,0.14577,574,0.146,176,0.275
247,Krookodile,0.14450,569,0.144,204,0.319
248,Persian-Alola,0.14348,565,0.143,245,0.383
249,Honchkrow,0.14221,560,0.142,264,0.413
250,Regirock,0.14043,553,0.140,212,0.331
251,Cradily,0.14018,552,0.140,210,0.328
252,Starmie,0.13993,551,0.140,203,0.317
253,Komala,0.13739,541,0.137,237,0.371
254,Tornadus-Therian,0.13739,541,0.137,137,0.214
255,Roserade,0.13510,532,0.135,180,0.281
256,Escavalier,0.13485,531,0.135,214,0.335
257,Celebi,0.13459,530,0.135,161,0.252
258,Clawitzer,0.13459,530,0.135,177,0.277
259,Dugtrio-Alola,0.13459,530,0.135,193,0.302
260,Dodrio,0.13408,528,0.134,237,0.371
261,Raichu,0.13383,527,0.134,222,0.347
262,Ursaring,0.13358,526,0.134,231,0.361
263,Articuno,0.13078,515,0.131,171,0.267
264,Galvantula,0.13028,513,0.130,148,0.231
265,Slowbro,0.13002,512,0.130,167,0.261
266,Kangaskhan,0.12901,508,0.129,168,0.263
267,Cryogonal,0.12774,503,0.128,177,0.277
268,Kingler,0.12723,501,0.127,185,0.289
269,Spiritomb,0.12647,498,0.126,155,0.242
270,Leafeon,0.12647,498,0.126,181,0.283
271,Glaceon,0.12545,494,0.125,203,0.317
272,Gumshoos,0.12520,493,0.125,277,0.433
273,Farfetch'd,0.12189,480,0.122,387,0.605
274,Doublade,0.12113,477,0.121,164,0.256
275,Lurantis,0.12113,477,0.121,111,0.174
276,Miltank,0.12088,476,0.121,206,0.322
277,Heracross,0.11986,472,0.120,195,0.305
278,Chimecho,0.11961,471,0.120,201,0.314
279,Lilligant,0.11961,471,0.120,125,0.195
280,Swoobat,0.11936,470,0.119,167,0.261
281,Hitmontop,0.11910,469,0.119,169,0.264
282,Mienshao,0.11834,466,0.118,179,0.280
283,Torkoal,0.11758,463,0.118,215,0.336
284,Magikarp,0.11732,462,0.117,223,0.349
285,Crabominable,0.11605,457,0.116,157,0.245
286,Dragalge,0.11555,455,0.116,157,0.245
287,Dusknoir,0.11529,454,0.115,168,0.263
288,Murkrow,0.11529,454,0.115,151,0.236
289,Mr. Mime,0.11453,451,0.115,208,0.325
290,Bruxish,0.11377,448,0.114,147,0.230
291,Electrode,0.11174,440,0.112,199,0.311
292,Yanmega,0.11148,439,0.111,180,0.281
293,Bibarel,0.11072,436,0.111,194,0.303
294,Toxicroak,0.10894,429,0.109,138,0.216
295,Raticate-Alola,0.10742,423,0.107,195,0.305
296,Mismagius,0.10666,420,0.107,202,0.316
297,Braviary,0.10564,416,0.106,149,0.233
298,Tauros,0.10513,414,0.105,153,0.239
299,Dunsparce,0.10463,412,0.105,158,0.247
300,Tangrowth,0.10412,410,0.104,155,0.242
301,Flygon,0.10412,410,0.104,197,0.308
302,Lopunny,0.10259,404,0.103,132,0.206
303,Oranguru,0.10234,403,0.102,127,0.199
304,Jellicent,0.10158,400,0.102,123,0.192
305,Tsareena,0.10133,399,0.101,132,0.206
306,Wailord,0.10082,397,0.101,200,0.313
307,Magneton,0.10006,394,0.100,139,0.217
308,Houndoom,0.09955,392,0.100,139,0.217
309,Drifblim,0.09752,384,0.098,157,0.245
310,Bouffalant,0.09701,382,0.097,181,0.283
311,Xatu,0.09599,378,0.096,122,0.191
312,Samurott,0.09574,377,0.096,127,0.199
313,Sawsbuck,0.09548,376,0.095,98,0.153
314,Froslass,0.09523,375,0.095,114,0.178
315,Scyther,0.09371,369,0.094,149,0.233
316,Sandslash-Alola,0.09269,365,0.093,124,0.194
317,Mawile,0.09269,365,0.093,89,0.139
318,Kecleon,0.09269,365,0.093,169,0.264
319,Diancie,0.09244,364,0.092,112,0.175
320,Seismitoad,0.09193,362,0.092,160,0.250
321,Butterfree,0.09142,360,0.091,131,0.205
322,Raikou,0.09091,358,0.091,102,0.159
323,Weezing,0.08990,354,0.090,134,0.210
324,Registeel,0.08863,349,0.089,110,0.172
325,Ribombee,0.08863,349,0.089,125,0.195
326,Heliolisk,0.08710,343,0.087,104,0.163
327,Cresselia,0.08685,342,0.087,107,0.167
328,Crawdaunt,0.08583,338,0.086,137,0.214
329,Basculin,0.08558,337,0.086,131,0.205
330,Florges,0.08431,332,0.084,115,0.180
331,Rattata,0.08406,331,0.084,192,0.300
332,Floatzel,0.08304,327,0.083,102,0.159
333,Pineco,0.08253,325,0.083,178,0.278
334,Arbok,0.08177,322,0.082,115,0.180
335,Haunter,0.08101,319,0.081,139,0.217
336,Tropius,0.07923,312,0.079,119,0.186
337,Uxie,0.07872,310,0.079,108,0.169
338,Victreebel,0.07822,308,0.078,77,0.120
339,Cacturne,0.07771,306,0.078,95,0.149
340,Regigigas,0.07618,300,0.076,119,0.186
341,Tangela,0.07517,296,0.075,108,0.169
342,Mandibuzz,0.07491,295,0.075,98,0.153
343,Druddigon,0.07288,287,0.073,99,0.155
344,Gourgeist-Super,0.07288,287,0.073,116,0.181
345,Politoed,0.07212,284,0.072,90,0.141
346,Kyurem,0.07085,279,0.071,106,0.166
347,Poliwrath,0.07009,276,0.070,118,0.185
348,Manectric,0.06984,275,0.070,78,0.122
349,Pinsir,0.06933,273,0.069,57,0.089
350,Tentacruel,0.06857,270,0.069,89,0.139
351,Wigglytuff,0.06831,269,0.068,140,0.219
352,Vileplume,0.06806,268,0.068,102,0.159
353,Omastar,0.06755,266,0.068,148,0.231
354,Rhydon,0.06730,265,0.067,62,0.097
355,Bronzong,0.06730,265,0.067,82,0.128
356,Ferroseed,0.06730,265,0.067,154,0.241
357,Hoopa,0.06704,264,0.067,94,0.147
358,Golduck,0.06653,262,0.067,79,0.124
359,Marowak,0.06653,262,0.067,109,0.170
360,Abomasnow,0.06628,261,0.066,60,0.094
361,Stufful,0.06552,258,0.066,127,0.199
362,Virizion,0.06552,258,0.066,59,0.092
363,Sharpedo,0.06526,257,0.065,65,0.102
364,Klinklang,0.06450,254,0.065,115,0.180
365,Meowstic,0.06399,252,0.064,99,0.155
366,Raticate,0.06323,249,0.063,103,0.161
367,Altaria,0.06323,249,0.063,122,0.191
368,Clefairy,0.06323,249,0.063,91,0.142
369,Granbull,0.06222,245,0.062,94,0.147
370,Bellossom,0.06120,241,0.061,81,0.127
371,Pyroar,0.05993,236,0.060,79,0.124
372,Zygarde-10,0.05993,236,0.060,85,0.133
373,Pichu,0.05917,233,0.059,75,0.117
374,Emolga,0.05892,232,0.059,131,0.205
375,Banette,0.05739,226,0.057,73,0.114
376,Heatmor,0.05638,222,0.056,130,0.203
377,Hypno,0.05561,219,0.056,114,0.178
378,Amoonguss,0.05536,218,0.055,53,0.083
379,Silvally,0.05460,215,0.055,115,0.180
380,Charmander,0.05460,215,0.055,87,0.136
381,Kabutops,0.05409,213,0.054,65,0.102
382,Slowking,0.05409,213,0.054,70,0.109
383,Beartic,0.05333,210,0.053,48,0.075
384,Walrein,0.05231,206,0.052,48,0.075
385,Furret,0.05231,206,0.052,89,0.139
386,Shaymin,0.05181,204,0.052,78,0.122
387,Misdreavus,0.05155,203,0.052,108,0.169
388,Gogoat,0.05028,198,0.050,58,0.091
389,Stoutland,0.05003,197,0.050,83,0.130
390,Throh,0.05003,197,0.050,66,0.103
391,Dewgong,0.05003,197,0.050,66,0.103
392,Masquerain,0.04901,193,0.049,48,0.075
393,Pidgeot,0.04825,190,0.048,73,0.114
394,Cosmog,0.04723,186,0.047,16,0.025
395,Rapidash,0.04723,186,0.047,68,0.106
396,Ariados,0.04673,184,0.047,102,0.159
397,Aurorus,0.04673,184,0.047,72,0.113
398,Shiftry,0.04622,182,0.046,55,0.086
399,Bergmite,0.04546,179,0.045,55,0.086
400,Geodude,0.04546,179,0.045,84,0.131
401,Rotom-Heat,0.04419,174,0.044,59,0.092
402,Camerupt,0.04343,171,0.043,44,0.069
403,Rufflet,0.04317,170,0.043,127,0.199
404,Primeape,0.04292,169,0.043,56,0.088
405,Lanturn,0.04241,167,0.042,73,0.114
406,Luvdisc,0.04241,167,0.042,115,0.180
407,Nidoqueen,0.04139,163,0.041,54,0.084
408,Darumaka,0.04139,163,0.041,90,0.141
409,Seaking,0.04012,158,0.040,78,0.122
410,Bidoof,0.03936,155,0.039,74,0.116
411,Jigglypuff,0.03911,154,0.039,62,0.097
412,Gorebyss,0.03911,154,0.039,47,0.073
413,Kadabra,0.03885,153,0.039,39,0.061
414,Castform,0.03885,153,0.039,61,0.095
415,Beedrill,0.03860,152,0.039,52,0.081
416,Noctowl,0.03835,151,0.038,42,0.066
417,Silvally-Fire,0.03784,149,0.038,30,0.047
418,Graveler,0.03733,147,0.037,53,0.083
419,Aromatisse,0.03733,147,0.037,52,0.081
420,Azelf,0.03682,145,0.037,58,0.091
421,Meowth,0.03631,143,0.036,29,0.045
422,Parasect,0.03631,143,0.036,62,0.097
423,Delibird,0.03606,142,0.036,58,0.091
424,Mudbray,0.03581,141,0.036,69,0.108
425,Garbodor,0.03581,141,0.036,54,0.084
426,Jynx,0.03555,140,0.036,53,0.083
427,Vanilluxe,0.03504,138,0.035,42,0.066
428,Magcargo,0.03454,136,0.035,48,0.075
429,Muk,0.03428,135,0.034,51,0.080
430,Unown,0.03428,135,0.034,33,0.052
431,Zebstrika,0.03403,134,0.034,31,0.048
432,Silvally-Fairy,0.03378,133,0.034,31,0.048
433,Sneasel,0.03352,132,0.034,43,0.067
434,Gourgeist,0.03301,130,0.033,53,0.083
435,Delcatty,0.03276,129,0.033,77,0.120
436,Claydol,0.03225,127,0.032,31,0.048
437,Silvally-Poison,0.03225,127,0.032,58,0.091
438,Cobalion,0.03200,126,0.032,42,0.066
439,Passimian,0.03174,125,0.032,55,0.086
440,Rotom-Mow,0.03149,124,0.031,43,0.067
441,Persian,0.03124,123,0.031,45,0.070
442,Krabby,0.03124,123,0.031,34,0.053
443,Octillery,0.03073,121,0.031,55,0.086
444,Skuntank,0.03022,119,0.030,56,0.088
445,Tornadus,0.02971,117,0.030,30,0.047
446,Purugly,0.02946,116,0.029,43,0.067
447,Spinda,0.02819,111,0.028,65,0.102
448,Combusken,0.02793,110,0.028,49,0.077
449,Caterpie,0.02743,108,0.027,34,0.053
450,Squirtle,0.02717,107,0.027,41,0.064
451,Bonsly,0.02692,106,0.027,25,0.039
452,Natu,0.02692,106,0.027,16,0.025
453,Forretress,0.02666,105,0.027,56,0.088
454,Unfezant,0.02666,105,0.027,50,0.078
455,Silvally-Water,0.02641,104,0.026,23,0.036
456,Dragonair,0.02641,104,0.026,57,0.089
457,Taillow,0.02641,104,0.026,21,0.033
458,Venomoth,0.02616,103,0.026,29,0.045
459,Gligar,0.02616,103,0.026,36,0.056
460,Beheeyem,0.02590,102,0.026,30,0.047
461,Klang,0.02565,101,0.026,33,0.052
462,Togetic,0.02565,101,0.026,50,0.078
463,Gothitelle,0.02565,101,0.026,41,0.064
464,Oricorio,0.02514,99,0.025,37,0.058
465,Oricorio-Sensu,0.02514,99,0.025,43,0.067
466,Salandit,0.02463,97,0.025,61,0.095
467,Mantine,0.02463,97,0.025,36,0.056
468,Mightyena,0.02463,97,0.025,28,0.044
469,Simipour,0.02387,94,0.024,34,0.053
470,Wartortle,0.02362,93,0.024,29,0.045
471,Onix,0.02362,93,0.024,50,0.078
472,Torracat,0.02336,92,0.023,35,0.055
473,Seviper,0.02336,92,0.023,32,0.050
474,Volbeat,0.02336,92,0.023,49,0.077
475,Magmar,0.02336,92,0.023,23,0.036
476,Noibat,0.02311,91,0.023,15,0.023
477,Fearow,0.02311,91,0.023,38,0.059
478,Abra,0.02286,90,0.023,20,0.031
479,Gastly,0.02286,90,0.023,21,0.033
480,Hakamo-o,0.02260,89,0.023,15,0.023
481,Bulbasaur,0.02260,89,0.023,51,0.080
482,Braixen,0.02260,89,0.023,44,0.069
483,Grumpig,0.02235,88,0.022,30,0.047
484,Piloswine,0.02209,87,0.022,23,0.036
485,Solrock,0.02184,86,0.022,22,0.034
486,Ivysaur,0.02184,86,0.022,28,0.044
487,Dustox,0.02184,86,0.022,38,0.059
488,Riolu,0.02159,85,0.022,31,0.048
489,Simisear,0.02133,84,0.021,41,0.064
490,Metapod,0.02108,83,0.021,43,0.067
491,Stunfisk,0.02108,83,0.021,32,0.050
492,Huntail,0.02057,81,0.021,39,0.061
493,Qwilfish,0.02057,81,0.021,34,0.053
494,Carbink,0.02006,79,0.020,16,0.025
495,Charjabug,0.02006,79,0.020,45,0.070
496,Alomomola,0.02006,79,0.020,20,0.031
497,Clamperl,0.01981,78,0.020,26,0.041
498,Happiny,0.01981,78,0.020,22,0.034
499,Snover,0.01955,77,0.020,5,0.008
500,Sunkern,0.01930,76,0.019,14,0.022
501,Rowlet,0.01854,73,0.019,33,0.052
502,Golbat,0.01854,73,0.019,37,0.058
503,Rotom-Fan,0.01854,73,0.019,31,0.048
504,Brionne,0.01854,73,0.019,16,0.025
505,Tyrunt,0.01854,73,0.019,25,0.039
506,Vigoroth,0.01828,72,0.018,51,0.080
507,Phione,0.01828,72,0.018,3,0.005
508,Oricorio-Pom-Pom,0.01803,71,0.018,29,0.045
509,Weedle,0.01803,71,0.018,46,0.072
510,Rhyhorn,0.01803,71,0.018,12,0.019
511,Leavanny,0.01752,69,0.018,26,0.041
512,Simisage,0.01752,69,0.018,23,0.036
513,Geodude-Alola,0.01676,66,0.017,40,0.063
514,Musharna,0.01676,66,0.017,29,0.045
515,Charmeleon,0.01651,65,0.017,18,0.028
516,Tepig,0.01625,64,0.016,31,0.048
517,Quilava,0.01600,63,0.016,30,0.047
518,Whiscash,0.01600,63,0.016,39,0.061
519,Trapinch,0.01600,63,0.016,23,0.036
520,Swalot,0.01600,63,0.016,19,0.030
521,Ledian,0.01574,62,0.016,24,0.038
522,Lickitung,0.01549,61,0.015,30,0.047
523,Smoochum,0.01549,61,0.015,24,0.038
524,Axew,0.01524,60,0.015,7,0.011
525,Sliggoo,0.01498,59,0.015,24,0.038
526,Numel,0.01498,59,0.015,18,0.028
527,Cubone,0.01498,59,0.015,19,0.030
528,Chikorita,0.01473,58,0.015,32,0.050
529,Lunatone,0.01473,58,0.015,35,0.055
530,Silvally-Grass,0.01448,57,0.014,15,0.023
531,Frogadier,0.01422,56,0.014,22,0.034
532,Pachirisu,0.01422,56,0.014,18,0.028
533,Lairon,0.01422,56,0.014,22,0.034
534,Silvally-Steel,0.01397,55,0.014,21,0.033
535,Flaaffy,0.01397,55,0.014,12,0.019
536,Machoke,0.01397,55,0.014,10,0.016
537,Porygon,0.01397,55,0.014,12,0.019
538,Silvally-Dragon,0.01397,55,0.014,10,0.016
539,Corsola,0.01371,54,0.014,26,0.041
540,Froakie,0.01371,54,0.014,23,0.036
541,Torchic,0.01371,54,0.014,10,0.016
542,Beautifly,0.01346,53,0.013,18,0.028
543,Vulpix-Alola,0.01321,52,0.013,19,0.030
544,Voltorb,0.01321,52,0.013,21,0.033
545,Dewott,0.01321,52,0.013,13,0.020
546,Munchlax,0.01321,52,0.013,25,0.039
547,Woobat,0.01295,51,0.013,12,0.019
548,Silvally-Electric,0.01295,51,0.013,13,0.020
549,Rotom-Frost,0.01270,50,0.013,14,0.022
550,Prinplup,0.01244,49,0.012,10,0.016
551,Carnivine,0.01244,49,0.012,30,0.047
552,Armaldo,0.01244,49,0.012,25,0.039
553,Rattata-Alola,0.01194,47,0.012,38,0.059
554,Marshtomp,0.01143,45,0.011,12,0.019
555,Stantler,0.01143,45,0.011,15,0.023
556,Wynaut,0.01143,45,0.011,19,0.030
557,Aipom,0.01117,44,0.011,31,0.048
558,Phantump,0.01117,44,0.011,13,0.020
559,Silvally-Ice,0.01117,44,0.011,14,0.022
560,Cherrim,0.01092,43,0.011,14,0.022
561,Shellos,0.01092,43,0.011,23,0.036
562,Gurdurr,0.01092,43,0.011,13,0.020
563,Graveler-Alola,0.01067,42,0.011,12,0.019
564,Cleffa,0.01016,40,0.010,23,0.036
565,Audino,0.01016,40,0.010,19,0.030
566,Zorua,0.00965,38,0.010,8,0.013
567,Sandslash,0.00965,38,0.010,24,0.038
568,Minun,0.00965,38,0.010,20,0.031
569,Marill,0.00965,38,0.010,15,0.023
570,Yamask,0.00965,38,0.010,16,0.025
571,Croconaw,0.00965,38,0.010,22,0.034
572,Azurill,0.00940,37,0.009,9,0.014
573,Corphish,0.00940,37,0.009,14,0.022
574,Togepi,0.00914,36,0.009,14,0.022
575,Bunnelby,0.00914,36,0.009,12,0.019
576,Eelektrik,0.00914,36,0.009,19,0.030
577,Panpour,0.00914,36,0.009,13,0.020
578,Wurmple,0.00914,36,0.009,9,0.014
579,Silvally-Rock,0.00889,35,0.009,8,0.013
580,Goomy,0.00889,35,0.009,12,0.019
581,Electabuzz,0.00863,34,0.009,17,0.027
582,Shroomish,0.00863,34,0.009,22,0.034
583,Kakuna,0.00863,34,0.009,11,0.017
584,Totodile,0.00838,33,0.008,16,0.025
585,Dartrix,0.00838,33,0.008,13,0.020
586,Litten,0.00838,33,0.008,13,0.020
587,Rockruff,0.00838,33,0.008,7,0.011
588,Piplup,0.00838,33,0.008,18,0.028
589,Silvally-Ghost,0.00813,32,0.008,9,0.014
590,Purrloin,0.00813,32,0.008,8,0.013
591,Feebas,0.00813,32,0.008,10,0.016
592,Silvally-Flying,0.00787,31,0.008,14,0.022
593,Starly,0.00787,31,0.008,8,0.013
594,Maractus,0.00787,31,0.008,7,0.011
595,Shelmet,0.00787,31,0.008,18,0.028
596,Mime Jr.,0.00762,30,0.008,8,0.013
597,Seadra,0.00762,30,0.008,13,0.020
598,Cosmoem,0.00762,30,0.008,21,0.033
599,Dwebble,0.00762,30,0.008,17,0.027
600,Crabrawler,0.00762,30,0.008,6,0.009
601,Gabite,0.00736,29,0.007,7,0.011
602,Mareep,0.00711,28,0.007,5,0.008
603,Spoink,0.00711,28,0.007,8,0.013
604,Psyduck,0.00686,27,0.007,10,0.016
605,Sandygast,0.00686,27,0.007,15,0.023
606,Gourgeist-Small,0.00660,26,0.007,7,0.011
607,Mesprit,0.00660,26,0.007,10,0.016
608,Cyndaquil,0.00660,26,0.007,12,0.019
609,Plusle,0.00660,26,0.007,9,0.014
610,Minccino,0.00635,25,0.006,13,0.020
611,Swadloon,0.00635,25,0.006,7,0.011
612,Kricketune,0.00635,25,0.006,13,0.020
613,Doduo,0.00609,24,0.006,12,0.019
614,Rotom,0.00609,24,0.006,11,0.017
615,Popplio,0.00609,24,0.006,12,0.019
616,Glalie,0.00609,24,0.006,4,0.006
617,Lumineon,0.00609,24,0.006,7,0.011
618,Swanna,0.00584,23,0.006,10,0.016
619,Oricorio-Pa'u,0.00584,23,0.006,7,0.011
620,Poliwhirl,0.00584,23,0.006,13,0.020
621,Zubat,0.00584,23,0.006,3,0.005
622,Fennekin,0.00584,23,0.006,4,0.006
623,Bayleef,0.00559,22,0.006,7,0.011
624,Elgyem,0.00559,22,0.006,0,0.000
625,Wormadam-Trash,0.00559,22,0.006,10,0.016
626,Omanyte,0.00559,22,0.006,7,0.011
627,Nidorino,0.00559,22,0.006,12,0.019
628,Duosion,0.00533,21,0.005,8,0.013
629,Seel,0.00533,21,0.005,3,0.005
630,Sandshrew-Alola,0.00533,21,0.005,13,0.020
631,Mareanie,0.00533,21,0.005,5,0.008
632,Silvally-Ground,0.00533,21,0.005,7,0.011
633,Swirlix,0.00508,20,0.005,8,0.013
634,Klink,0.00508,20,0.005,19,0.030
635,Diglett,0.00508,20,0.005,2,0.003
636,Vullaby,0.00508,20,0.005,16,0.025
637,Herdier,0.00508,20,0.005,14,0.022
638,Sunflora,0.00483,19,0.005,12,0.019
639,Roselia,0.00483,19,0.005,5,0.008
640,Ekans,0.00483,19,0.005,19,0.030
641,Surskit,0.00483,19,0.005,10,0.016
642,Pansage,0.00457,18,0.005,3,0.005
643,Oddish,0.00457,18,0.005,12,0.019
644,Sandshrew,0.00457,18,0.005,13,0.020
645,Silvally-Bug,0.00457,18,0.005,6,0.009
646,Golett,0.00457,18,0.005,0,0.000
647,Skitty,0.00457,18,0.005,10,0.016
648,Treecko,0.00432,17,0.004,10,0.016
649,Chimchar,0.00432,17,0.004,10,0.016
650,Gible,0.00432,17,0.004,7,0.011
651,Silvally-Dark,0.00432,17,0.004,2,0.003
652,Drowzee,0.00432,17,0.004,4,0.006
653,Dratini,0.00406,16,0.004,0,0.000
654,Nincada,0.00406,16,0.004,3,0.005
655,Duskull,0.00406,16,0.004,11,0.017
656,Grubbin,0.00381,15,0.004,1,0.002
657,Mudkip,0.00381,15,0.004,4,0.006
658,Mantyke,0.00381,15,0.004,5,0.008
659,Shieldon,0.00381,15,0.004,4,0.006
660,Snorunt,0.00356,14,0.004,4,0.006
661,Kirlia,0.00356,14,0.004,0,0.000
662,Magby,0.00356,14,0.004,9,0.014
663,Floette,0.00356,14,0.004,8,0.013
664,Timburr,0.00356,14,0.004,3,0.005
665,Inkay,0.00356,14,0.004,1,0.002
666,Fletchinder,0.00330,13,0.003,3,0.005
667,Pansear,0.00330,13,0.003,8,0.013
668,Teddiursa,0.00330,13,0.003,4,0.006
669,Turtwig,0.00330,13,0.003,11,0.017
670,Pidgey,0.00330,13,0.003,7,0.011
671,Silvally-Fighting,0.00330,13,0.003,4,0.006
672,Buneary,0.00305,12,0.003,7,0.011
673,Remoraid,0.00305,12,0.003,4,0.006
674,Metang,0.00305,12,0.003,2,0.003
675,Shuppet,0.00305,12,0.003,7,0.011
676,Fletchling,0.00305,12,0.003,2,0.003
677,Wormadam-Sandy,0.00305,12,0.003,3,0.005
678,Bounsweet,0.00305,12,0.003,1,0.002
679,Fraxure,0.00305,12,0.003,6,0.009
680,Zigzagoon,0.00305,12,0.003,12,0.019
681,Litwick,0.00305,12,0.003,5,0.008
682,Trumbeak,0.00305,12,0.003,8,0.013
683,Pumpkaboo,0.00279,11,0.003,4,0.006
684,Snivy,0.00279,11,0.003,4,0.006
685,Cranidos,0.00279,11,0.003,3,0.005
686,Archen,0.00254,10,0.003,3,0.005
687,Joltik,0.00254,10,0.003,9,0.014
688,Chinchou,0.00254,10,0.003,7,0.011
689,Pidgeotto,0.00254,10,0.003,2,0.003
690,Illumise,0.00254,10,0.003,4,0.006
691,Grovyle,0.00254,10,0.003,4,0.006
692,Honedge,0.00254,10,0.003,3,0.005
693,Yungoos,0.00254,10,0.003,9,0.014
694,Meditite,0.00254,10,0.003,7,0.011
695,Scatterbug,0.00254,10,0.003,2,0.003
696,Snubbull,0.00229,9,0.002,3,0.005
697,Venonat,0.00229,9,0.002,8,0.013
698,Slowpoke,0.00229,9,0.002,6,0.009
699,Larvitar,0.00229,9,0.002,1,0.002
700,Staryu,0.00229,9,0.002,1,0.002
701,Skorupi,0.00229,9,0.002,4,0.006
702,Igglybuff,0.00229,9,0.002,4,0.006
703,Servine,0.00229,9,0.002,8,0.013
704,Croagunk,0.00229,9,0.002,8,0.013
705,Mothim,0.00229,9,0.002,1,0.002
706,Pancham,0.00229,9,0.002,3,0.005
707,Gourgeist-Large,0.00229,9,0.002,3,0.005
708,Ledyba,0.00229,9,0.002,3,0.005
709,Mankey,0.00203,8,0.002,2,0.003
710,Whirlipede,0.00203,8,0.002,2,0.003
711,NidoranM,0.00203,8,0.002,6,0.009
712,Ralts,0.00203,8,0.002,1,0.002
713,Pignite,0.00203,8,0.002,3,0.005
714,Watchog,0.00203,8,0.002,1,0.002
715,Shelgon,0.00203,8,0.002,8,0.013
716,Spritzee,0.00203,8,0.002,1,0.002
717,Staravia,0.00203,8,0.002,2,0.003
718,Shinx,0.00203,8,0.002,7,0.011
719,Sentret,0.00178,7,0.002,0,0.000
720,Cubchoo,0.00178,7,0.002,2,0.003
721,Venipede,0.00178,7,0.002,1,0.002
722,Vulpix,0.00178,7,0.002,4,0.006
723,Bellsprout,0.00178,7,0.002,2,0.003
724,Sewaddle,0.00178,7,0.002,1,0.002
725,Frillish,0.00178,7,0.002,6,0.009
726,Ducklett,0.00178,7,0.002,3,0.005
727,Slugma,0.00178,7,0.002,2,0.003
728,Bagon,0.00178,7,0.002,1,0.002
729,Dewpider,0.00178,7,0.002,1,0.002
730,Spinarak,0.00178,7,0.002,7,0.011
731,Growlithe,0.00178,7,0.002,1,0.002
732,Slakoth,0.00152,6,0.002,1,0.002
733,Vanillish,0.00152,6,0.002,0,0.000
734,Espurr,0.00152,6,0.002,2,0.003
735,Cutiefly,0.00152,6,0.002,2,0.003
736,Pumpkaboo-Super,0.00152,6,0.002,1,0.002
737,Sandile,0.00152,6,0.002,1,0.002
738,Lileep,0.00152,6,0.002,6,0.009
739,Morelull,0.00152,6,0.002,0,0.000
740,Oshawott,0.00152,6,0.002,1,0.002
741,Fomantis,0.00152,6,0.002,5,0.008
742,Gothorita,0.00127,5,0.001,5,0.008
743,Weepinbell,0.00127,5,0.001,1,0.002
744,Diglett-Alola,0.00127,5,0.001,3,0.005
745,Phanpy,0.00127,5,0.001,5,0.008
746,Wingull,0.00127,5,0.001,3,0.005
747,Ponyta,0.00127,5,0.001,0,0.000
748,Wormadam,0.00127,5,0.001,2,0.003
749,Koffing,0.00127,5,0.001,3,0.005
750,Meowth-Alola,0.00127,5,0.001,5,0.008
751,Burmy,0.00127,5,0.001,0,0.000
752,Buizel,0.00127,5,0.001,2,0.003
753,Krokorok,0.00127,5,0.001,1,0.002
754,Tranquill,0.00127,5,0.001,0,0.000
755,Nidorina,0.00127,5,0.001,2,0.003
756,Wooper,0.00102,4,0.001,2,0.003
757,Yanma,0.00102,4,0.001,1,0.002
758,NidoranF,0.00102,4,0.001,2,0.003
759,Larvesta,0.00102,4,0.001,3,0.005
760,Gulpin,0.00102,4,0.001,4,0.006
761,Pidove,0.00102,4,0.001,1,0.002
762,Grotle,0.00102,4,0.001,3,0.005
763,Carvanha,0.00102,4,0.001,0,0.000
764,Gloom,0.00102,4,0.001,1,0.002
765,Pumpkaboo-Small,0.00102,4,0.001,4,0.006
766,Tentacool,0.00102,4,0.001,4,0.006
767,Litleo,0.00102,4,0.001,1,0.002
768,Poliwag,0.00102,4,0.001,0,0.000
769,Exeggcute,0.00102,4,0.001,4,0.006
770,Vanillite,0.00102,4,0.001,3,0.005
771,Skiploom,0.00076,3,0.001,1,0.002
772,Elekid,0.00076,3,0.001,2,0.003
773,Steenee,0.00076,3,0.001,2,0.003
774,Pawniard,0.00076,3,0.001,2,0.003
775,Combee,0.00076,3,0.001,0,0.000
776,Pikipek,0.00076,3,0.001,2,0.003
777,Electrike,0.00076,3,0.001,3,0.005
778,Trubbish,0.00076,3,0.001,1,0.002
779,Kabuto,0.00076,3,0.001,1,0.002
780,Cacnea,0.00076,3,0.001,0,0.000
781,Luxio,0.00076,3,0.001,0,0.000
782,Anorith,0.00076,3,0.001,1,0.002
783,Whismur,0.00076,3,0.001,3,0.005
784,Nuzleaf,0.00076,3,0.001,2,0.003
785,Flabebe,0.00076,3,0.001,1,0.002
786,Seedot,0.00051,2,0.001,0,0.000
787,Wailmer,0.00051,2,0.001,2,0.003
788,Swinub,0.00051,2,0.001,2,0.003
789,Sealeo,0.00051,2,0.001,1,0.002
790,Baltoy,0.00051,2,0.001,1,0.002
791,Cherubi,0.00051,2,0.001,2,0.003
792,Boldore,0.00051,2,0.001,2,0.003
793,Machop,0.00051,2,0.001,1,0.002
794,Chespin,0.00051,2,0.001,0,0.000
795,Vibrava,0.00051,2,0.001,0,0.000
796,Mienfoo,0.00051,2,0.001,0,0.000
797,Tirtouga,0.00051,2,0.001,2,0.003
798,Bronzor,0.00025,1,0.000,0,0.000
799,Deino,0.00025,1,0.000,0,0.000
800,Makuhita,0.00025,1,0.000,0,0.000
801,Barboach,0.00025,1,0.000,0,0.000
802,Houndour,0.00025,1,0.000,1,0.002
803,Spearow,0.00025,1,0.000,1,0.002
804,Beldum,0.00025,1,0.000,1,0.002
805,Amaura,0.00025,1,0.000,1,0.002
806,Grimer-Alola,0.00025,1,0.000,1,0.002
807,Spewpa,0.00025,1,0.000,1,0.002
808,Lampent,0.00025,1,0.000,0,0.000
809,Hippopotas,0.00025,1,0.000,1,0.002
810,Swablu,0.00025,1,0.000,0,0.000
811,Solosis,0.00025,1,0.000,0,0.000
812,Helioptile,0.00025,1,0.000,0,0.000
813,Petilil,0.00025,1,0.000,0,0.000
814,Quilladin,0.00025,1,0.000,0,0.000
815,Zweilous,0.00025,1,0.000,1,0.002
816,Monferno,0.00025,1,0.000,1,0.002
817,Hoppip,0.00025,1,0.000,1,0.002
