 Total battles: 1066244
 Avg. weight/team: 0.007
Rank,Pokemon,Usage percentage,Raw,Raw percentage,Real,Real percentage
1,Landorus-Therian,42.55849,452507,21.220,381317,24.085
2,Metagross-Mega,35.44555,344716,16.165,249662,15.769
3,Tapu Fini,26.02727,334077,15.666,267060,16.868
4,Pheromosa,21.43362,239768,11.244,178050,11.246
5,Tapu Lele,19.82681,270380,12.679,187401,11.837
6,Greninja-Ash,18.44652,319296,14.973,237482,15.000
7,Greninja,16.82226,156852,7.355,115525,7.297
8,Magearna,15.16313,167496,7.854,126982,8.021
9,Ferrothorn,14.46268,234813,11.011,199480,12.600
10,Garchomp,13.71153,271220,12.718,204455,12.914
11,Skarmory,13.28319,158016,7.410,129883,8.204
12,Toxapex,13.13820,217347,10.192,163103,10.302
13,Excadrill,12.92796,169662,7.956,126353,7.981
14,Celesteela,12.82128,200845,9.418,153767,9.712
15,Tapu Koko,12.09344,274089,12.853,204709,12.930
16,Heatran,11.85842,192148,9.011,154840,9.780
17,Dugtrio,11.82924,96352,4.518,70965,4.482
18,Chansey,11.74248,119090,5.585,88549,5.593
19,Scizor-Mega,9.87898,172343,8.082,129981,8.210
20,Zygarde,9.76530,63882,2.996,47648,3.010
21,Sableye-Mega,9.53506,87307,4.094,73706,4.656
22,Hoopa-Unbound,9.32849,78389,3.676,53742,3.395
23,Kartana,7.16542,154735,7.256,109377,6.909
24,Clefable,7.14877,74281,3.483,51463,3.251
25,Magnezone,7.12105,164607,7.719,126556,7.994
26,Nihilego,7.00620,99557,4.669,77334,4.885
27,Tangrowth,6.93229,79902,3.747,61676,3.896
28,Marowak-Alola,6.86764,236901,11.109,175224,11.068
29,Mimikyu,6.47224,204433,9.587,140828,8.895
30,Zapdos,6.19620,84320,3.954,66230,4.183
31,Pinsir-Mega,6.16747,86627,4.062,59250,3.742
32,Volcarona,6.13696,121986,5.720,87068,5.500
33,Charizard-Mega-X,5.93199,184528,8.653,133885,8.457
34,Tapu Bulu,5.73624,140381,6.583,100972,6.378
35,Gengar,5.47854,79557,3.731,55028,3.476
36,Mamoswine,5.18287,117281,5.500,96960,6.124
37,Dragonite,4.86126,96079,4.505,66817,4.220
38,Venusaur-Mega,4.62837,129844,6.089,97805,6.178
39,Tyranitar,4.39931,130316,6.111,100556,6.351
40,Latios,4.30387,102108,4.788,69625,4.398
41,Manaphy,4.29045,48167,2.259,33197,2.097
42,Rotom-Wash,4.10947,125169,5.870,102224,6.457
43,Charizard-Mega-Y,4.06828,147874,6.934,113887,7.193
44,Scolipede,4.02414,62796,2.945,51330,3.242
45,Gyarados-Mega,3.86995,101572,4.763,74986,4.736
46,Keldeo,3.71576,35402,1.660,26260,1.659
47,Bisharp,3.24281,42172,1.978,29606,1.870
48,Hippowdon,3.21428,44855,2.103,38406,2.426
49,Hydreigon,2.97889,54601,2.560,39955,2.524
50,Gyarados,2.96040,50086,2.349,38336,2.421
51,Jirachi,2.91822,54785,2.569,41138,2.598
52,Kyurem-Black,2.82036,36793,1.725,26358,1.665
53,Xurkitree,2.80393,110007,5.159,75830,4.790
54,Salamence,2.77902,74987,3.516,51429,3.248
55,Alakazam-Mega,2.75785,113252,5.311,74121,4.682
56,Alomomola,2.55227,12055,0.565,9024,0.570
57,Thundurus-Therian,2.46988,51606,2.420,39889,2.520
58,Shedinja,2.42417,11802,0.553,8155,0.515
59,Muk-Alola,2.34356,122583,5.748,92676,5.854
60,Tornadus-Therian,2.06379,28295,1.327,21561,1.362
61,Buzzwole,2.00115,82184,3.854,57021,3.602
62,Smeargle,1.84588,29629,1.389,26456,1.671
63,Quagsire,1.83606,20308,0.952,15047,0.950
64,Pelipper,1.79835,83180,3.901,73539,4.645
65,Azelf,1.72993,20838,0.977,19460,1.229
66,Serperior,1.72980,72222,3.387,51092,3.227
67,Amoonguss,1.71173,18766,0.880,13825,0.873
68,Necrozma,1.64699,22824,1.070,17612,1.112
69,Thundurus,1.63596,20135,0.944,15359,0.970
70,Sharpedo-Mega,1.55284,25071,1.176,16395,1.036
71,Bronzong,1.43763,18436,0.865,15662,0.989
72,Kingdra,1.37826,54146,2.539,38554,2.435
73,Mew,1.32555,31959,1.499,24546,1.550
74,Terrakion,1.32269,19048,0.893,13595,0.859
75,Ditto,1.27901,20837,0.977,15223,0.962
76,Togekiss,1.25455,38135,1.788,26863,1.697
77,Nidoking,1.14461,28683,1.345,21441,1.354
78,Breloom,1.11231,41723,1.957,30232,1.910
79,Klefki,1.07407,17309,0.812,14325,0.905
80,Tentacruel,1.01783,32981,1.547,25344,1.601
81,Mantine,0.98542,30935,1.451,24139,1.525
82,Seismitoad,0.98286,10143,0.476,8284,0.523
83,Diggersby,0.98056,11535,0.541,8651,0.546
84,Porygon-Z,0.95536,61210,2.870,41882,2.645
85,Latias,0.92585,25642,1.202,17063,1.078
86,Azumarill,0.91277,44745,2.098,33186,2.096
87,Zygarde-10,0.90084,14133,0.663,9975,0.630
88,Victini,0.89680,29202,1.369,22265,1.406
89,Weavile,0.89349,64076,3.005,44736,2.826
90,Mandibuzz,0.84305,41867,1.963,31920,2.016
91,Chandelure,0.80253,45660,2.141,32649,2.062
92,Ninetales-Alola,0.69451,58262,2.732,44761,2.827
93,Gigalith,0.68594,19647,0.921,16618,1.050
94,Porygon2,0.68092,40445,1.897,30493,1.926
95,Espeon,0.66814,41989,1.969,29322,1.852
96,Talonflame,0.64406,27671,1.298,19395,1.225
97,Primarina,0.63276,37980,1.781,27706,1.750
98,Scizor,0.56626,34492,1.617,25751,1.627
99,Venusaur,0.56380,21115,0.990,14934,0.943
100,Gliscor,0.54434,66513,3.119,50062,3.162
101,Infernape,0.52501,41660,1.954,31458,1.987
102,Shuckle,0.51821,25295,1.186,21766,1.375
103,Salazzle,0.51211,61117,2.866,43492,2.747
104,Golisopod,0.49957,42549,1.995,31475,1.988
105,Decidueye,0.49271,47236,2.215,33266,2.101
106,Starmie,0.48252,39945,1.873,28063,1.773
107,Uxie,0.46704,3268,0.153,2832,0.179
108,Cresselia,0.44133,9166,0.430,6431,0.406
109,Slowbro-Mega,0.43804,18986,0.890,13656,0.863
110,Hawlucha,0.42946,19991,0.937,13977,0.883
111,Slowbro,0.42284,22843,1.071,16645,1.051
112,Kabutops,0.40295,11786,0.553,8277,0.523
113,Donphan,0.39893,19815,0.929,16274,1.028
114,Volcanion,0.38170,27877,1.307,21529,1.360
115,Blissey,0.38113,22144,1.038,15921,1.006
116,Ninetales,0.37720,13731,0.644,10780,0.681
117,Araquanid,0.37218,44208,2.073,31802,2.009
118,Gastrodon,0.35285,34007,1.595,25991,1.642
119,Suicune,0.34203,10056,0.472,7160,0.452
120,Whimsicott,0.33553,14272,0.669,10499,0.663
121,Kommo-o,0.27836,29117,1.365,19465,1.229
122,Reuniclus,0.27425,13390,0.628,9080,0.574
123,Pyukumuku,0.27417,15611,0.732,11933,0.754
124,Krookodile,0.26987,23851,1.118,17613,1.112
125,Moltres,0.26653,4238,0.199,3052,0.193
126,Arcanine,0.25669,56359,2.643,42143,2.662
127,Staraptor,0.25388,33535,1.573,24207,1.529
128,Tsareena,0.25276,22078,1.035,15766,0.996
129,Lucario,0.24466,29406,1.379,20114,1.270
130,Crawdaunt,0.23556,9735,0.457,7022,0.444
131,Dhelmise,0.23261,30710,1.440,22112,1.397
132,Cloyster,0.21780,41547,1.948,30441,1.923
133,Persian-Alola,0.21623,18076,0.848,15034,0.950
134,Garchomp-Mega,0.20252,30813,1.445,21590,1.364
135,Swellow,0.20056,9027,0.423,6402,0.404
136,Galvantula,0.19784,29852,1.400,26099,1.648
137,Raikou,0.19501,12710,0.596,9456,0.597
138,Aerodactyl-Mega,0.18639,22537,1.057,15961,1.008
139,Goodra,0.17983,48035,2.253,34472,2.177
140,Raichu-Alola,0.17294,40187,1.885,27728,1.751
141,Slowking,0.17224,5455,0.256,3879,0.245
142,Forretress,0.17157,18932,0.888,16358,1.033
143,Silvally,0.16987,9615,0.451,7547,0.477
144,Umbreon,0.16923,36413,1.708,25223,1.593
145,Sandslash-Alola,0.16872,16069,0.754,11517,0.727
146,Mismagius,0.16763,8028,0.376,5721,0.361
147,Alakazam,0.16619,21746,1.020,14187,0.896
148,Swampert,0.16375,19311,0.906,15593,0.985
149,Absol-Mega,0.16321,18906,0.887,13944,0.881
150,Torkoal,0.16276,19119,0.897,16575,1.047
151,Dragalge,0.16008,6736,0.316,4882,0.308
152,Heracross,0.16001,9918,0.465,6793,0.429
153,Sylveon,0.15918,29411,1.379,19596,1.238
154,Conkeldurr,0.15682,25630,1.202,18721,1.182
155,Meloetta,0.14760,4592,0.215,3178,0.201
156,Blastoise-Mega,0.14758,20736,0.972,15487,0.978
157,Minior,0.14147,33447,1.568,23295,1.471
158,Darmanitan,0.13843,20718,0.972,15704,0.992
159,Lycanroc,0.13241,24973,1.171,19570,1.236
160,Abomasnow,0.12943,3252,0.152,2445,0.154
161,Omastar,0.12856,5144,0.241,3863,0.244
162,Dodrio,0.11988,7596,0.356,5094,0.322
163,Bewear,0.11836,22351,1.048,15268,0.964
164,Vaporeon,0.11825,17749,0.832,13052,0.824
165,Entei,0.11774,7784,0.365,5826,0.368
166,Celebi,0.11449,6785,0.318,4862,0.307
167,Jolteon,0.10551,38909,1.825,29293,1.850
168,Magneton,0.10503,4075,0.191,3160,0.200
169,Sigilyph,0.10207,6934,0.325,4814,0.304
170,Haxorus,0.10196,19420,0.911,12663,0.800
171,Aerodactyl,0.09994,8611,0.404,7224,0.456
172,Milotic,0.09103,27443,1.287,20065,1.267
173,Rotom-Heat,0.08590,13053,0.612,10466,0.661
174,Roserade,0.08528,15882,0.745,11379,0.719
175,Snorlax,0.08105,34039,1.596,24329,1.537
176,Crobat,0.07769,25548,1.198,18257,1.153
177,Kricketune,0.07641,622,0.029,535,0.034
178,Ribombee,0.07379,8407,0.394,5439,0.344
179,Vikavolt,0.07198,24791,1.163,17596,1.111
180,Ludicolo,0.07181,10300,0.483,7525,0.475
181,Victreebel,0.07086,5635,0.264,3976,0.251
182,Doublade,0.07037,8295,0.389,6007,0.379
183,Toxicroak,0.06975,9930,0.466,7048,0.445
184,Machamp,0.06857,17382,0.815,12725,0.804
185,Flygon,0.06562,18601,0.872,13422,0.848
186,Diglett,0.06545,430,0.020,307,0.019
187,Empoleon,0.06496,14783,0.693,11564,0.730
188,Aron,0.06391,3577,0.168,2831,0.179
189,Exeggutor-Alola,0.06314,18031,0.846,12433,0.785
190,Noivern,0.06043,16558,0.776,11548,0.729
191,Honchkrow,0.05826,9212,0.432,6335,0.400
192,Chesnaught,0.05805,8101,0.380,5809,0.367
193,Xatu,0.05712,5630,0.264,4269,0.270
194,Politoed,0.05666,13483,0.632,11309,0.714
195,Golbat,0.05357,1942,0.091,1446,0.091
196,Drampa,0.05119,15475,0.726,10404,0.657
197,Florges,0.05006,10225,0.479,6864,0.434
198,Cofagrigus,0.04997,12404,0.582,9487,0.599
199,Mienshao,0.04988,8332,0.391,6140,0.388
200,Dusclops,0.04955,6008,0.282,4628,0.292
201,Mudsdale,0.04778,20635,0.968,15151,0.957
202,Yanmega,0.04683,4704,0.221,3458,0.218
203,Metagross,0.04668,16585,0.778,11855,0.749
204,Stoutland,0.04537,4186,0.196,2915,0.184
205,Komala,0.04354,9877,0.463,6695,0.423
206,Comfey,0.04326,12485,0.585,8514,0.538
207,Golem-Alola,0.04302,17822,0.836,13335,0.842
208,Electivire,0.03918,22479,1.054,16191,1.023
209,Accelgor,0.03846,5162,0.242,3737,0.236
210,Zoroark,0.03795,12229,0.573,5915,0.374
211,Rhyperior,0.03573,8808,0.413,6613,0.418
212,Type: Null,0.03547,4091,0.192,2958,0.187
213,Froslass,0.03535,11281,0.529,8834,0.558
214,Guzzlord,0.03512,6682,0.313,4523,0.286
215,Qwilfish,0.03500,1737,0.081,1356,0.086
216,Venomoth,0.03436,2890,0.136,2094,0.132
217,Wishiwashi,0.03310,10821,0.507,7578,0.479
218,Pidgey,0.03176,110,0.005,62,0.004
219,Gardevoir,0.03162,20779,0.974,13631,0.861
220,Feraligatr,0.02989,14267,0.669,10005,0.632
221,Incineroar,0.02920,25892,1.214,18543,1.171
222,Heliolisk,0.02818,9651,0.453,6797,0.429
223,Eelektross,0.02809,12727,0.597,9750,0.616
224,Glalie-Mega,0.02614,8236,0.386,5644,0.356
225,Jellicent,0.02563,6579,0.309,4778,0.302
226,Gourgeist,0.02475,1376,0.065,949,0.060
227,Carbink,0.02474,4396,0.206,3974,0.251
228,Steelix,0.02465,7122,0.334,5609,0.354
229,Bruxish,0.02441,5098,0.239,3561,0.225
230,Avalugg,0.02424,5176,0.243,3800,0.240
231,Silvally-Psychic,0.02402,255,0.012,180,0.011
232,Malamar,0.02401,6981,0.327,4986,0.315
233,Turtonator,0.02294,10079,0.473,7258,0.458
234,Barbaracle,0.02215,2668,0.125,1836,0.116
235,Shaymin,0.02162,3189,0.150,2211,0.140
236,Vivillon,0.02090,4451,0.209,3136,0.198
237,Hoopa,0.02081,2536,0.119,1803,0.114
238,Crabominable,0.02041,7286,0.342,4747,0.300
239,Silvally-Electric,0.02029,1687,0.079,1254,0.079
240,Typhlosion,0.02022,11390,0.534,8088,0.511
241,Diancie,0.02013,4750,0.223,3594,0.227
242,Durant,0.02008,6280,0.294,4934,0.312
243,Registeel,0.02004,3417,0.160,2711,0.171
244,Dugtrio-Alola,0.01988,7692,0.361,5455,0.345
245,Tauros,0.01960,3433,0.161,2493,0.157
246,Beartic,0.01942,3937,0.185,2673,0.169
247,Scrafty,0.01895,9804,0.460,7091,0.448
248,Lanturn,0.01894,8465,0.397,6393,0.404
249,Nidoqueen,0.01854,4082,0.191,3220,0.203
250,Sableye,0.01831,9477,0.444,7074,0.447
251,Rotom-Mow,0.01810,3338,0.157,2589,0.164
252,Lycanroc-Midnight,0.01710,9764,0.458,6961,0.440
253,Masquerain,0.01685,4571,0.214,3601,0.227
254,Lickilicky,0.01682,1459,0.068,1092,0.069
255,Claydol,0.01654,4916,0.231,3814,0.241
256,Slaking,0.01625,4523,0.212,3218,0.203
257,Leafeon,0.01619,6852,0.321,4744,0.300
258,Shiinotic,0.01610,7005,0.328,4948,0.313
259,Tornadus,0.01606,1627,0.076,1177,0.074
260,Spiritomb,0.01604,3743,0.176,2694,0.170
261,Kyurem,0.01604,3429,0.161,2419,0.153
262,Emboar,0.01565,5958,0.279,4353,0.275
263,Rhydon,0.01533,3655,0.171,2796,0.177
264,Pangoro,0.01515,4996,0.234,3430,0.217
265,Medicham,0.01512,3788,0.178,2723,0.172
266,Hitmonlee,0.01499,7376,0.346,5260,0.332
267,Tyrantrum,0.01487,8750,0.410,5859,0.370
268,Silvally-Steel,0.01467,1767,0.083,1283,0.081
269,Weezing,0.01442,7058,0.331,5514,0.348
270,Palossand,0.01379,12061,0.566,8284,0.523
271,Shiftry,0.01370,2594,0.122,1740,0.110
272,Cradily,0.01341,7340,0.344,5327,0.336
273,Hitmontop,0.01313,5526,0.259,4135,0.261
274,Poliwrath,0.01268,5592,0.262,4121,0.260
275,Exploud,0.01256,3649,0.171,2652,0.168
276,Virizion,0.01237,1804,0.085,1278,0.081
277,Pikachu,0.01235,14929,0.700,10802,0.682
278,Lurantis,0.01211,6441,0.302,4352,0.275
279,Toucannon,0.01201,9555,0.448,6656,0.420
280,Articuno,0.01198,4444,0.208,3114,0.197
281,Ambipom,0.01194,10124,0.475,8132,0.514
282,Cobalion,0.01163,3659,0.172,2816,0.178
283,Togedemaru,0.01121,8799,0.413,6786,0.429
284,Blastoise,0.01120,10435,0.489,7638,0.482
285,Rampardos,0.01110,4242,0.199,2820,0.178
286,Trevenant,0.01066,9499,0.445,6725,0.425
287,Charizard,0.01053,9146,0.429,6724,0.425
288,Gallade,0.00957,8978,0.421,5995,0.379
289,Sceptile,0.00920,17099,0.802,11602,0.733
290,Lapras,0.00914,11956,0.561,8597,0.543
291,Archeops,0.00910,4120,0.193,3106,0.196
292,Hariyama,0.00905,4114,0.193,3087,0.195
293,Drifblim,0.00890,4602,0.216,3404,0.215
294,Vanilluxe,0.00879,3628,0.170,2761,0.174
295,Braviary,0.00869,5329,0.250,3641,0.230
296,Cinccino,0.00845,6595,0.309,4596,0.290
297,Cryogonal,0.00841,3756,0.176,2677,0.169
298,Silvally-Ghost,0.00832,1958,0.092,1446,0.091
299,Drapion,0.00828,9674,0.454,7166,0.453
300,Kecleon,0.00819,2658,0.125,2000,0.126
301,Ursaring,0.00812,3347,0.157,2305,0.146
302,Torterra,0.00808,6994,0.328,5144,0.325
303,Dusknoir,0.00807,5414,0.254,3993,0.252
304,Delphox,0.00800,8369,0.392,5903,0.373
305,Sharpedo,0.00799,4059,0.190,2833,0.179
306,Ninjask,0.00799,8211,0.385,6545,0.413
307,Silvally-Ground,0.00794,1439,0.067,1086,0.069
308,Stunfisk,0.00784,1743,0.082,1361,0.086
309,Aggron,0.00774,9580,0.449,7164,0.453
310,Floatzel,0.00768,3606,0.169,2533,0.160
311,Escavalier,0.00765,3420,0.160,2478,0.157
312,Miltank,0.00756,6427,0.301,4451,0.281
313,Slurpuff,0.00750,7106,0.333,4737,0.299
314,Linoone,0.00735,2516,0.118,1722,0.109
315,Exeggutor,0.00721,3818,0.179,2557,0.162
316,Audino,0.00715,2306,0.108,1625,0.103
317,Tangela,0.00672,1537,0.072,1084,0.068
318,Aurorus,0.00669,3028,0.142,2313,0.146
319,Meganium,0.00669,3307,0.155,2355,0.149
320,Klinklang,0.00667,2010,0.094,1417,0.090
321,Rotom-Fan,0.00661,905,0.042,687,0.043
322,Oricorio-Sensu,0.00652,1369,0.064,933,0.059
323,Lilligant,0.00650,4474,0.210,3006,0.190
324,Silvally-Fairy,0.00646,1563,0.073,1055,0.067
325,Volbeat,0.00642,3036,0.142,2614,0.165
326,Luxray,0.00616,8344,0.391,5891,0.372
327,Armaldo,0.00613,2750,0.129,2018,0.127
328,Passimian,0.00612,2475,0.116,1746,0.110
329,Leavanny,0.00609,3578,0.168,2859,0.181
330,Silvally-Water,0.00606,1028,0.048,694,0.044
331,Piloswine,0.00599,1150,0.054,967,0.061
332,Chatot,0.00591,2601,0.122,1945,0.123
333,Charjabug,0.00590,273,0.013,201,0.013
334,Golurk,0.00586,4259,0.200,3198,0.202
335,Bibarel,0.00586,1916,0.090,1445,0.091
336,Gorebyss,0.00584,1072,0.050,776,0.049
337,Oranguru,0.00576,2392,0.112,1751,0.111
338,Crustle,0.00575,2218,0.104,1673,0.106
339,Bellossom,0.00562,1645,0.077,1047,0.066
340,Magmortar,0.00552,5994,0.281,4243,0.268
341,Zangoose,0.00531,3562,0.167,2398,0.151
342,Silvally-Fire,0.00477,2549,0.120,1765,0.111
343,Ariados,0.00476,6604,0.310,5675,0.358
344,Magcargo,0.00472,1650,0.077,1217,0.077
345,Oricorio,0.00458,1463,0.069,1068,0.067
346,Relicanth,0.00442,781,0.037,582,0.037
347,Cacturne,0.00437,2467,0.116,1784,0.113
348,Regirock,0.00423,1971,0.092,1462,0.092
349,Mesprit,0.00419,689,0.032,497,0.031
350,Gumshoos,0.00409,2176,0.102,1468,0.093
351,Raticate-Alola,0.00399,1439,0.067,1035,0.065
352,Clawitzer,0.00394,2942,0.138,2131,0.135
353,Trapinch,0.00392,322,0.015,220,0.014
354,Hitmonchan,0.00388,3374,0.158,2406,0.152
355,Druddigon,0.00380,2150,0.101,1645,0.104
356,Gligar,0.00374,1391,0.065,1064,0.067
357,Primeape,0.00370,2700,0.127,1975,0.125
358,Corsola,0.00357,929,0.044,677,0.043
359,Sawsbuck,0.00350,1654,0.078,1099,0.069
360,Jynx,0.00350,1610,0.075,1087,0.069
361,Delibird,0.00348,658,0.031,516,0.033
362,Manectric,0.00338,4195,0.197,2930,0.185
363,Emolga,0.00338,3829,0.180,2866,0.181
364,Liepard,0.00333,3270,0.153,2474,0.156
365,Absol,0.00324,3399,0.159,2350,0.148
366,Silvally-Grass,0.00321,477,0.022,326,0.021
367,Silvally-Dark,0.00319,728,0.034,509,0.032
368,Regice,0.00319,3558,0.167,2533,0.160
369,Silvally-Flying,0.00317,902,0.042,655,0.041
370,Houndoom,0.00311,4972,0.233,3568,0.225
371,Ampharos,0.00309,5153,0.242,3620,0.229
372,Flareon,0.00296,5840,0.274,4289,0.271
373,Combusken,0.00292,1268,0.059,964,0.061
374,Meowstic,0.00292,3509,0.165,2652,0.168
375,Granbull,0.00292,2594,0.122,1878,0.119
376,Skuntank,0.00291,1377,0.065,940,0.059
377,Glaceon,0.00291,4818,0.226,3173,0.200
378,Probopass,0.00283,3015,0.141,2324,0.147
379,Whiscash,0.00280,1155,0.054,862,0.054
380,Dunsparce,0.00273,1101,0.052,781,0.049
381,Togetic,0.00271,1528,0.072,1119,0.071
382,Kingler,0.00271,2044,0.096,1477,0.093
383,Golduck,0.00269,2499,0.117,1790,0.113
384,Walrein,0.00269,2541,0.119,1812,0.114
385,Raichu,0.00269,6095,0.286,4444,0.281
386,Zorua,0.00258,148,0.007,57,0.004
387,Swoobat,0.00247,1479,0.069,984,0.062
388,Munchlax,0.00234,288,0.014,204,0.013
389,Sawk,0.00232,1294,0.061,951,0.060
390,Rotom,0.00226,1221,0.057,936,0.059
391,Scyther,0.00224,3929,0.184,2656,0.168
392,Gourgeist-Super,0.00221,2141,0.100,1558,0.098
393,Golem,0.00216,2774,0.130,2256,0.142
394,Sandslash,0.00212,1679,0.079,1257,0.079
395,Bastiodon,0.00209,3536,0.166,2823,0.178
396,Huntail,0.00207,536,0.025,363,0.023
397,Lopunny,0.00205,2575,0.121,1919,0.121
398,Zebstrika,0.00186,1459,0.068,1049,0.066
399,Silvally-Poison,0.00186,777,0.036,503,0.032
400,Octillery,0.00183,914,0.043,621,0.039
401,Butterfree,0.00182,2786,0.131,1967,0.124
402,Eevee,0.00178,2245,0.105,1705,0.108
403,Jumpluff,0.00169,1371,0.064,1018,0.064
404,Carracosta,0.00157,3432,0.161,2573,0.163
405,Silvally-Dragon,0.00155,796,0.037,548,0.035
406,Mawile,0.00155,2127,0.100,1528,0.097
407,Garbodor,0.00153,1326,0.062,1010,0.064
408,Maractus,0.00150,813,0.038,558,0.035
409,Aromatisse,0.00148,1093,0.051,745,0.047
410,Rotom-Frost,0.00142,1268,0.059,937,0.059
411,Kangaskhan,0.00140,1424,0.067,1073,0.068
412,Pinsir,0.00139,737,0.035,534,0.034
413,Tropius,0.00138,1676,0.079,1122,0.071
414,Camerupt,0.00138,1868,0.088,1445,0.091
415,Samurott,0.00138,3096,0.145,2183,0.138
416,Castform,0.00132,939,0.044,679,0.043
417,Purugly,0.00130,501,0.023,386,0.024
418,Bronzor,0.00126,108,0.005,83,0.005
419,Nosepass,0.00122,1272,0.060,996,0.063
420,Delcatty,0.00121,815,0.038,620,0.039
421,Clamperl,0.00118,168,0.008,132,0.008
422,Vileplume,0.00115,1997,0.094,1375,0.087
423,Pidgeot,0.00114,2577,0.121,1805,0.114
424,Gogoat,0.00112,1704,0.080,1138,0.072
425,Furfrou,0.00110,1323,0.062,923,0.058
426,Arbok,0.00109,2331,0.109,1641,0.104
427,Beedrill,0.00108,1117,0.052,797,0.050
428,Wailord,0.00106,1824,0.086,1294,0.082
429,Sudowoodo,0.00105,1088,0.051,797,0.050
430,Regigigas,0.00103,1693,0.079,1242,0.078
431,Pyroar,0.00097,2639,0.124,1837,0.116
432,Dedenne,0.00096,2308,0.108,1627,0.103
433,Bouffalant,0.00090,1502,0.070,1054,0.067
434,Altaria,0.00090,2020,0.095,1371,0.087
435,Electrode,0.00087,2829,0.133,2239,0.141
436,Marowak,0.00086,2216,0.104,1605,0.101
437,Porygon,0.00084,142,0.007,103,0.007
438,Mr. Mime,0.00083,1688,0.079,1192,0.075
439,Oricorio-Pom-Pom,0.00079,1568,0.074,1170,0.074
440,Rapidash,0.00077,1989,0.093,1453,0.092
441,Beheeyem,0.00076,1034,0.048,696,0.044
442,Persian,0.00074,1255,0.059,943,0.060
443,Pineco,0.00072,718,0.034,576,0.036
444,Seviper,0.00070,688,0.032,493,0.031
445,Spinda,0.00070,1131,0.053,939,0.059
446,Monferno,0.00069,167,0.008,132,0.008
447,Silvally-Ice,0.00069,640,0.030,418,0.026
448,Magnemite,0.00068,933,0.044,583,0.037
449,Muk,0.00067,1777,0.083,1378,0.087
450,Dewgong,0.00066,649,0.030,487,0.031
451,Murkrow,0.00065,1250,0.059,899,0.057
452,Oricorio-Pa'u,0.00064,311,0.015,214,0.014
453,Furret,0.00064,982,0.046,778,0.049
454,Pachirisu,0.00064,966,0.045,714,0.045
455,Silvally-Bug,0.00061,157,0.007,106,0.007
456,Raticate,0.00060,1073,0.050,721,0.046
457,Wigglytuff,0.00057,1367,0.064,1010,0.064
458,Musharna,0.00056,1030,0.048,759,0.048
459,Wartortle,0.00056,563,0.026,386,0.024
460,Haunter,0.00055,1413,0.066,1030,0.065
461,Basculin,0.00055,442,0.021,312,0.020
462,Grovyle,0.00055,115,0.005,81,0.005
463,Rattata,0.00055,1723,0.081,1301,0.082
464,Cubone,0.00054,124,0.006,79,0.005
465,Gothitelle,0.00054,892,0.042,576,0.036
466,Frogadier,0.00054,342,0.016,272,0.017
467,Mienfoo,0.00053,46,0.002,35,0.002
468,Lunatone,0.00053,623,0.029,480,0.030
469,Cosmoem,0.00053,117,0.005,79,0.005
470,Azurill,0.00053,32,0.002,26,0.002
471,Roselia,0.00052,244,0.011,176,0.011
472,Heatmor,0.00052,591,0.028,416,0.026
473,Parasect,0.00049,836,0.039,613,0.039
474,Aipom,0.00048,144,0.007,111,0.007
475,Banette,0.00047,1462,0.069,1078,0.068
476,Solrock,0.00047,1136,0.053,874,0.055
477,Lickitung,0.00045,203,0.010,147,0.009
478,Squirtle,0.00044,626,0.029,478,0.030
479,Glalie,0.00042,584,0.027,417,0.026
480,Seaking,0.00042,1548,0.073,1107,0.070
481,Ledian,0.00041,711,0.033,522,0.033
482,Fearow,0.00041,757,0.035,550,0.035
483,Brionne,0.00039,224,0.011,161,0.010
484,Gourgeist-Small,0.00038,277,0.013,206,0.013
485,Wurmple,0.00037,55,0.003,37,0.002
486,Graveler-Alola,0.00036,232,0.011,180,0.011
487,Chimecho,0.00036,1162,0.054,797,0.050
488,Braixen,0.00035,708,0.033,520,0.033
489,Misdreavus,0.00035,336,0.016,266,0.017
490,Grumpig,0.00034,400,0.019,260,0.016
491,Silvally-Fighting,0.00033,856,0.040,554,0.035
492,Shroomish,0.00033,62,0.003,51,0.003
493,Beautifly,0.00033,384,0.018,272,0.017
494,Throh,0.00032,619,0.029,460,0.029
495,Wobbuffet,0.00032,1567,0.073,1116,0.070
496,Pidgeotto,0.00030,103,0.005,81,0.005
497,Vespiquen,0.00030,906,0.042,638,0.040
498,Clefairy,0.00030,454,0.021,316,0.020
499,Riolu,0.00029,620,0.029,432,0.027
500,Farfetch'd,0.00027,601,0.028,437,0.028
501,Grotle,0.00025,100,0.005,84,0.005
502,Meowth,0.00025,136,0.006,97,0.006
503,Chikorita,0.00024,67,0.003,53,0.003
504,Dartrix,0.00024,457,0.021,324,0.020
505,Girafarig,0.00024,660,0.031,427,0.027
506,Torracat,0.00023,385,0.018,281,0.018
507,Simipour,0.00023,471,0.022,321,0.020
508,Pumpkaboo-Super,0.00023,143,0.007,108,0.007
509,Pidove,0.00022,29,0.001,22,0.001
510,Bayleef,0.00022,489,0.023,348,0.022
511,Shellos,0.00021,49,0.002,29,0.002
512,Lairon,0.00021,217,0.010,188,0.012
513,Magmar,0.00021,610,0.029,431,0.027
514,Taillow,0.00021,455,0.021,246,0.016
515,Scraggy,0.00020,142,0.007,98,0.006
516,Machoke,0.00019,481,0.023,357,0.023
517,Mightyena,0.00019,764,0.036,550,0.035
518,Dragonair,0.00019,684,0.032,474,0.030
519,Onix,0.00018,662,0.031,570,0.036
520,Rhyhorn,0.00018,58,0.003,54,0.003
521,Mareanie,0.00018,243,0.011,190,0.012
522,Unown,0.00017,300,0.014,227,0.014
523,Illumise,0.00017,570,0.027,422,0.027
524,Bidoof,0.00017,381,0.018,293,0.019
525,Magikarp,0.00016,720,0.034,507,0.032
526,Carnivine,0.00016,471,0.022,328,0.021
527,Wooper,0.00016,56,0.003,42,0.003
528,Koffing,0.00015,250,0.012,214,0.014
529,Sneasel,0.00014,272,0.013,213,0.013
530,Wormadam-Trash,0.00014,212,0.010,175,0.011
531,Noctowl,0.00014,989,0.046,678,0.043
532,Venipede,0.00013,23,0.001,23,0.001
533,Swinub,0.00013,277,0.013,223,0.014
534,Simisage,0.00013,484,0.023,336,0.021
535,Vigoroth,0.00012,498,0.023,392,0.025
536,Weedle,0.00012,164,0.008,113,0.007
537,Zweilous,0.00011,106,0.005,73,0.005
538,Starly,0.00011,279,0.013,186,0.012
539,Dustox,0.00011,361,0.017,241,0.015
540,Bulbasaur,0.00011,738,0.035,548,0.035
541,Luvdisc,0.00011,236,0.011,170,0.011
542,Ferroseed,0.00011,190,0.009,165,0.010
543,Jigglypuff,0.00011,231,0.011,162,0.010
544,Unfezant,0.00010,1294,0.061,888,0.056
545,Psyduck,0.00010,104,0.005,80,0.005
546,Dratini,0.00010,48,0.002,36,0.002
547,Eelektrik,0.00010,155,0.007,104,0.007
548,Electabuzz,0.00010,659,0.031,502,0.032
549,Lumineon,0.00009,332,0.016,233,0.015
550,Hypno,0.00009,988,0.046,703,0.044
551,Rattata-Alola,0.00009,411,0.019,329,0.021
552,Larvitar,0.00008,24,0.001,20,0.001
553,Solosis,0.00008,116,0.005,78,0.005
554,Tirtouga,0.00008,38,0.002,28,0.002
555,Swanna,0.00008,555,0.026,412,0.026
556,Gourgeist-Large,0.00008,132,0.006,81,0.005
557,Mantyke,0.00008,92,0.004,70,0.004
558,Herdier,0.00008,36,0.002,31,0.002
559,Vullaby,0.00007,189,0.009,141,0.009
560,Sunflora,0.00007,433,0.020,296,0.019
561,Surskit,0.00007,112,0.005,104,0.007
562,Lileep,0.00007,116,0.005,83,0.005
563,Diglett-Alola,0.00007,74,0.003,59,0.004
564,Dewpider,0.00006,37,0.002,27,0.002
565,Caterpie,0.00006,319,0.015,168,0.011
566,Pikipek,0.00006,60,0.003,44,0.003
567,Cosmog,0.00006,148,0.007,96,0.006
568,Snorunt,0.00006,30,0.001,22,0.001
569,Kadabra,0.00006,297,0.014,162,0.010
570,Gurdurr,0.00006,226,0.011,160,0.010
571,Gabite,0.00005,227,0.011,160,0.010
572,Buizel,0.00005,396,0.019,281,0.018
573,Stantler,0.00005,324,0.015,221,0.014
574,Sandshrew,0.00005,78,0.004,67,0.004
575,Swalot,0.00005,526,0.025,382,0.024
576,Marill,0.00005,97,0.005,76,0.005
577,Vulpix-Alola,0.00005,240,0.011,173,0.011
578,Snubbull,0.00005,30,0.001,21,0.001
579,Plusle,0.00004,392,0.018,286,0.018
580,Duosion,0.00004,238,0.011,162,0.010
581,Cottonee,0.00004,567,0.027,385,0.024
582,Staryu,0.00004,43,0.002,32,0.002
583,Beldum,0.00004,23,0.001,19,0.001
584,Shelgon,0.00004,212,0.010,147,0.009
585,Grimer,0.00004,20,0.001,16,0.001
586,Hippopotas,0.00004,242,0.011,177,0.011
587,Metapod,0.00004,213,0.010,182,0.011
588,Karrablast,0.00004,20,0.001,17,0.001
589,Mothim,0.00004,251,0.012,174,0.011
590,Swadloon,0.00004,345,0.016,293,0.019
591,Phione,0.00004,226,0.011,137,0.009
592,Oshawott,0.00004,128,0.006,87,0.005
593,Fraxure,0.00003,104,0.005,76,0.005
594,Duskull,0.00003,81,0.004,65,0.004
595,Drowzee,0.00003,39,0.002,33,0.002
596,Tympole,0.00003,5,0.000,5,0.000
597,Watchog,0.00003,282,0.013,208,0.013
598,Marshtomp,0.00003,186,0.009,154,0.010
599,Klang,0.00003,51,0.002,40,0.003
600,Rufflet,0.00003,22,0.001,18,0.001
601,Lampent,0.00002,101,0.005,81,0.005
602,Krokorok,0.00002,104,0.005,73,0.005
603,Stufful,0.00002,91,0.004,69,0.004
604,Ivysaur,0.00002,187,0.009,140,0.009
605,Simisear,0.00002,489,0.023,352,0.022
606,Meditite,0.00002,105,0.005,79,0.005
607,Poliwag,0.00002,28,0.001,23,0.001
608,Sliggoo,0.00002,199,0.009,133,0.008
609,Torchic,0.00002,129,0.006,102,0.006
610,Seadra,0.00002,120,0.006,87,0.005
611,Ledyba,0.00002,48,0.002,40,0.003
612,Quilladin,0.00002,96,0.005,55,0.003
613,Kricketot,0.00002,15,0.001,11,0.001
614,Scatterbug,0.00002,21,0.001,18,0.001
615,Sewaddle,0.00002,31,0.001,29,0.002
616,Abra,0.00002,164,0.008,121,0.008
617,Minun,0.00002,346,0.016,283,0.018
618,Graveler,0.00002,89,0.004,68,0.004
619,Doduo,0.00002,127,0.006,53,0.003
620,Skiploom,0.00002,25,0.001,20,0.001
621,Cleffa,0.00002,165,0.008,61,0.004
622,Slugma,0.00002,12,0.001,11,0.001
623,Corphish,0.00001,139,0.007,104,0.007
624,Ponyta,0.00001,70,0.003,58,0.004
625,Popplio,0.00001,110,0.005,83,0.005
626,Numel,0.00001,65,0.003,50,0.003
627,Yungoos,0.00001,59,0.003,35,0.002
628,Mudbray,0.00001,107,0.005,76,0.005
629,Shelmet,0.00001,15,0.001,13,0.001
630,Staravia,0.00001,103,0.005,41,0.003
631,Wormadam-Sandy,0.00001,136,0.006,112,0.007
632,Mankey,0.00001,67,0.003,53,0.003
633,Salandit,0.00001,187,0.009,125,0.008
634,Weepinbell,0.00001,83,0.004,58,0.004
635,Boldore,0.00001,111,0.005,87,0.005
636,Bagon,0.00001,44,0.002,29,0.002
637,Whirlipede,0.00001,110,0.005,89,0.006
638,Palpitoad,0.00001,82,0.004,54,0.003
639,Pupitar,0.00001,64,0.003,50,0.003
640,Joltik,0.00001,43,0.002,31,0.002
641,Silvally-Rock,0.00001,219,0.010,148,0.009
642,Nidorino,0.00001,56,0.003,42,0.003
643,Treecko,0.00001,195,0.009,125,0.008
644,Charmeleon,0.00001,190,0.009,145,0.009
645,Ducklett,0.00001,25,0.001,15,0.001
646,Cherrim,0.00001,329,0.015,201,0.013
647,Vanillite,0.00001,39,0.002,29,0.002
648,Nidorina,0.00001,18,0.001,15,0.001
649,Tepig,0.00001,51,0.002,38,0.002
650,Igglybuff,0.00001,29,0.001,28,0.002
651,Bonsly,0.00001,31,0.001,22,0.001
652,Spritzee,0.00001,124,0.006,78,0.005
653,Spinarak,0.00001,67,0.003,57,0.004
654,Sunkern,0.00001,59,0.003,43,0.003
655,Grubbin,0.00001,31,0.001,27,0.002
656,Smoochum,0.00001,49,0.002,31,0.002
657,Nuzleaf,0.00001,35,0.002,24,0.002
658,Kirlia,0.00000,64,0.003,41,0.003
659,Togepi,0.00000,99,0.005,69,0.004
660,Morelull,0.00000,78,0.004,64,0.004
661,Metang,0.00000,209,0.010,159,0.010
662,Servine,0.00000,169,0.008,115,0.007
663,Pumpkaboo-Large,0.00000,9,0.000,8,0.001
664,Fletchinder,0.00000,202,0.009,158,0.010
665,Zubat,0.00000,98,0.005,70,0.004
666,Bounsweet,0.00000,37,0.002,25,0.002
667,Fennekin,0.00000,98,0.005,68,0.004
668,Omanyte,0.00000,64,0.003,38,0.002
669,Yanma,0.00000,69,0.003,44,0.003
670,Croconaw,0.00000,78,0.004,53,0.003
671,Skiddo,0.00000,9,0.000,8,0.001
672,Krabby,0.00000,231,0.011,177,0.011
673,Litten,0.00000,245,0.011,182,0.011
674,Chimchar,0.00000,97,0.005,73,0.005
675,Hakamo-o,0.00000,264,0.012,197,0.012
676,Rowlet,0.00000,299,0.014,222,0.014
677,Charmander,0.00000,305,0.014,240,0.015
678,Froakie,0.00000,171,0.008,128,0.008
679,Pawniard,0.00000,86,0.004,61,0.004
680,Amaura,0.00000,36,0.002,27,0.002
681,Kakuna,0.00000,88,0.004,70,0.004
682,Totodile,0.00000,159,0.007,125,0.008
683,Dewott,0.00000,70,0.003,53,0.003
684,Wailmer,0.00000,48,0.002,38,0.002
685,Yamask,0.00000,117,0.005,99,0.006
686,Piplup,0.00000,162,0.008,124,0.008
687,Loudred,0.00000,14,0.001,11,0.001
688,Tranquill,0.00000,15,0.001,12,0.001
689,Prinplup,0.00000,138,0.006,113,0.007
690,Trumbeak,0.00000,91,0.004,59,0.004
691,Munna,0.00000,39,0.002,27,0.002
692,Lombre,0.00000,52,0.002,37,0.002
693,Hoothoot,0.00000,23,0.001,16,0.001
694,Feebas,0.00000,71,0.003,52,0.003
695,Pichu,0.00000,270,0.013,195,0.012
696,Oddish,0.00000,71,0.003,50,0.003
697,Espurr,0.00000,34,0.002,22,0.001
698,Woobat,0.00000,46,0.002,34,0.002
699,Bunnelby,0.00000,90,0.004,41,0.003
700,Vulpix,0.00000,73,0.003,66,0.004
701,Mudkip,0.00000,82,0.004,58,0.004
702,Chingling,0.00000,25,0.001,20,0.001
703,Pignite,0.00000,224,0.011,170,0.011
704,Fomantis,0.00000,18,0.001,14,0.001
705,Sandygast,0.00000,26,0.001,20,0.001
706,Wimpod,0.00000,108,0.005,81,0.005
707,Paras,0.00000,33,0.002,25,0.002
708,Elekid,0.00000,38,0.002,28,0.002
709,Snivy,0.00000,138,0.006,97,0.006
710,Sandshrew-Alola,0.00000,102,0.005,76,0.005
711,Axew,0.00000,47,0.002,34,0.002
712,Rockruff,0.00000,86,0.004,63,0.004
713,Tynamo,0.00000,18,0.001,12,0.001
714,Goldeen,0.00000,23,0.001,19,0.001
715,Drifloon,0.00000,46,0.002,39,0.002
716,Buneary,0.00000,66,0.003,45,0.003
717,Mime Jr.,0.00000,70,0.003,52,0.003
718,Cyndaquil,0.00000,92,0.004,66,0.004
719,Poliwhirl,0.00000,93,0.004,73,0.005
720,Skorupi,0.00000,22,0.001,18,0.001
721,Gothorita,0.00000,101,0.005,77,0.005
722,Floette,0.00000,41,0.002,30,0.002
723,Bellsprout,0.00000,22,0.001,18,0.001
724,Cranidos,0.00000,32,0.002,23,0.001
725,Flaaffy,0.00000,45,0.002,38,0.002
726,Steenee,0.00000,35,0.002,22,0.001
727,Litwick,0.00000,57,0.003,48,0.003
728,Meowth-Alola,0.00000,113,0.005,96,0.006
729,Grimer-Alola,0.00000,54,0.003,38,0.002
730,Sealeo,0.00000,38,0.002,24,0.002
731,Lotad,0.00000,19,0.001,14,0.001
732,Quilava,0.00000,294,0.014,203,0.013
733,Vibrava,0.00000,45,0.002,31,0.002
734,Burmy,0.00000,17,0.001,14,0.001
735,Skitty,0.00000,49,0.002,44,0.003
736,Phanpy,0.00000,71,0.003,45,0.003
737,Gible,0.00000,141,0.007,112,0.007
738,Archen,0.00000,73,0.003,43,0.003
739,Wormadam,0.00000,69,0.003,49,0.003
740,Teddiursa,0.00000,75,0.004,59,0.004
741,Tyrunt,0.00000,78,0.004,58,0.004
742,Seel,0.00000,22,0.001,15,0.001
743,Dwebble,0.00000,52,0.002,43,0.003
744,Crabrawler,0.00000,73,0.003,53,0.003
745,Gastly,0.00000,127,0.006,104,0.007
746,Growlithe,0.00000,81,0.004,60,0.004
747,Anorith,0.00000,10,0.000,6,0.000
748,Cutiefly,0.00000,39,0.002,24,0.002
749,Geodude-Alola,0.00000,33,0.002,26,0.002
750,Ralts,0.00000,73,0.003,59,0.004
751,Fletchling,0.00000,31,0.001,23,0.001
752,Gothita,0.00000,8,0.000,8,0.001
753,Carvanha,0.00000,46,0.002,33,0.002
754,Snover,0.00000,43,0.002,35,0.002
755,Shieldon,0.00000,14,0.001,10,0.001
756,Pancham,0.00000,112,0.005,82,0.005
757,Geodude,0.00000,93,0.004,88,0.006
758,Foongus,0.00000,39,0.002,27,0.002
759,Cherubi,0.00000,30,0.001,17,0.001
760,Blitzle,0.00000,18,0.001,12,0.001
761,Skrelp,0.00000,12,0.001,11,0.001
762,Goomy,0.00000,58,0.003,30,0.002
763,Roggenrola,0.00000,34,0.002,23,0.001
764,Noibat,0.00000,30,0.001,23,0.001
765,Magby,0.00000,22,0.001,18,0.001
766,Swablu,0.00000,17,0.001,15,0.001
767,Zigzagoon,0.00000,61,0.003,40,0.003
768,Sentret,0.00000,22,0.001,14,0.001
769,Darumaka,0.00000,40,0.002,37,0.002
770,Chinchou,0.00000,32,0.002,25,0.002
771,Purrloin,0.00000,41,0.002,30,0.002
772,Croagunk,0.00000,30,0.001,18,0.001
773,Mareep,0.00000,37,0.002,30,0.002
774,Kabuto,0.00000,44,0.002,35,0.002
775,Poochyena,0.00000,15,0.001,12,0.001
776,Horsea,0.00000,25,0.001,20,0.001
777,Remoraid,0.00000,27,0.001,21,0.001
778,Chespin,0.00000,65,0.003,48,0.003
779,Litleo,0.00000,51,0.002,41,0.003
780,NidoranM,0.00000,38,0.002,26,0.002
781,Ekans,0.00000,27,0.001,24,0.002
782,Turtwig,0.00000,29,0.001,18,0.001
783,Petilil,0.00000,12,0.001,8,0.001
784,Natu,0.00000,68,0.003,61,0.004
785,Tyrogue,0.00000,27,0.001,22,0.001
786,Bergmite,0.00000,35,0.002,24,0.002
787,Baltoy,0.00000,24,0.001,22,0.001
788,Cubchoo,0.00000,36,0.002,33,0.002
789,Inkay,0.00000,39,0.002,30,0.002
790,Honedge,0.00000,29,0.001,21,0.001
791,Tentacool,0.00000,42,0.002,34,0.002
792,Vanillish,0.00000,26,0.001,19,0.001
793,Swirlix,0.00000,15,0.001,13,0.001
794,Exeggcute,0.00000,47,0.002,40,0.003
795,Shuppet,0.00000,12,0.001,8,0.001
796,Jangmo-o,0.00000,32,0.002,22,0.001
797,Budew,0.00000,16,0.001,14,0.001
798,Stunky,0.00000,10,0.000,8,0.001
799,Machop,0.00000,19,0.001,15,0.001
800,Spearow,0.00000,13,0.001,11,0.001
801,Glameow,0.00000,33,0.002,19,0.001
802,Voltorb,0.00000,19,0.001,15,0.001
803,Larvesta,0.00000,25,0.001,18,0.001
804,Helioptile,0.00000,10,0.000,8,0.001
805,Slakoth,0.00000,26,0.001,23,0.001
806,Luxio,0.00000,22,0.001,14,0.001
807,Wynaut,0.00000,64,0.003,48,0.003
808,Seedot,0.00000,22,0.001,17,0.001
809,Minccino,0.00000,18,0.001,14,0.001
810,Frillish,0.00000,27,0.001,22,0.001
811,Timburr,0.00000,6,0.000,4,0.000
812,Electrike,0.00000,34,0.002,28,0.002
813,Shinx,0.00000,34,0.002,25,0.002
814,Deino,0.00000,29,0.001,19,0.001
815,Wingull,0.00000,24,0.001,18,0.001
816,Spoink,0.00000,15,0.001,14,0.001
817,Phantump,0.00000,30,0.001,22,0.001
818,Gloom,0.00000,27,0.001,15,0.001
819,Happiny,0.00000,30,0.001,21,0.001
820,Flabebe,0.00000,7,0.000,6,0.000
821,Deerling,0.00000,36,0.002,22,0.001
822,Trubbish,0.00000,13,0.001,11,0.001
823,Pumpkaboo,0.00000,13,0.001,13,0.001
824,Shellder,0.00000,23,0.001,17,0.001
825,Combee,0.00000,28,0.001,20,0.001
826,Drilbur,0.00000,22,0.001,15,0.001
827,Hoppip,0.00000,24,0.001,18,0.001
828,Pansear,0.00000,23,0.001,17,0.001
829,Sandile,0.00000,22,0.001,19,0.001
830,Silcoon,0.00000,31,0.001,26,0.002
831,Whismur,0.00000,13,0.001,6,0.000
832,Binacle,0.00000,8,0.000,6,0.000
833,Lillipup,0.00000,17,0.001,16,0.001
834,Makuhita,0.00000,8,0.000,4,0.000
835,Slowpoke,0.00000,25,0.001,17,0.001
836,Spewpa,0.00000,12,0.001,11,0.001
837,Cascoon,0.00000,17,0.001,15,0.001
838,Cacnea,0.00000,9,0.000,7,0.000
839,Golett,0.00000,8,0.000,7,0.000
840,Panpour,0.00000,18,0.001,13,0.001
841,Finneon,0.00000,10,0.000,7,0.000
842,Pansage,0.00000,13,0.001,8,0.001
843,Spheal,0.00000,11,0.001,6,0.000
844,Patrat,0.00000,6,0.000,6,0.000
845,Elgyem,0.00000,7,0.000,6,0.000
846,NidoranF,0.00000,7,0.000,6,0.000
847,Venonat,0.00000,16,0.001,12,0.001
848,Nincada,0.00000,10,0.000,8,0.001
849,Klink,0.00000,7,0.000,7,0.000
850,Houndour,0.00000,16,0.001,11,0.001
851,Gulpin,0.00000,17,0.001,8,0.001
852,Barboach,0.00000,9,0.000,6,0.000
853,Clauncher,0.00000,7,0.000,6,0.000
854,Pumpkaboo-Small,0.00000,1,0.000,1,0.000
