 Total battles: 5914
 Avg. weight/team: 0.186
Rank,Pokemon,Usage percentage,Raw,Raw percentage,Real,Real percentage
1,Magearna,29.89755,1502,12.699,1147,13.496
2,Chansey,23.81737,1442,12.191,1055,12.414
3,Victini,17.70354,997,8.429,793,9.331
4,Golisopod,17.64929,1285,10.864,936,11.013
5,Chesnaught,17.02131,985,8.328,687,8.084
6,Tapu Fini,16.51254,768,6.493,606,7.131
7,Skarmory,15.92535,1420,12.005,1133,13.332
8,Alakazam-Mega,15.09145,1501,12.690,947,11.143
9,Hoopa-Unbound,14.57257,1256,10.619,822,9.672
10,Celesteela,13.95986,1000,8.455,739,8.695
11,Heatran,13.01957,1113,9.410,825,9.707
12,Zygarde,12.61735,861,7.279,611,7.189
13,Tapu Koko,10.91447,1078,9.114,843,9.919
14,Kartana,10.36844,1187,10.036,804,9.460
15,Weavile,9.89127,1429,12.082,1112,13.084
16,Zapdos,9.88831,703,5.944,540,6.354
17,Terrakion,9.81352,483,4.084,349,4.107
18,Gengar,9.78098,1283,10.847,917,10.790
19,Mew,9.34544,826,6.983,654,7.695
20,Volcarona,9.15213,1498,12.665,1003,11.802
21,Minior,9.07983,485,4.100,355,4.177
22,Entei,9.05269,799,6.755,577,6.789
23,Xurkitree,8.87841,1274,10.771,926,10.896
24,Suicune,8.43406,871,7.364,631,7.425
25,Noivern,8.39627,974,8.235,680,8.001
26,Manaphy,7.65667,663,5.605,479,5.636
27,Muk-Alola,7.64427,642,5.428,450,5.295
28,Ferrothorn,7.04403,949,8.023,766,9.013
29,Landorus-Therian,6.96989,630,5.326,502,5.907
30,Garchomp,6.87987,738,6.239,530,6.236
31,Hippowdon,6.03198,244,2.063,183,2.153
32,Latios,6.00359,503,4.253,335,3.942
33,Buzzwole,5.79505,480,4.058,348,4.095
34,Excadrill,5.50614,369,3.120,278,3.271
35,Blissey,5.35487,429,3.627,295,3.471
36,Keldeo,5.26712,331,2.798,248,2.918
37,Salamence,5.07454,330,2.790,238,2.800
38,Metagross-Mega,4.73363,515,4.354,378,4.448
39,Dugtrio,4.58291,266,2.249,191,2.247
40,Genesect,4.51815,683,5.774,488,5.742
41,Hydreigon,4.33853,211,1.784,158,1.859
42,Toxapex,4.28141,674,5.698,526,6.189
43,Arcanine,4.27134,352,2.976,267,3.142
44,Dhelmise,3.60950,209,1.767,169,1.989
45,Snorlax,3.49189,673,5.690,473,5.566
46,Marowak-Alola,3.29973,466,3.940,335,3.942
47,Gyarados,3.16862,519,4.388,362,4.259
48,Thundurus,3.16472,277,2.342,192,2.259
49,Nihilego,3.08153,375,3.170,263,3.095
50,Lucario,3.01632,675,5.707,455,5.354
51,Darmanitan,2.94518,338,2.858,247,2.906
52,Pikachu,2.93449,314,2.655,202,2.377
53,Mandibuzz,2.80725,183,1.547,129,1.518
54,Drampa,2.76323,286,2.418,209,2.459
55,Doublade,2.74392,289,2.443,209,2.459
56,Charizard-Mega-X,2.73862,471,3.982,325,3.824
57,Shuckle,2.72905,470,3.974,388,4.565
58,Conkeldurr,2.70256,192,1.623,150,1.765
59,Kommo-o,2.60861,336,2.841,227,2.671
60,Tapu Bulu,2.51311,234,1.978,156,1.836
61,Krookodile,2.49922,138,1.167,105,1.235
62,Rotom-Wash,2.46134,320,2.705,250,2.942
63,Tapu Lele,2.43678,271,2.291,180,2.118
64,Tyranitar,2.37159,338,2.858,245,2.883
65,Meloetta,2.20816,133,1.124,90,1.059
66,Umbreon,2.18440,361,3.052,248,2.918
67,Celebi,2.10175,167,1.412,109,1.283
68,Alakazam,2.08644,186,1.573,125,1.471
69,Mamoswine,2.07041,312,2.638,246,2.895
70,Talonflame,2.05294,257,2.173,184,2.165
71,Slowbro-Mega,1.95700,117,0.989,68,0.800
72,Gyarados-Mega,1.91681,236,1.995,160,1.883
73,Crobat,1.71143,185,1.564,145,1.706
74,Flygon,1.69714,109,0.922,73,0.859
75,Sableye-Mega,1.64932,79,0.668,68,0.800
76,Scizor-Mega,1.60492,190,1.606,149,1.753
77,Latias,1.59696,213,1.801,143,1.683
78,Scizor,1.57031,372,3.145,274,3.224
79,Porygon-Z,1.54622,530,4.481,387,4.554
80,Jirachi,1.53571,185,1.564,128,1.506
81,Chandelure,1.51396,362,3.061,239,2.812
82,Registeel,1.47512,210,1.775,176,2.071
83,Mantine,1.47331,217,1.835,162,1.906
84,Rhyperior,1.46622,127,1.074,106,1.247
85,Raikou,1.42092,193,1.632,139,1.636
86,Smeargle,1.40819,239,2.021,223,2.624
87,Tentacruel,1.33106,130,1.099,84,0.988
88,Staraptor,1.31496,275,2.325,186,2.189
89,Cresselia,1.29770,212,1.792,133,1.565
90,Necrozma,1.22715,127,1.074,82,0.965
91,Kyurem,1.18190,171,1.446,119,1.400
92,Volcanion,1.14613,146,1.234,107,1.259
93,Froslass,1.14608,111,0.938,96,1.130
94,Breloom,1.13385,269,2.274,196,2.306
95,Tsareena,1.10873,307,2.596,209,2.459
96,Guzzlord,1.08671,151,1.277,109,1.283
97,Lycanroc,1.06177,197,1.666,178,2.094
98,Zygarde-10,1.06073,147,1.243,91,1.071
99,Moltres,1.05484,97,0.820,75,0.882
100,Azelf,1.01003,172,1.454,153,1.800
101,Aerodactyl,1.00877,264,2.232,208,2.447
102,Haxorus,0.98579,208,1.759,144,1.694
103,Magnezone,0.97349,350,2.959,265,3.118
104,Greninja,0.94294,265,2.240,201,2.365
105,Sigilyph,0.93549,91,0.769,51,0.600
106,Vikavolt,0.92865,113,0.955,83,0.977
107,Thundurus-Therian,0.89641,177,1.496,128,1.506
108,Escavalier,0.88085,106,0.896,78,0.918
109,Porygon2,0.86107,213,1.801,149,1.753
110,Gardevoir,0.86038,198,1.674,126,1.483
111,Forretress,0.85436,184,1.556,172,2.024
112,Jolteon,0.82987,270,2.283,203,2.389
113,Garchomp-Mega,0.82655,160,1.353,113,1.330
114,Swampert,0.82569,351,2.968,288,3.389
115,Infernape,0.81559,236,1.995,191,2.247
116,Milotic,0.79562,136,1.150,99,1.165
117,Incineroar,0.77228,251,2.122,200,2.353
118,Galvantula,0.76483,108,0.913,100,1.177
119,Scolipede,0.72611,116,0.981,106,1.247
120,Camerupt,0.72247,102,0.862,79,0.930
121,Diancie,0.70815,129,1.091,98,1.153
122,Type: Null,0.70000,45,0.380,37,0.435
123,Nidoking,0.69045,105,0.888,78,0.918
124,Venusaur-Mega,0.63387,155,1.310,104,1.224
125,Bisharp,0.62553,333,2.815,233,2.742
126,Starmie,0.61501,169,1.429,118,1.388
127,Slowbro,0.61428,232,1.961,127,1.494
128,Landorus,0.61324,35,0.296,26,0.306
129,Rhydon,0.60509,80,0.676,63,0.741
130,Tornadus,0.59330,105,0.888,94,1.106
131,Metagross,0.58022,149,1.260,113,1.330
132,Gliscor,0.57088,77,0.651,57,0.671
133,Ninjask,0.55045,135,1.141,101,1.188
134,Omastar,0.54986,49,0.414,30,0.353
135,Typhlosion,0.53050,135,1.141,90,1.059
136,Regice,0.52258,141,1.192,89,1.047
137,Shiinotic,0.51088,94,0.795,63,0.741
138,Gastrodon,0.49962,102,0.862,77,0.906
139,Pangoro,0.48429,100,0.845,70,0.824
140,Snivy,0.48327,151,1.277,119,1.400
141,Empoleon,0.47085,160,1.353,120,1.412
142,Reuniclus,0.46489,45,0.380,30,0.353
143,Mimikyu,0.45914,127,1.074,96,1.130
144,Cofagrigus,0.45636,161,1.361,129,1.518
145,Charizard,0.43805,119,1.006,87,1.024
146,Goodra,0.43137,134,1.133,91,1.071
147,Shaymin,0.41786,44,0.372,32,0.377
148,Primarina,0.39366,108,0.913,79,0.930
149,Braviary,0.38960,111,0.938,80,0.941
150,Rampardos,0.38369,96,0.812,72,0.847
151,Venusaur,0.37218,58,0.490,38,0.447
152,Alomomola,0.37107,21,0.178,18,0.212
153,Avalugg,0.35372,48,0.406,33,0.388
154,Marowak,0.35220,225,1.902,168,1.977
155,Togedemaru,0.34263,69,0.583,56,0.659
156,Silvally,0.33385,78,0.659,66,0.777
157,Regirock,0.33322,132,1.116,106,1.247
158,Salazzle,0.32785,119,1.006,81,0.953
159,Claydol,0.31832,53,0.448,36,0.424
160,Glaceon,0.31798,83,0.702,63,0.741
161,Honchkrow,0.31782,42,0.355,29,0.341
162,Cloyster,0.31190,94,0.795,69,0.812
163,Blastoise,0.30528,78,0.659,56,0.659
164,Drifblim,0.30107,112,0.947,84,0.988
165,Uxie,0.29033,53,0.448,42,0.494
166,Carracosta,0.27529,14,0.118,8,0.094
167,Klinklang,0.27486,41,0.347,28,0.329
168,Drapion,0.27262,95,0.803,64,0.753
169,Cryogonal,0.26954,37,0.313,31,0.365
170,Florges,0.25948,187,1.581,117,1.377
171,Cacturne,0.25601,144,1.217,74,0.871
172,Charizard-Mega-Y,0.25489,330,2.790,255,3.000
173,Raichu,0.24836,113,0.955,79,0.930
174,Ditto,0.24471,79,0.668,69,0.812
175,Jellicent,0.23814,35,0.296,26,0.306
176,Linoone,0.23538,55,0.465,39,0.459
177,Trevenant,0.23191,62,0.524,42,0.494
178,Mismagius,0.22888,85,0.719,66,0.777
179,Jumpluff,0.22363,32,0.271,29,0.341
180,Emboar,0.22055,70,0.592,42,0.494
181,Wobbuffet,0.21750,29,0.245,24,0.282
182,Greninja-Ash,0.20971,272,2.300,198,2.330
183,Jynx,0.20505,28,0.237,19,0.224
184,Sylveon,0.20146,86,0.727,54,0.635
185,Chatot,0.19644,47,0.397,33,0.388
186,Musharna,0.19406,21,0.178,14,0.165
187,Dugtrio-Alola,0.19070,48,0.406,36,0.424
188,Electivire,0.18911,150,1.268,115,1.353
189,Decidueye,0.18776,110,0.930,78,0.918
190,Raichu-Alola,0.18741,121,1.023,79,0.930
191,Ribombee,0.18709,85,0.719,60,0.706
192,Accelgor,0.18455,52,0.440,34,0.400
193,Luxray,0.18140,49,0.414,40,0.471
194,Tangrowth,0.17727,54,0.457,31,0.365
195,Pelipper,0.17227,28,0.237,18,0.212
196,Lickilicky,0.16667,73,0.617,44,0.518
197,Togekiss,0.16466,62,0.524,50,0.588
198,Unfezant,0.16297,8,0.068,6,0.071
199,Electrode,0.15846,45,0.380,32,0.377
200,Bouffalant,0.15671,17,0.144,9,0.106
201,Hariyama,0.15658,64,0.541,48,0.565
202,Toxicroak,0.15654,54,0.457,38,0.447
203,Floatzel,0.15490,28,0.237,17,0.200
204,Heliolisk,0.15007,79,0.668,60,0.706
205,Clefable,0.14988,119,1.006,87,1.024
206,Hawlucha,0.14950,86,0.727,57,0.671
207,Crabominable,0.14306,24,0.203,18,0.212
208,Heracross,0.14116,75,0.634,51,0.600
209,Tornadus-Therian,0.13386,79,0.668,57,0.671
210,Articuno,0.12688,106,0.896,82,0.965
211,Tyrantrum,0.12133,47,0.397,32,0.377
212,Dodrio,0.11997,101,0.854,81,0.953
213,Sceptile,0.11956,71,0.600,53,0.624
214,Donphan,0.11723,83,0.702,65,0.765
215,Roserade,0.11492,73,0.617,55,0.647
216,Torkoal,0.11319,34,0.287,28,0.329
217,Rotom-Frost,0.11287,27,0.228,19,0.224
218,Azumarill,0.10570,48,0.406,30,0.353
219,Rotom-Heat,0.10254,88,0.744,78,0.918
220,Magmortar,0.10153,49,0.414,30,0.353
221,Cradily,0.10035,39,0.330,29,0.341
222,Seismitoad,0.09886,66,0.558,51,0.600
223,Lapras,0.09749,52,0.440,36,0.424
224,Barbaracle,0.09689,121,1.023,90,1.059
225,Amoonguss,0.09121,105,0.888,80,0.941
226,Bulbasaur,0.09077,23,0.194,17,0.200
227,Ambipom,0.08743,64,0.541,53,0.624
228,Steelix,0.08391,34,0.287,25,0.294
229,Eelektross,0.08344,51,0.431,37,0.435
230,Mienshao,0.08016,90,0.761,57,0.671
231,Vaporeon,0.07944,63,0.533,37,0.435
232,Pinsir-Mega,0.07103,43,0.364,34,0.400
233,Stunfisk,0.06993,20,0.169,16,0.188
234,Kingdra,0.06909,151,1.277,110,1.294
235,Cobalion,0.06825,36,0.304,29,0.341
236,Crustle,0.06786,25,0.211,21,0.247
237,Oricorio-Sensu,0.06602,19,0.161,15,0.176
238,Throh,0.05977,61,0.516,47,0.553
239,Blastoise-Mega,0.05957,49,0.414,34,0.400
240,Purugly,0.05857,30,0.254,24,0.282
241,Espeon,0.05773,75,0.634,50,0.588
242,Toucannon,0.05699,44,0.372,34,0.400
243,Gligar,0.05589,19,0.161,17,0.200
244,Malamar,0.05541,11,0.093,8,0.094
245,Hoopa,0.05529,52,0.440,39,0.459
246,Rattata,0.05526,51,0.431,43,0.506
247,Dragalge,0.05356,14,0.118,11,0.129
248,Dusknoir,0.05277,27,0.228,24,0.282
249,Slurpuff,0.05167,18,0.152,14,0.165
250,Silvally-Ground,0.05132,3,0.025,3,0.035
251,Pidgeot,0.05044,27,0.228,21,0.247
252,Golem,0.04672,23,0.194,20,0.235
253,Absol-Mega,0.04427,19,0.161,14,0.165
254,Whimsicott,0.04315,35,0.296,23,0.271
255,Ninetales-Alola,0.04281,54,0.457,32,0.377
256,Scyther,0.04250,28,0.237,20,0.235
257,Torterra,0.04200,105,0.888,81,0.953
258,Magikarp,0.04092,3,0.025,2,0.024
259,Masquerain,0.04050,26,0.220,22,0.259
260,Rapidash,0.03906,26,0.220,20,0.235
261,Rotom-Fan,0.03836,43,0.364,35,0.412
262,Golem-Alola,0.03619,46,0.389,36,0.424
263,Exeggutor,0.03543,14,0.118,14,0.165
264,Swellow,0.03352,30,0.254,22,0.259
265,Golbat,0.03302,21,0.178,13,0.153
266,Exeggutor-Alola,0.03197,34,0.287,23,0.271
267,Mesprit,0.02982,21,0.178,14,0.165
268,Durant,0.02955,30,0.254,20,0.235
269,Parasect,0.02923,13,0.110,9,0.106
270,Wishiwashi,0.02885,17,0.144,14,0.165
271,Victreebel,0.02865,20,0.169,14,0.165
272,Eevee,0.02862,55,0.465,43,0.506
273,Bellossom,0.02810,29,0.245,24,0.282
274,Dusclops,0.02729,71,0.600,57,0.671
275,Delphox,0.02722,65,0.550,38,0.447
276,Kangaskhan,0.02689,20,0.169,18,0.212
277,Happiny,0.02688,21,0.178,18,0.212
278,Spiritomb,0.02638,30,0.254,19,0.224
279,Zoroark,0.02449,57,0.482,41,0.482
280,Ferroseed,0.02388,23,0.194,16,0.188
281,Walrein,0.02321,52,0.440,29,0.341
282,Mr. Mime,0.02313,15,0.127,11,0.129
283,Togetic,0.02238,41,0.347,29,0.341
284,Seedot,0.02083,1,0.008,1,0.012
285,Poochyena,0.02083,1,0.008,1,0.012
286,Zigzagoon,0.02083,1,0.008,1,0.012
287,Gallade,0.02081,60,0.507,41,0.482
288,Magneton,0.02079,30,0.254,23,0.271
289,Dewgong,0.02076,9,0.076,7,0.082
290,Pinsir,0.02049,66,0.558,43,0.506
291,Lilligant,0.01988,22,0.186,18,0.212
292,Hitmonlee,0.01972,35,0.296,27,0.318
293,Kingler,0.01959,32,0.271,27,0.318
294,Ampharos,0.01790,81,0.685,67,0.788
295,Maractus,0.01753,26,0.220,23,0.271
296,Rotom-Mow,0.01744,23,0.194,17,0.200
297,Ursaring,0.01727,15,0.127,10,0.118
298,Klefki,0.01725,2,0.017,2,0.024
299,Turtonator,0.01717,47,0.397,35,0.412
300,Wormadam-Trash,0.01701,22,0.186,19,0.224
301,Bronzong,0.01630,18,0.152,17,0.200
302,Virizion,0.01601,8,0.068,6,0.071
303,Sableye,0.01537,14,0.118,10,0.118
304,Nosepass,0.01420,10,0.085,8,0.094
305,Hypno,0.01417,49,0.414,30,0.353
306,Crawdaunt,0.01331,11,0.093,7,0.082
307,Xatu,0.01305,16,0.135,11,0.129
308,Quagsire,0.01269,35,0.296,21,0.247
309,Vivillon,0.01191,11,0.093,7,0.082
310,Ariados,0.01150,47,0.397,44,0.518
311,Passimian,0.01148,23,0.194,15,0.176
312,Arbok,0.01131,13,0.110,11,0.129
313,Lurantis,0.01116,23,0.194,18,0.212
314,Probopass,0.01106,27,0.228,25,0.294
315,Leavanny,0.01102,38,0.321,27,0.318
316,Diggersby,0.01047,21,0.178,14,0.165
317,Mudsdale,0.01032,12,0.101,10,0.118
318,Cacnea,0.01028,13,0.110,11,0.129
319,Hitmontop,0.01020,9,0.076,3,0.035
320,Primeape,0.00996,21,0.178,15,0.176
321,Wailord,0.00984,20,0.169,12,0.141
322,Solrock,0.00931,7,0.059,7,0.082
323,Palossand,0.00903,36,0.304,26,0.306
324,Aggron,0.00880,21,0.178,15,0.176
325,Flareon,0.00878,31,0.262,26,0.306
326,Leafeon,0.00873,22,0.186,17,0.200
327,Gogoat,0.00869,6,0.051,6,0.071
328,Gorebyss,0.00868,21,0.178,15,0.176
329,Carbink,0.00865,8,0.068,7,0.082
330,Zebstrika,0.00843,11,0.093,10,0.118
331,Meowth-Alola,0.00837,22,0.186,11,0.129
332,Glalie-Mega,0.00797,7,0.059,7,0.082
333,Lopunny,0.00797,33,0.279,28,0.329
334,Clawitzer,0.00795,16,0.135,12,0.141
335,Pyukumuku,0.00786,33,0.279,26,0.306
336,Sandslash-Alola,0.00744,24,0.203,20,0.235
337,Aerodactyl-Mega,0.00696,39,0.330,31,0.365
338,Cinccino,0.00658,15,0.127,12,0.141
339,Pansage,0.00643,1,0.008,0,0.000
340,Huntail,0.00641,5,0.042,4,0.047
341,Whiscash,0.00633,10,0.085,7,0.082
342,Stoutland,0.00599,12,0.101,10,0.118
343,Araquanid,0.00589,8,0.068,6,0.071
344,Silvally-Ghost,0.00575,3,0.025,3,0.035
345,Pyroar,0.00520,12,0.101,7,0.082
346,Nidoqueen,0.00505,26,0.220,22,0.259
347,Machamp,0.00491,19,0.161,16,0.188
348,Gourgeist,0.00446,26,0.220,13,0.153
349,Audino,0.00446,45,0.380,33,0.388
350,Wormadam-Sandy,0.00446,52,0.440,38,0.447
351,Swablu,0.00446,36,0.304,21,0.247
352,Bastiodon,0.00420,15,0.127,13,0.153
353,Yanmega,0.00419,13,0.110,10,0.118
354,Serperior,0.00405,69,0.583,50,0.588
355,Garbodor,0.00382,17,0.144,15,0.176
356,Zangoose,0.00347,20,0.169,16,0.188
357,Golduck,0.00346,45,0.380,26,0.306
358,Bewear,0.00331,30,0.254,21,0.247
359,Doduo,0.00292,2,0.017,1,0.012
360,Treecko,0.00292,2,0.017,1,0.012
361,Corsola,0.00286,11,0.093,6,0.071
362,Silvally-Electric,0.00265,4,0.034,4,0.047
363,Sharpedo,0.00264,13,0.110,9,0.106
364,Exploud,0.00262,35,0.296,22,0.259
365,Feraligatr,0.00256,200,1.691,143,1.683
366,Persian-Alola,0.00254,14,0.118,13,0.153
367,Houndoom,0.00235,24,0.203,20,0.235
368,Vanilluxe,0.00232,14,0.118,12,0.141
369,Metang,0.00218,9,0.076,8,0.094
370,Girafarig,0.00214,1,0.008,1,0.012
371,Comfey,0.00212,9,0.076,7,0.082
372,Slowking,0.00199,24,0.203,16,0.188
373,Igglybuff,0.00199,11,0.093,6,0.071
374,Farfetch'd,0.00166,14,0.118,7,0.082
375,Ludicolo,0.00159,11,0.093,9,0.106
376,Vigoroth,0.00153,11,0.093,6,0.071
377,Lanturn,0.00146,19,0.161,13,0.153
378,Ninetales,0.00143,28,0.237,22,0.259
379,Silvally-Dragon,0.00136,6,0.051,4,0.047
380,Sandslash,0.00133,8,0.068,7,0.082
381,Lycanroc-Midnight,0.00128,10,0.085,6,0.071
382,Pignite,0.00122,5,0.042,3,0.035
383,Beartic,0.00122,4,0.034,1,0.012
384,Vespiquen,0.00120,14,0.118,9,0.106
385,Scrafty,0.00119,22,0.186,17,0.200
386,Manectric,0.00119,35,0.296,21,0.247
387,Samurott,0.00118,37,0.313,29,0.341
388,Meowstic,0.00115,7,0.059,3,0.035
389,Gigalith,0.00115,24,0.203,19,0.224
390,Mightyena,0.00099,7,0.059,6,0.071
391,Mawile,0.00099,18,0.152,16,0.188
392,Swanna,0.00098,15,0.127,5,0.059
393,Muk,0.00097,5,0.042,2,0.024
394,Gothitelle,0.00097,6,0.051,6,0.071
395,Kabutops,0.00090,23,0.194,19,0.224
396,Poliwrath,0.00090,20,0.169,13,0.153
397,Armaldo,0.00088,34,0.287,22,0.259
398,Relicanth,0.00078,3,0.025,3,0.035
399,Noctowl,0.00074,16,0.135,12,0.141
400,Shiftry,0.00068,115,0.972,45,0.529
401,Wartortle,0.00068,6,0.051,5,0.059
402,Meganium,0.00059,19,0.161,13,0.153
403,Aipom,0.00056,22,0.186,20,0.235
404,Buneary,0.00053,5,0.042,3,0.035
405,Abomasnow,0.00047,16,0.135,15,0.176
406,Tropius,0.00046,10,0.085,8,0.094
407,Seviper,0.00034,2,0.017,2,0.024
408,Hitmonchan,0.00030,10,0.085,6,0.071
409,Swoobat,0.00029,2,0.017,1,0.012
410,Druddigon,0.00024,20,0.169,15,0.176
411,Tangela,0.00023,8,0.068,6,0.071
412,Gourgeist-Super,0.00020,23,0.194,13,0.153
413,Bruxish,0.00018,16,0.135,11,0.129
414,Sawsbuck,0.00017,10,0.085,6,0.071
415,Golurk,0.00015,12,0.101,9,0.106
416,Ralts,0.00013,3,0.025,3,0.035
417,Watchog,0.00012,5,0.042,5,0.059
418,Aurorus,0.00011,5,0.042,4,0.047
419,Altaria,0.00010,13,0.110,6,0.071
420,Liepard,0.00010,16,0.135,13,0.153
421,Raticate,0.00010,10,0.085,7,0.082
422,Starly,0.00010,8,0.068,0,0.000
423,Staravia,0.00010,6,0.051,0,0.000
424,Haunter,0.00009,14,0.118,12,0.141
425,Absol,0.00009,15,0.127,15,0.176
426,Combusken,0.00006,5,0.042,3,0.035
427,Vulpix-Alola,0.00006,9,0.076,8,0.094
428,Magcargo,0.00006,14,0.118,8,0.094
429,Raticate-Alola,0.00006,2,0.017,2,0.024
430,Dragonair,0.00006,9,0.076,3,0.035
431,Butterfree,0.00005,5,0.042,4,0.047
432,Dustox,0.00005,3,0.025,3,0.035
433,Venomoth,0.00005,10,0.085,6,0.071
434,Miltank,0.00005,11,0.093,8,0.094
435,Dartrix,0.00005,3,0.025,3,0.035
436,Clamperl,0.00004,8,0.068,8,0.094
437,Piloswine,0.00004,20,0.169,17,0.200
438,Roselia,0.00004,4,0.034,3,0.035
439,Magnemite,0.00003,1,0.008,1,0.012
440,Sudowoodo,0.00003,4,0.034,3,0.035
441,Emolga,0.00002,12,0.101,9,0.106
442,Sunkern,0.00002,5,0.042,4,0.047
443,Hakamo-o,0.00001,14,0.118,8,0.094
444,Sharpedo-Mega,0.00001,8,0.068,7,0.082
445,Simisear,0.00000,8,0.068,4,0.047
446,Beheeyem,0.00000,9,0.076,7,0.082
447,Kadabra,0.00000,1,0.008,1,0.012
448,Gloom,0.00000,1,0.008,1,0.012
449,Geodude,0.00000,3,0.025,2,0.024
450,Onix,0.00000,1,0.008,1,0.012
451,Misdreavus,0.00000,4,0.034,4,0.047
452,Solosis,0.00000,4,0.034,3,0.035
453,Magmar,0.00000,12,0.101,9,0.106
454,Unown,0.00000,2,0.017,2,0.024
455,Gabite,0.00000,5,0.042,2,0.024
456,Croconaw,0.00000,4,0.034,4,0.047
457,Granbull,0.00000,8,0.068,5,0.059
458,Herdier,0.00000,3,0.025,1,0.012
459,Oranguru,0.00000,12,0.101,7,0.082
460,Krokorok,0.00000,2,0.017,2,0.024
461,Shelgon,0.00000,43,0.364,33,0.388
462,Sawk,0.00000,4,0.034,3,0.035
463,Octillery,0.00000,2,0.017,1,0.012
464,Politoed,0.00000,3,0.025,1,0.012
465,Minun,0.00000,1,0.008,1,0.012
466,Chimecho,0.00000,9,0.076,5,0.059
467,Tauros,0.00000,5,0.042,4,0.047
468,Floette,0.00000,1,0.008,1,0.012
469,Kecleon,0.00000,4,0.034,4,0.047
470,Medicham,0.00000,11,0.093,7,0.082
471,Wigglytuff,0.00000,7,0.059,6,0.071
472,Qwilfish,0.00000,5,0.042,5,0.059
473,Omanyte,0.00000,2,0.017,2,0.024
474,Lumineon,0.00000,2,0.017,2,0.024
475,Charjabug,0.00000,9,0.076,9,0.106
476,Ponyta,0.00000,1,0.008,0,0.000
477,Finneon,0.00000,1,0.008,1,0.012
478,Murkrow,0.00000,1,0.008,1,0.012
479,Fearow,0.00000,7,0.059,4,0.047
480,Electabuzz,0.00000,4,0.034,4,0.047
481,Ledian,0.00000,4,0.034,3,0.035
482,Sunflora,0.00000,7,0.059,4,0.047
483,Delibird,0.00000,1,0.008,1,0.012
484,Bibarel,0.00000,12,0.101,6,0.071
485,Jigglypuff,0.00000,12,0.101,9,0.106
486,Lickitung,0.00000,5,0.042,4,0.047
487,Boldore,0.00000,3,0.025,3,0.035
488,Lombre,0.00000,1,0.008,1,0.012
489,Gothorita,0.00000,2,0.017,2,0.024
490,Pansear,0.00000,1,0.008,1,0.012
491,Persian,0.00000,3,0.025,3,0.035
492,Klang,0.00000,1,0.008,1,0.012
493,Totodile,0.00000,1,0.008,1,0.012
494,Zweilous,0.00000,1,0.008,1,0.012
495,Poliwhirl,0.00000,1,0.008,1,0.012
496,Espurr,0.00000,1,0.008,1,0.012
497,Simipour,0.00000,13,0.110,3,0.035
498,Diglett-Alola,0.00000,1,0.008,1,0.012
499,Litten,0.00000,1,0.008,1,0.012
500,Sandygast,0.00000,2,0.017,2,0.024
501,Numel,0.00000,3,0.025,3,0.035
502,Jangmo-o,0.00000,1,0.008,1,0.012
503,Phanpy,0.00000,1,0.008,1,0.012
504,Glalie,0.00000,2,0.017,2,0.024
505,Weezing,0.00000,3,0.025,3,0.035
506,Aron,0.00000,1,0.008,1,0.012
507,Mudkip,0.00000,2,0.017,1,0.012
508,Bayleef,0.00000,3,0.025,3,0.035
509,Silvally-Steel,0.00000,1,0.008,0,0.000
510,Surskit,0.00000,1,0.008,1,0.012
511,Basculin,0.00000,1,0.008,1,0.012
512,Dedenne,0.00000,4,0.034,4,0.047
513,Silvally-Fairy,0.00000,3,0.025,2,0.024
514,Phantump,0.00000,2,0.017,2,0.024
515,Spinda,0.00000,5,0.042,3,0.035
516,Spheal,0.00000,2,0.017,2,0.024
517,Oricorio-Pa'u,0.00000,1,0.008,1,0.012
518,Quilava,0.00000,2,0.017,2,0.024
519,Chingling,0.00000,1,0.008,0,0.000
520,Vileplume,0.00000,2,0.017,1,0.012
521,Pichu,0.00000,1,0.008,1,0.012
522,Magby,0.00000,1,0.008,1,0.012
523,Furret,0.00000,2,0.017,2,0.024
524,Illumise,0.00000,2,0.017,2,0.024
525,Brionne,0.00000,1,0.008,0,0.000
526,Seaking,0.00000,4,0.034,3,0.035
527,Cyndaquil,0.00000,1,0.008,1,0.012
528,Dunsparce,0.00000,1,0.008,1,0.012
529,Grimer-Alola,0.00000,1,0.008,1,0.012
530,Riolu,0.00000,2,0.017,2,0.024
531,Braixen,0.00000,4,0.034,2,0.024
532,Simisage,0.00000,2,0.017,0,0.000
533,Beedrill,0.00000,5,0.042,4,0.047
534,Heatmor,0.00000,2,0.017,2,0.024
535,Komala,0.00000,1,0.008,1,0.012
536,Pineco,0.00000,1,0.008,1,0.012
537,Corphish,0.00000,2,0.017,2,0.024
538,Banette,0.00000,2,0.017,2,0.024
539,Noibat,0.00000,1,0.008,1,0.012
540,Stufful,0.00000,2,0.017,2,0.024
541,Chimchar,0.00000,1,0.008,1,0.012
542,Flaaffy,0.00000,3,0.025,0,0.000
543,Rattata-Alola,0.00000,4,0.034,4,0.047
544,Gastly,0.00000,2,0.017,2,0.024
545,Tranquill,0.00000,1,0.008,1,0.012
546,Dwebble,0.00000,1,0.008,1,0.012
547,Grumpig,0.00000,1,0.008,1,0.012
548,Stantler,0.00000,3,0.025,1,0.012
549,Petilil,0.00000,1,0.008,1,0.012
550,Clefairy,0.00000,3,0.025,3,0.035
551,Oddish,0.00000,4,0.034,2,0.024
552,Delcatty,0.00000,3,0.025,3,0.035
553,Buizel,0.00000,1,0.008,0,0.000
554,Tyrunt,0.00000,1,0.008,1,0.012
555,Silvally-Fire,0.00000,2,0.017,1,0.012
556,Beautifly,0.00000,1,0.008,1,0.012
557,Swalot,0.00000,104,0.879,56,0.659
558,Yanma,0.00000,1,0.008,1,0.012
559,Castform,0.00000,7,0.059,4,0.047
560,Pachirisu,0.00000,2,0.017,2,0.024
561,Lunatone,0.00000,1,0.008,1,0.012
562,Krabby,0.00000,1,0.008,1,0.012
563,Carnivine,0.00000,1,0.008,1,0.012
564,Nuzleaf,0.00000,1,0.008,0,0.000
565,Weedle,0.00000,2,0.017,2,0.024
566,Kricketune,0.00000,1,0.008,0,0.000
567,Nidorina,0.00000,1,0.008,1,0.012
568,Gumshoos,0.00000,2,0.017,1,0.012
569,Cubone,0.00000,1,0.008,1,0.012
570,Sneasel,0.00000,3,0.025,3,0.035
