 Total battles: 110027
 Avg. weight/team: 1.082
Rank,Pokemon,Usage percentage,Raw,Raw percentage,Real,Real percentage
1,Walrein,0.80235,1911,0.802,407,1.110
2,Koffing,0.80193,1910,0.802,168,0.458
3,Blissey,0.80067,1907,0.801,259,0.706
4,Silvally,0.79983,1905,0.800,534,1.456
5,Togekiss,0.79563,1895,0.796,381,1.039
6,Mime Jr.,0.79353,1890,0.794,113,0.308
7,Groudon,0.79311,1889,0.793,794,2.165
8,Electivire,0.79185,1886,0.792,525,1.431
9,Shedinja,0.79185,1886,0.792,561,1.530
10,Banette,0.79017,1882,0.790,294,0.802
11,Luxray,0.79017,1882,0.790,361,0.984
12,Snubbull,0.78723,1875,0.787,184,0.502
13,Zweilous,0.78681,1874,0.787,295,0.804
14,Drifblim,0.78597,1872,0.786,212,0.578
15,Flygon,0.78597,1872,0.786,544,1.483
16,Seismitoad,0.78597,1872,0.786,485,1.322
17,Gothitelle,0.78555,1871,0.786,189,0.515
18,Delibird,0.78555,1871,0.786,191,0.521
19,Cubchoo,0.78513,1870,0.785,167,0.455
20,Weezing,0.78471,1869,0.785,282,0.769
21,Zorua,0.78429,1868,0.784,146,0.398
22,Sentret,0.78387,1867,0.784,109,0.297
23,Taillow,0.78345,1866,0.783,108,0.294
24,Pidgeotto,0.78303,1865,0.783,116,0.316
25,Togedemaru,0.78303,1865,0.783,282,0.769
26,Meowstic,0.78261,1864,0.783,219,0.597
27,Wailmer,0.78219,1863,0.782,165,0.450
28,Riolu,0.78219,1863,0.782,244,0.665
29,Claydol,0.78135,1861,0.781,260,0.709
30,Bulbasaur,0.78094,1860,0.781,142,0.387
31,Azumarill,0.78094,1860,0.781,327,0.892
32,Vibrava,0.78094,1860,0.781,231,0.630
33,Vikavolt,0.78010,1858,0.780,524,1.429
34,Genesect,0.77968,1857,0.780,719,1.960
35,Spinarak,0.77968,1857,0.780,97,0.264
36,Slugma,0.77926,1856,0.779,137,0.374
37,Sunflora,0.77884,1855,0.779,165,0.450
38,Kricketot,0.77842,1854,0.778,66,0.180
39,Slowpoke,0.77842,1854,0.778,139,0.379
40,Jumpluff,0.77842,1854,0.778,178,0.485
41,Archeops,0.77800,1853,0.778,418,1.140
42,Virizion,0.77758,1852,0.778,396,1.080
43,Reuniclus,0.77758,1852,0.778,283,0.772
44,Typhlosion,0.77716,1851,0.777,469,1.279
45,Shinx,0.77716,1851,0.777,125,0.341
46,Butterfree,0.77674,1850,0.777,194,0.529
47,Cresselia,0.77674,1850,0.777,357,0.973
48,Goodra,0.77674,1850,0.777,618,1.685
49,Budew,0.77674,1850,0.777,94,0.256
50,Chimecho,0.77674,1850,0.777,137,0.374
51,Carnivine,0.77674,1850,0.777,224,0.611
52,Metapod,0.77632,1849,0.776,80,0.218
53,Shelmet,0.77632,1849,0.776,75,0.204
54,Drampa,0.77590,1848,0.776,572,1.560
55,Swalot,0.77590,1848,0.776,248,0.676
56,Mudsdale,0.77548,1847,0.775,436,1.189
57,Bidoof,0.77548,1847,0.775,168,0.458
58,Pumpkaboo,0.77506,1846,0.775,185,0.504
59,Yamask,0.77506,1846,0.775,116,0.316
60,Litwick,0.77506,1846,0.775,150,0.409
61,Dragonite,0.77464,1845,0.775,692,1.887
62,Bastiodon,0.77464,1845,0.775,310,0.845
63,Numel,0.77464,1845,0.775,168,0.458
64,Gastly,0.77422,1844,0.774,194,0.529
65,Golisopod,0.77380,1843,0.774,553,1.508
66,Scolipede,0.77380,1843,0.774,387,1.055
67,Trapinch,0.77338,1842,0.773,178,0.485
68,Lunatone,0.77338,1842,0.773,219,0.597
69,Crabrawler,0.77296,1841,0.773,258,0.703
70,Surskit,0.77254,1840,0.773,88,0.240
71,Haunter,0.77254,1840,0.773,303,0.826
72,Cobalion,0.77254,1840,0.773,409,1.115
73,Seedot,0.77254,1840,0.773,85,0.232
74,Alomomola,0.77212,1839,0.772,175,0.477
75,Swadloon,0.77212,1839,0.772,106,0.289
76,Mantyke,0.77170,1838,0.772,138,0.376
77,Starmie,0.77170,1838,0.772,345,0.941
78,Omanyte,0.77170,1838,0.772,163,0.444
79,Horsea,0.77170,1838,0.772,152,0.414
80,Musharna,0.77170,1838,0.772,203,0.554
81,Komala,0.77170,1838,0.772,335,0.913
82,Growlithe,0.77128,1837,0.771,222,0.605
83,Celebi,0.77086,1836,0.771,299,0.815
84,Toxapex,0.77086,1836,0.771,464,1.265
85,Turtwig,0.77086,1836,0.771,114,0.311
86,Reshiram,0.77086,1836,0.771,796,2.170
87,Froakie,0.77086,1836,0.771,169,0.461
88,Emolga,0.77044,1835,0.770,245,0.668
89,Oricorio,0.77044,1835,0.770,228,0.622
90,Slakoth,0.77002,1834,0.770,91,0.248
91,Mankey,0.76960,1833,0.770,214,0.583
92,Bergmite,0.76960,1833,0.770,140,0.382
93,Slaking,0.76960,1833,0.770,365,0.995
94,Flaaffy,0.76960,1833,0.770,167,0.455
95,Buneary,0.76918,1832,0.769,99,0.270
96,Smeargle,0.76918,1832,0.769,285,0.777
97,Houndour,0.76876,1831,0.769,176,0.480
98,Chandelure,0.76876,1831,0.769,422,1.151
99,Noctowl,0.76876,1831,0.769,191,0.521
100,Suicune,0.76876,1831,0.769,467,1.273
101,Xurkitree,0.76876,1831,0.769,598,1.631
102,Jellicent,0.76834,1830,0.768,396,1.080
103,Pyukumuku,0.76834,1830,0.768,117,0.319
104,Fletchinder,0.76792,1829,0.768,194,0.529
105,Crawdaunt,0.76792,1829,0.768,457,1.246
106,Salandit,0.76792,1829,0.768,237,0.646
107,Spheal,0.76792,1829,0.768,200,0.545
108,Magcargo,0.76792,1829,0.768,288,0.785
109,Larvitar,0.76792,1829,0.768,157,0.428
110,Nidoking,0.76792,1829,0.768,560,1.527
111,Roserade,0.76792,1829,0.768,278,0.758
112,Blastoise,0.76750,1828,0.767,505,1.377
113,Starly,0.76750,1828,0.767,106,0.289
114,Roselia,0.76750,1828,0.767,183,0.499
115,Machoke,0.76750,1828,0.767,369,1.006
116,Carbink,0.76708,1827,0.767,147,0.401
117,Zoroark,0.76708,1827,0.767,465,1.268
118,Qwilfish,0.76708,1827,0.767,230,0.627
119,Seaking,0.76708,1827,0.767,231,0.630
120,Rhydon,0.76666,1826,0.767,396,1.080
121,Nuzleaf,0.76666,1826,0.767,129,0.352
122,Swampert,0.76666,1826,0.767,560,1.527
123,Gliscor,0.76624,1825,0.766,443,1.208
124,Ralts,0.76624,1825,0.766,94,0.256
125,Spearow,0.76624,1825,0.766,83,0.226
126,Accelgor,0.76624,1825,0.766,280,0.763
127,Buizel,0.76624,1825,0.766,169,0.461
128,Mantine,0.76624,1825,0.766,312,0.851
129,Toucannon,0.76624,1825,0.766,434,1.183
130,Avalugg,0.76624,1825,0.766,329,0.897
131,Tyrantrum,0.76624,1825,0.766,567,1.546
132,Pheromosa,0.76582,1824,0.766,592,1.614
133,Camerupt,0.76582,1824,0.766,446,1.216
134,Dartrix,0.76540,1823,0.765,204,0.556
135,Clamperl,0.76540,1823,0.765,149,0.406
136,Clefable,0.76540,1823,0.765,364,0.992
137,Chimchar,0.76540,1823,0.765,196,0.534
138,Chespin,0.76540,1823,0.765,149,0.406
139,Burmy,0.76498,1822,0.765,41,0.112
140,Slurpuff,0.76498,1822,0.765,200,0.545
141,Dratini,0.76498,1822,0.765,205,0.559
142,Misdreavus,0.76498,1822,0.765,178,0.485
143,Shiinotic,0.76456,1821,0.765,344,0.938
144,Pyroar,0.76456,1821,0.765,378,1.031
145,Aurorus,0.76456,1821,0.765,461,1.257
146,Wurmple,0.76456,1821,0.765,76,0.207
147,Aromatisse,0.76456,1821,0.765,253,0.690
148,Tapu Lele,0.76414,1820,0.764,577,1.573
149,Honedge,0.76414,1820,0.764,204,0.556
150,Turtonator,0.76372,1819,0.764,514,1.401
151,Pikachu,0.76372,1819,0.764,223,0.608
152,Spoink,0.76372,1819,0.764,74,0.202
153,Electrike,0.76372,1819,0.764,137,0.374
154,Aerodactyl,0.76372,1819,0.764,410,1.118
155,Guzzlord,0.76372,1819,0.764,685,1.868
156,Croconaw,0.76372,1819,0.764,265,0.723
157,Swellow,0.76330,1818,0.763,259,0.706
158,Metagross,0.76330,1818,0.763,575,1.568
159,Wooper,0.76330,1818,0.763,148,0.404
160,Necrozma,0.76330,1818,0.763,631,1.720
161,Cleffa,0.76330,1818,0.763,83,0.226
162,Solosis,0.76330,1818,0.763,104,0.284
163,Snivy,0.76330,1818,0.763,99,0.270
164,Torracat,0.76288,1817,0.763,300,0.818
165,Mawile,0.76288,1817,0.763,357,0.973
166,Empoleon,0.76288,1817,0.763,476,1.298
167,Alakazam,0.76288,1817,0.763,319,0.870
168,Parasect,0.76288,1817,0.763,212,0.578
169,Crabominable,0.76288,1817,0.763,519,1.415
170,Garbodor,0.76288,1817,0.763,265,0.723
171,Beartic,0.76288,1817,0.763,389,1.061
172,Torchic,0.76288,1817,0.763,153,0.417
173,Cutiefly,0.76246,1816,0.762,137,0.374
174,Bunnelby,0.76246,1816,0.762,137,0.374
175,Feraligatr,0.76246,1816,0.762,520,1.418
176,Eelektrik,0.76204,1815,0.762,272,0.742
177,Furret,0.76204,1815,0.762,218,0.594
178,Arcanine,0.76204,1815,0.762,491,1.339
179,Jolteon,0.76204,1815,0.762,269,0.733
180,Pikipek,0.76204,1815,0.762,166,0.453
181,Krabby,0.76204,1815,0.762,183,0.499
182,Cosmoem,0.76162,1814,0.762,65,0.177
183,Teddiursa,0.76162,1814,0.762,178,0.485
184,Drapion,0.76162,1814,0.762,452,1.232
185,Natu,0.76162,1814,0.762,80,0.218
186,Rhyhorn,0.76162,1814,0.762,263,0.717
187,Shellder,0.76120,1813,0.761,141,0.384
188,Golurk,0.76120,1813,0.761,510,1.391
189,Charmander,0.76120,1813,0.761,189,0.515
190,Feebas,0.76120,1813,0.761,85,0.232
191,Wimpod,0.76078,1812,0.761,82,0.224
192,Shuckle,0.76078,1812,0.761,189,0.515
193,Rapidash,0.76078,1812,0.761,361,0.984
194,Zebstrika,0.76036,1811,0.760,311,0.848
195,Carracosta,0.76036,1811,0.760,433,1.181
196,Infernape,0.76036,1811,0.760,539,1.470
197,Spinda,0.76036,1811,0.760,170,0.464
198,Shieldon,0.76036,1811,0.760,152,0.414
199,Sewaddle,0.75994,1810,0.760,63,0.172
200,Mismagius,0.75994,1810,0.760,332,0.905
201,Timburr,0.75994,1810,0.760,232,0.633
202,Pidove,0.75952,1809,0.760,74,0.202
203,Scyther,0.75952,1809,0.760,270,0.736
204,Charjabug,0.75952,1809,0.760,221,0.603
205,Porygon,0.75952,1809,0.760,246,0.671
206,Weepinbell,0.75910,1808,0.759,158,0.431
207,Rockruff,0.75910,1808,0.759,151,0.412
208,Diggersby,0.75910,1808,0.759,345,0.941
209,Bellossom,0.75868,1807,0.759,178,0.485
210,Tangrowth,0.75868,1807,0.759,281,0.766
211,Masquerain,0.75868,1807,0.759,223,0.608
212,Axew,0.75868,1807,0.759,204,0.556
213,Hawlucha,0.75868,1807,0.759,461,1.257
214,Morelull,0.75868,1807,0.759,189,0.515
215,Kingdra,0.75868,1807,0.759,462,1.260
216,Klink,0.75826,1806,0.758,108,0.294
217,Stoutland,0.75826,1806,0.758,380,1.036
218,Tentacool,0.75826,1806,0.758,139,0.379
219,Popplio,0.75784,1805,0.758,188,0.513
220,Ariados,0.75784,1805,0.758,193,0.526
221,Froslass,0.75784,1805,0.758,277,0.755
222,Servine,0.75784,1805,0.758,163,0.444
223,Talonflame,0.75784,1805,0.758,394,1.074
224,Beldum,0.75742,1804,0.757,193,0.526
225,Sableye,0.75742,1804,0.757,262,0.714
226,Flareon,0.75742,1804,0.757,316,0.862
227,Poliwag,0.75742,1804,0.757,103,0.281
228,Cranidos,0.75742,1804,0.757,268,0.731
229,Absol,0.75700,1803,0.757,354,0.965
230,Tapu Bulu,0.75700,1803,0.757,572,1.560
231,Squirtle,0.75700,1803,0.757,149,0.406
232,Cherrim,0.75700,1803,0.757,135,0.368
233,Pangoro,0.75700,1803,0.757,561,1.530
234,Tyrogue,0.75700,1803,0.757,109,0.297
235,Goomy,0.75700,1803,0.757,135,0.368
236,Torkoal,0.75658,1802,0.757,337,0.919
237,Boldore,0.75658,1802,0.757,193,0.526
238,Braviary,0.75658,1802,0.757,451,1.230
239,Magmortar,0.75658,1802,0.757,482,1.314
240,Litleo,0.75658,1802,0.757,150,0.409
241,Eelektross,0.75616,1801,0.756,562,1.532
242,Finneon,0.75616,1801,0.756,88,0.240
243,Vaporeon,0.75616,1801,0.756,313,0.853
244,Bronzong,0.75616,1801,0.756,275,0.750
245,Crobat,0.75574,1800,0.756,350,0.954
246,Onix,0.75574,1800,0.756,184,0.502
247,Voltorb,0.75574,1800,0.756,103,0.281
248,Scrafty,0.75574,1800,0.756,474,1.292
249,Cinccino,0.75574,1800,0.756,271,0.739
250,Cubone,0.75574,1800,0.756,174,0.474
251,Jangmo-o,0.75532,1799,0.755,210,0.573
252,Sudowoodo,0.75532,1799,0.755,268,0.731
253,Solgaleo,0.75532,1799,0.755,756,2.061
254,Sceptile,0.75490,1798,0.755,405,1.104
255,Huntail,0.75490,1798,0.755,293,0.799
256,Darmanitan,0.75490,1798,0.755,490,1.336
257,Snorlax,0.75490,1798,0.755,557,1.519
258,Hippopotas,0.75490,1798,0.755,177,0.483
259,Deerling,0.75490,1798,0.755,88,0.240
260,Nidorino,0.75490,1798,0.755,155,0.423
261,Gumshoos,0.75490,1798,0.755,259,0.706
262,Piloswine,0.75448,1797,0.754,219,0.597
263,Swanna,0.75448,1797,0.754,359,0.979
264,Whirlipede,0.75448,1797,0.754,153,0.417
265,Breloom,0.75448,1797,0.754,426,1.162
266,Phanpy,0.75448,1797,0.754,130,0.354
267,Clefairy,0.75448,1797,0.754,132,0.360
268,Excadrill,0.75448,1797,0.754,483,1.317
269,Stunky,0.75448,1797,0.754,119,0.324
270,Escavalier,0.75448,1797,0.754,392,1.069
271,Ribombee,0.75448,1797,0.754,271,0.739
272,Exploud,0.75406,1796,0.754,440,1.200
273,Minccino,0.75406,1796,0.754,105,0.286
274,Drilbur,0.75406,1796,0.754,179,0.488
275,Gabite,0.75406,1796,0.754,338,0.922
276,Binacle,0.75364,1795,0.754,157,0.428
277,Quilava,0.75364,1795,0.754,202,0.551
278,Abra,0.75364,1795,0.754,112,0.305
279,Togetic,0.75364,1795,0.754,188,0.513
280,Dustox,0.75364,1795,0.754,131,0.357
281,Loudred,0.75364,1795,0.754,239,0.652
282,Pineco,0.75364,1795,0.754,88,0.240
283,Bewear,0.75364,1795,0.754,499,1.361
284,Bibarel,0.75364,1795,0.754,301,0.821
285,Tynamo,0.75364,1795,0.754,116,0.316
286,Electabuzz,0.75322,1794,0.753,318,0.867
287,Vigoroth,0.75322,1794,0.753,282,0.769
288,Volcarona,0.75322,1794,0.753,471,1.284
289,Tauros,0.75322,1794,0.753,428,1.167
290,Trubbish,0.75322,1794,0.753,85,0.232
291,Mienshao,0.75322,1794,0.753,438,1.194
292,Zubat,0.75322,1794,0.753,99,0.270
293,Dodrio,0.75280,1793,0.753,291,0.793
294,Anorith,0.75280,1793,0.753,148,0.404
295,Pawniard,0.75280,1793,0.753,202,0.551
296,Luvdisc,0.75280,1793,0.753,105,0.286
297,Brionne,0.75280,1793,0.753,254,0.693
298,Clawitzer,0.75280,1793,0.753,505,1.377
299,Hoothoot,0.75280,1793,0.753,74,0.202
300,Zigzagoon,0.75280,1793,0.753,92,0.251
301,Zygarde,0.75280,1793,0.753,743,2.026
302,Barbaracle,0.75280,1793,0.753,387,1.055
303,Palossand,0.75238,1792,0.752,401,1.093
304,Combee,0.75238,1792,0.752,56,0.153
305,Rhyperior,0.75238,1792,0.752,517,1.410
306,Keldeo,0.75238,1792,0.752,432,1.178
307,Chatot,0.75238,1792,0.752,205,0.559
308,Pidgey,0.75238,1792,0.752,95,0.259
309,Prinplup,0.75196,1791,0.752,178,0.485
310,Basculin,0.75196,1791,0.752,204,0.556
311,Honchkrow,0.75196,1791,0.752,331,0.903
312,Kakuna,0.75196,1791,0.752,73,0.199
313,Victini,0.75196,1791,0.752,569,1.551
314,Beautifly,0.75196,1791,0.752,185,0.504
315,Tyranitar,0.75196,1791,0.752,588,1.603
316,Bellsprout,0.75155,1790,0.752,112,0.305
317,Shellos,0.75155,1790,0.752,151,0.412
318,Swinub,0.75155,1790,0.752,151,0.412
319,Grovyle,0.75155,1790,0.752,233,0.635
320,Fomantis,0.75155,1790,0.752,131,0.357
321,Pupitar,0.75155,1790,0.752,181,0.494
322,Jynx,0.75113,1789,0.751,217,0.592
323,Bounsweet,0.75113,1789,0.751,73,0.199
324,Porygon2,0.75113,1789,0.751,348,0.949
325,Stufful,0.75113,1789,0.751,257,0.701
326,Shaymin,0.75113,1789,0.751,241,0.657
327,Passimian,0.75113,1789,0.751,390,1.063
328,Minun,0.75071,1788,0.751,130,0.354
329,Aggron,0.75071,1788,0.751,502,1.369
330,Lickitung,0.75071,1788,0.751,234,0.638
331,Illumise,0.75071,1788,0.751,129,0.352
332,Kartana,0.75071,1788,0.751,639,1.742
333,Salamence,0.75071,1788,0.751,671,1.830
334,Quilladin,0.75071,1788,0.751,218,0.594
335,Ho-Oh,0.75071,1788,0.751,610,1.663
336,Krookodile,0.75029,1787,0.750,467,1.273
337,Swirlix,0.75029,1787,0.750,114,0.311
338,Abomasnow,0.75029,1787,0.750,425,1.159
339,Cascoon,0.75029,1787,0.750,60,0.164
340,Throh,0.75029,1787,0.750,369,1.006
341,Golduck,0.75029,1787,0.750,257,0.701
342,Mew,0.75029,1787,0.750,481,1.311
343,Pachirisu,0.75029,1787,0.750,139,0.379
344,Araquanid,0.74987,1786,0.750,409,1.115
345,Metang,0.74987,1786,0.750,261,0.712
346,Glalie,0.74987,1786,0.750,320,0.873
347,Litten,0.74987,1786,0.750,187,0.510
348,Minior,0.74987,1786,0.750,348,0.949
349,Hitmonlee,0.74987,1786,0.750,426,1.162
350,Probopass,0.74987,1786,0.750,285,0.777
351,Exeggcute,0.74987,1786,0.750,102,0.278
352,Linoone,0.74945,1785,0.749,186,0.507
353,Elekid,0.74945,1785,0.749,169,0.461
354,Solrock,0.74945,1785,0.749,211,0.575
355,Chinchou,0.74945,1785,0.749,181,0.494
356,Lairon,0.74945,1785,0.749,219,0.597
357,Heatmor,0.74945,1785,0.749,310,0.845
358,Darkrai,0.74945,1785,0.749,541,1.475
359,Meganium,0.74945,1785,0.749,275,0.750
360,Vanillite,0.74945,1785,0.749,114,0.311
361,Tepig,0.74903,1784,0.749,155,0.423
362,Leafeon,0.74903,1784,0.749,233,0.635
363,Corphish,0.74903,1784,0.749,204,0.556
364,Raikou,0.74903,1784,0.749,449,1.224
365,Heracross,0.74903,1784,0.749,428,1.167
366,Pelipper,0.74903,1784,0.749,286,0.780
367,Krokorok,0.74903,1784,0.749,258,0.703
368,Flabebe,0.74903,1784,0.749,98,0.267
369,Frogadier,0.74861,1783,0.749,303,0.826
370,Tornadus,0.74861,1783,0.749,518,1.412
371,NidoranM,0.74861,1783,0.749,136,0.371
372,Bayleef,0.74861,1783,0.749,112,0.305
373,Poochyena,0.74861,1783,0.749,88,0.240
374,Electrode,0.74819,1782,0.748,195,0.532
375,Barboach,0.74819,1782,0.748,161,0.439
376,Dhelmise,0.74819,1782,0.748,467,1.273
377,Politoed,0.74819,1782,0.748,309,0.843
378,Regice,0.74819,1782,0.748,372,1.014
379,Wingull,0.74777,1781,0.748,117,0.319
380,Fearow,0.74777,1781,0.748,206,0.562
381,Venipede,0.74777,1781,0.748,87,0.237
382,Lopunny,0.74777,1781,0.748,271,0.739
383,Chesnaught,0.74777,1781,0.748,467,1.273
384,Herdier,0.74777,1781,0.748,152,0.414
385,Sneasel,0.74777,1781,0.748,217,0.592
386,Whimsicott,0.74777,1781,0.748,242,0.660
387,Lapras,0.74735,1780,0.747,415,1.132
388,Cosmog,0.74735,1780,0.747,65,0.177
389,Gourgeist,0.74735,1780,0.747,291,0.793
390,Hakamo-o,0.74735,1780,0.747,374,1.020
391,Lumineon,0.74735,1780,0.747,163,0.444
392,Corsola,0.74735,1780,0.747,186,0.507
393,Thundurus,0.74735,1780,0.747,584,1.592
394,Bagon,0.74735,1780,0.747,151,0.412
395,Pidgeot,0.74735,1780,0.747,230,0.627
396,Gastrodon,0.74735,1780,0.747,413,1.126
397,Goldeen,0.74693,1779,0.747,144,0.393
398,Latias,0.74693,1779,0.747,409,1.115
399,Shroomish,0.74693,1779,0.747,88,0.240
400,Dusclops,0.74693,1779,0.747,271,0.739
401,Smoochum,0.74693,1779,0.747,108,0.294
402,Lilligant,0.74693,1779,0.747,197,0.537
403,Spritzee,0.74651,1778,0.747,81,0.221
404,Archen,0.74651,1778,0.747,200,0.545
405,Vanillish,0.74651,1778,0.747,160,0.436
406,Tapu Fini,0.74651,1778,0.747,500,1.363
407,Steelix,0.74651,1778,0.747,381,1.039
408,Gorebyss,0.74651,1778,0.747,268,0.731
409,Donphan,0.74651,1778,0.747,310,0.845
410,Steenee,0.74651,1778,0.747,94,0.256
411,Haxorus,0.74651,1778,0.747,616,1.680
412,Doduo,0.74609,1777,0.746,133,0.363
413,Wigglytuff,0.74609,1777,0.746,271,0.739
414,Torterra,0.74609,1777,0.746,414,1.129
415,Phantump,0.74609,1777,0.746,171,0.466
416,Uxie,0.74609,1777,0.746,267,0.728
417,Hypno,0.74609,1777,0.746,230,0.627
418,Skuntank,0.74567,1776,0.746,256,0.698
419,Skiploom,0.74567,1776,0.746,109,0.297
420,Mareanie,0.74567,1776,0.746,207,0.564
421,Gligar,0.74567,1776,0.746,244,0.665
422,Sigilyph,0.74567,1776,0.746,315,0.859
423,Dusknoir,0.74567,1776,0.746,367,1.001
424,Simisage,0.74567,1776,0.746,226,0.616
425,Porygon-Z,0.74567,1776,0.746,457,1.246
426,Articuno,0.74567,1776,0.746,398,1.085
427,Incineroar,0.74567,1776,0.746,558,1.521
428,Panpour,0.74567,1776,0.746,129,0.352
429,Patrat,0.74567,1776,0.746,98,0.267
430,Skarmory,0.74567,1776,0.746,278,0.758
431,Caterpie,0.74567,1776,0.746,67,0.183
432,Jigglypuff,0.74525,1775,0.745,134,0.365
433,Simisear,0.74525,1775,0.745,317,0.864
434,Kricketune,0.74525,1775,0.745,142,0.387
435,Marshadow,0.74525,1775,0.745,861,2.348
436,Leavanny,0.74483,1774,0.745,230,0.627
437,Trevenant,0.74483,1774,0.745,385,1.050
438,Octillery,0.74483,1774,0.745,385,1.050
439,Furfrou,0.74483,1774,0.745,238,0.649
440,Bruxish,0.74483,1774,0.745,309,0.843
441,Emboar,0.74483,1774,0.745,536,1.461
442,Salazzle,0.74483,1774,0.745,444,1.211
443,Hoppip,0.74483,1774,0.745,76,0.207
444,Samurott,0.74483,1774,0.745,440,1.200
445,Deino,0.74441,1773,0.744,194,0.529
446,Maractus,0.74441,1773,0.744,249,0.679
447,Kabutops,0.74441,1773,0.744,320,0.873
448,Carvanha,0.74441,1773,0.744,201,0.548
449,Purugly,0.74441,1773,0.744,232,0.633
450,Vivillon,0.74441,1773,0.744,238,0.649
451,Lileep,0.74441,1773,0.744,119,0.324
452,Heliolisk,0.74399,1772,0.744,363,0.990
453,Gloom,0.74399,1772,0.744,167,0.455
454,Watchog,0.74399,1772,0.744,199,0.543
455,Relicanth,0.74399,1772,0.744,259,0.706
456,Amoonguss,0.74399,1772,0.744,201,0.548
457,Magneton,0.74399,1772,0.744,314,0.856
458,Mewtwo,0.74399,1772,0.744,658,1.794
459,Whismur,0.74399,1772,0.744,94,0.256
460,Armaldo,0.74399,1772,0.744,370,1.009
461,Malamar,0.74357,1771,0.744,294,0.802
462,Braixen,0.74357,1771,0.744,239,0.652
463,Farfetch'd,0.74357,1771,0.744,163,0.444
464,Volbeat,0.74357,1771,0.744,132,0.360
465,Castform,0.74357,1771,0.744,144,0.393
466,Galvantula,0.74315,1770,0.743,371,1.012
467,Mimikyu,0.74315,1770,0.743,491,1.339
468,Palpitoad,0.74315,1770,0.743,209,0.570
469,Amaura,0.74315,1770,0.743,226,0.616
470,Palkia,0.74273,1769,0.743,732,1.996
471,Ledian,0.74273,1769,0.743,105,0.286
472,Venomoth,0.74273,1769,0.743,203,0.554
473,Noivern,0.74273,1769,0.743,448,1.222
474,Clauncher,0.74273,1769,0.743,176,0.480
475,Yveltal,0.74273,1769,0.743,664,1.810
476,Togepi,0.74231,1768,0.742,132,0.360
477,Golbat,0.74231,1768,0.742,170,0.464
478,Poliwhirl,0.74231,1768,0.742,224,0.611
479,Houndoom,0.74231,1768,0.742,372,1.014
480,Hoopa,0.74231,1768,0.742,434,1.183
481,Fletchling,0.74189,1767,0.742,108,0.294
482,Nosepass,0.74189,1767,0.742,117,0.319
483,Nidorina,0.74189,1767,0.742,137,0.374
484,Pinsir,0.74147,1766,0.741,303,0.826
485,Aipom,0.74147,1766,0.741,132,0.360
486,Spiritomb,0.74147,1766,0.741,297,0.810
487,Machamp,0.74147,1766,0.741,489,1.333
488,Beheeyem,0.74147,1766,0.741,198,0.540
489,Terrakion,0.74147,1766,0.741,490,1.336
490,Hippowdon,0.74147,1766,0.741,368,1.003
491,Gardevoir,0.74147,1766,0.741,330,0.900
492,Gulpin,0.74105,1765,0.741,101,0.275
493,Hydreigon,0.74105,1765,0.741,623,1.699
494,Conkeldurr,0.74105,1765,0.741,560,1.527
495,Tangela,0.74063,1764,0.741,128,0.349
496,Vespiquen,0.74063,1764,0.741,193,0.526
497,Snorunt,0.74063,1764,0.741,119,0.324
498,Granbull,0.74063,1764,0.741,390,1.063
499,Dwebble,0.74063,1764,0.741,151,0.412
500,Cloyster,0.74063,1764,0.741,361,0.984
501,Poliwrath,0.74021,1763,0.740,384,1.047
502,Aron,0.74021,1763,0.740,125,0.341
503,Hariyama,0.74021,1763,0.740,482,1.314
504,Magnezone,0.74021,1763,0.740,370,1.009
505,Mandibuzz,0.74021,1763,0.740,230,0.627
506,Arceus,0.74021,1763,0.740,760,2.072
507,Sunkern,0.74021,1763,0.740,81,0.221
508,Shelgon,0.74021,1763,0.740,215,0.586
509,Mamoswine,0.74021,1763,0.740,435,1.186
510,Mienfoo,0.74021,1763,0.740,222,0.605
511,Unfezant,0.74021,1763,0.740,255,0.695
512,Skrelp,0.73979,1762,0.740,198,0.540
513,Gible,0.73979,1762,0.740,199,0.543
514,Helioptile,0.73979,1762,0.740,134,0.365
515,Snover,0.73979,1762,0.740,205,0.559
516,Sliggoo,0.73979,1762,0.740,242,0.660
517,Forretress,0.73979,1762,0.740,214,0.583
518,Lucario,0.73979,1762,0.740,552,1.505
519,Marshtomp,0.73979,1762,0.740,276,0.753
520,Giratina,0.73979,1762,0.740,592,1.614
521,Druddigon,0.73937,1761,0.739,480,1.309
522,Wynaut,0.73937,1761,0.739,146,0.398
523,Charmeleon,0.73937,1761,0.739,253,0.690
524,Rufflet,0.73895,1760,0.739,154,0.420
525,Dragalge,0.73895,1760,0.739,541,1.475
526,Stunfisk,0.73895,1760,0.739,266,0.725
527,Nidoqueen,0.73895,1760,0.739,450,1.227
528,Medicham,0.73895,1760,0.739,361,0.984
529,Primeape,0.73895,1760,0.739,365,0.995
530,Klinklang,0.73895,1760,0.739,255,0.695
531,Munna,0.73895,1760,0.739,87,0.237
532,Ferroseed,0.73895,1760,0.739,190,0.518
533,Duosion,0.73853,1759,0.739,148,0.404
534,Magnemite,0.73853,1759,0.739,161,0.439
535,Shuppet,0.73853,1759,0.739,104,0.284
536,Floatzel,0.73853,1759,0.739,280,0.763
537,Venonat,0.73853,1759,0.739,80,0.218
538,Type: Null,0.73853,1759,0.739,384,1.047
539,Foongus,0.73853,1759,0.739,91,0.248
540,Lampent,0.73853,1759,0.739,237,0.646
541,Toxicroak,0.73853,1759,0.739,448,1.222
542,Karrablast,0.73853,1759,0.739,112,0.305
543,Kyogre,0.73853,1759,0.739,712,1.941
544,Serperior,0.73853,1759,0.739,278,0.758
545,Hitmontop,0.73853,1759,0.739,315,0.859
546,Girafarig,0.73811,1758,0.738,191,0.521
547,Yanma,0.73811,1758,0.738,123,0.335
548,Sealeo,0.73811,1758,0.738,242,0.660
549,Ponyta,0.73811,1758,0.738,191,0.521
550,Mightyena,0.73811,1758,0.738,216,0.589
551,Dewpider,0.73811,1758,0.738,212,0.578
552,Combusken,0.73811,1758,0.738,357,0.973
553,Weedle,0.73811,1758,0.738,91,0.248
554,Lickilicky,0.73769,1757,0.738,324,0.883
555,Oddish,0.73769,1757,0.738,110,0.300
556,Magby,0.73769,1757,0.738,137,0.374
557,Wailord,0.73769,1757,0.738,346,0.943
558,Kadabra,0.73727,1756,0.737,203,0.554
559,Gallade,0.73727,1756,0.737,435,1.186
560,Blitzle,0.73727,1756,0.737,139,0.379
561,Cofagrigus,0.73727,1756,0.737,262,0.714
562,Golett,0.73727,1756,0.737,218,0.594
563,Rowlet,0.73685,1755,0.737,136,0.371
564,Buzzwole,0.73685,1755,0.737,667,1.819
565,Duskull,0.73685,1755,0.737,100,0.273
566,Regigigas,0.73643,1754,0.736,412,1.123
567,Ivysaur,0.73643,1754,0.736,161,0.439
568,Spewpa,0.73643,1754,0.736,60,0.164
569,Frillish,0.73643,1754,0.736,213,0.581
570,Milotic,0.73643,1754,0.736,369,1.006
571,Skitty,0.73643,1754,0.736,102,0.278
572,Lillipup,0.73601,1753,0.736,89,0.243
573,Pansage,0.73601,1753,0.736,103,0.281
574,Entei,0.73601,1753,0.736,443,1.208
575,Magearna,0.73601,1753,0.736,588,1.603
576,Ekans,0.73601,1753,0.736,118,0.322
577,Victreebel,0.73601,1753,0.736,273,0.744
578,Jirachi,0.73559,1752,0.736,449,1.224
579,Whiscash,0.73559,1752,0.736,321,0.875
580,Vanilluxe,0.73559,1752,0.736,273,0.744
581,Umbreon,0.73559,1752,0.736,193,0.526
582,Audino,0.73559,1752,0.736,170,0.464
583,Pancham,0.73559,1752,0.736,204,0.556
584,Petilil,0.73559,1752,0.736,62,0.169
585,Unown,0.73559,1752,0.736,79,0.215
586,Espeon,0.73559,1752,0.736,250,0.682
587,Purrloin,0.73517,1751,0.735,108,0.294
588,Plusle,0.73517,1751,0.735,136,0.371
589,Yungoos,0.73517,1751,0.735,143,0.390
590,Fennekin,0.73517,1751,0.735,110,0.300
591,Pichu,0.73475,1750,0.735,98,0.267
592,Croagunk,0.73475,1750,0.735,224,0.611
593,Wobbuffet,0.73433,1749,0.734,300,0.818
594,Pansear,0.73433,1749,0.734,127,0.346
595,Klang,0.73433,1749,0.734,177,0.483
596,Sandygast,0.73433,1749,0.734,216,0.589
597,Paras,0.73433,1749,0.734,102,0.278
598,Registeel,0.73433,1749,0.734,420,1.145
599,Nihilego,0.73433,1749,0.734,425,1.159
600,Comfey,0.73391,1748,0.734,189,0.515
601,Gothita,0.73391,1748,0.734,77,0.210
602,Glameow,0.73391,1748,0.734,102,0.278
603,Vileplume,0.73391,1748,0.734,218,0.594
604,Bronzor,0.73349,1747,0.733,144,0.393
605,Slowbro,0.73349,1747,0.733,323,0.881
606,Lanturn,0.73349,1747,0.733,356,0.971
607,Mr. Mime,0.73349,1747,0.733,215,0.586
608,Arbok,0.73349,1747,0.733,276,0.753
609,Nincada,0.73349,1747,0.733,73,0.199
610,Zekrom,0.73349,1747,0.733,747,2.037
611,Lombre,0.73307,1746,0.733,218,0.594
612,Treecko,0.73307,1746,0.733,135,0.368
613,Gengar,0.73307,1746,0.733,449,1.224
614,Munchlax,0.73307,1746,0.733,197,0.537
615,Kommo-o,0.73265,1745,0.733,585,1.595
616,Volcanion,0.73265,1745,0.733,715,1.950
617,Cyndaquil,0.73265,1745,0.733,176,0.480
618,Swablu,0.73265,1745,0.733,86,0.234
619,Larvesta,0.73223,1744,0.732,181,0.494
620,Hitmonchan,0.73223,1744,0.732,393,1.072
621,Beedrill,0.73223,1744,0.732,186,0.507
622,Doublade,0.73223,1744,0.732,337,0.919
623,Delcatty,0.73223,1744,0.732,153,0.417
624,Fraxure,0.73181,1743,0.732,316,0.862
625,Tyrunt,0.73181,1743,0.732,293,0.799
626,Tapu Koko,0.73139,1742,0.731,501,1.366
627,Aegislash,0.73139,1742,0.731,493,1.344
628,Ursaring,0.73139,1742,0.731,428,1.167
629,Dewgong,0.73139,1742,0.731,280,0.763
630,Totodile,0.73097,1741,0.731,186,0.507
631,Mudbray,0.73097,1741,0.731,270,0.736
632,Tympole,0.73097,1741,0.731,101,0.275
633,Marill,0.73097,1741,0.731,150,0.409
634,Drifloon,0.73097,1741,0.731,109,0.297
635,Luxio,0.73097,1741,0.731,184,0.502
636,Magikarp,0.73055,1740,0.731,193,0.526
637,Lurantis,0.73055,1740,0.731,323,0.881
638,Swoobat,0.73055,1740,0.731,197,0.537
639,Meditite,0.73055,1740,0.731,170,0.464
640,Silcoon,0.73055,1740,0.731,59,0.161
641,Kangaskhan,0.73055,1740,0.731,426,1.162
642,Xerneas,0.73055,1740,0.731,548,1.494
643,Staraptor,0.73055,1740,0.731,369,1.006
644,Deoxys,0.73013,1739,0.730,500,1.363
645,Elgyem,0.73013,1739,0.730,117,0.319
646,Drowzee,0.73013,1739,0.730,125,0.341
647,Kabuto,0.73013,1739,0.730,119,0.324
648,Durant,0.72971,1738,0.730,263,0.717
649,Chingling,0.72971,1738,0.730,88,0.240
650,Ninjask,0.72971,1738,0.730,173,0.472
651,Trumbeak,0.72971,1738,0.730,225,0.613
652,Kingler,0.72971,1738,0.730,310,0.845
653,Azurill,0.72929,1737,0.729,86,0.234
654,Murkrow,0.72929,1737,0.729,168,0.458
655,Chansey,0.72929,1737,0.729,187,0.510
656,Oshawott,0.72929,1737,0.729,147,0.401
657,Dunsparce,0.72929,1737,0.729,179,0.488
658,Lunala,0.72887,1736,0.729,744,2.029
659,Dedenne,0.72887,1736,0.729,204,0.556
660,Slowking,0.72887,1736,0.729,319,0.870
661,Azelf,0.72887,1736,0.729,402,1.096
662,Darumaka,0.72887,1736,0.729,204,0.556
663,Cacnea,0.72887,1736,0.729,140,0.382
664,Celesteela,0.72845,1735,0.728,698,1.903
665,Lotad,0.72845,1735,0.728,116,0.316
666,Gyarados,0.72845,1735,0.728,503,1.371
667,Sawsbuck,0.72845,1735,0.728,282,0.769
668,Scizor,0.72845,1735,0.728,417,1.137
669,Vullaby,0.72845,1735,0.728,94,0.256
670,Monferno,0.72845,1735,0.728,325,0.886
671,Grotle,0.72845,1735,0.728,157,0.428
672,Eevee,0.72803,1734,0.728,94,0.256
673,Latios,0.72803,1734,0.728,478,1.303
674,Ambipom,0.72761,1733,0.728,316,0.862
675,Grubbin,0.72761,1733,0.728,115,0.314
676,Staravia,0.72761,1733,0.728,161,0.439
677,Cottonee,0.72761,1733,0.728,90,0.245
678,Zapdos,0.72761,1733,0.728,464,1.265
679,Scraggy,0.72761,1733,0.728,223,0.608
680,Happiny,0.72761,1733,0.728,74,0.202
681,Diancie,0.72719,1732,0.727,334,0.911
682,Gogoat,0.72719,1732,0.727,331,0.903
683,Garchomp,0.72719,1732,0.727,599,1.633
684,Ledyba,0.72719,1732,0.727,76,0.207
685,Gothorita,0.72677,1731,0.727,111,0.303
686,Quagsire,0.72677,1731,0.727,322,0.878
687,Primarina,0.72677,1731,0.727,583,1.590
688,Yanmega,0.72677,1731,0.727,261,0.712
689,Woobat,0.72677,1731,0.727,84,0.229
690,Phione,0.72677,1731,0.727,227,0.619
691,Venusaur,0.72635,1730,0.726,391,1.066
692,Rayquaza,0.72635,1730,0.726,761,2.075
693,Joltik,0.72635,1730,0.726,119,0.324
694,Ampharos,0.72593,1729,0.726,331,0.903
695,Moltres,0.72593,1729,0.726,421,1.148
696,Klefki,0.72593,1729,0.726,181,0.494
697,Simipour,0.72551,1728,0.726,291,0.793
698,Sawk,0.72551,1728,0.726,429,1.170
699,Sylveon,0.72509,1727,0.725,340,0.927
700,Ferrothorn,0.72509,1727,0.725,323,0.881
701,Seviper,0.72509,1727,0.725,235,0.641
702,Glaceon,0.72509,1727,0.725,224,0.611
703,NidoranF,0.72467,1726,0.725,101,0.275
704,Oranguru,0.72467,1726,0.725,297,0.810
705,Bouffalant,0.72467,1726,0.725,414,1.129
706,Cacturne,0.72467,1726,0.725,285,0.777
707,Cryogonal,0.72467,1726,0.725,260,0.709
708,Noibat,0.72425,1725,0.724,174,0.474
709,Rampardos,0.72425,1725,0.724,413,1.126
710,Makuhita,0.72425,1725,0.724,205,0.559
711,Omastar,0.72383,1724,0.724,243,0.663
712,Ditto,0.72383,1724,0.724,494,1.347
713,Mudkip,0.72383,1724,0.724,157,0.428
714,Crustle,0.72383,1724,0.724,346,0.943
715,Baltoy,0.72341,1723,0.723,109,0.297
716,Meloetta,0.72341,1723,0.723,364,0.992
717,Heatran,0.72341,1723,0.723,535,1.459
718,Inkay,0.72341,1723,0.723,97,0.264
719,Seadra,0.72341,1723,0.723,242,0.660
720,Liepard,0.72299,1722,0.723,216,0.589
721,Dewott,0.72299,1722,0.723,229,0.624
722,Bisharp,0.72257,1721,0.723,401,1.093
723,Miltank,0.72257,1721,0.723,321,0.875
724,Sharpedo,0.72216,1720,0.722,397,1.082
725,Dragonair,0.72216,1720,0.722,323,0.881
726,Scatterbug,0.72216,1720,0.722,55,0.150
727,Tentacruel,0.72132,1718,0.721,327,0.892
728,Staryu,0.72132,1718,0.721,148,0.404
729,Pignite,0.72090,1717,0.721,307,0.837
730,Manectric,0.72090,1717,0.721,336,0.916
731,Seel,0.72048,1716,0.720,113,0.308
732,Florges,0.72048,1716,0.720,254,0.693
733,Ludicolo,0.72048,1716,0.720,356,0.971
734,Cradily,0.72048,1716,0.720,262,0.714
735,Zangoose,0.72006,1715,0.720,314,0.856
736,Espurr,0.71964,1714,0.720,78,0.213
737,Piplup,0.71880,1712,0.719,108,0.294
738,Dialga,0.71880,1712,0.719,675,1.840
739,Decidueye,0.71880,1712,0.719,465,1.268
740,Lugia,0.71880,1712,0.719,607,1.655
741,Xatu,0.71796,1710,0.718,212,0.578
742,Sandile,0.71796,1710,0.718,141,0.384
743,Stantler,0.71796,1710,0.718,207,0.564
744,Skiddo,0.71712,1708,0.717,125,0.341
745,Psyduck,0.71712,1708,0.717,122,0.333
746,Machop,0.71712,1708,0.717,204,0.556
747,Kecleon,0.71712,1708,0.717,269,0.733
748,Delphox,0.71628,1706,0.716,403,1.099
749,Mareep,0.71586,1705,0.716,123,0.335
750,Charizard,0.71586,1705,0.716,469,1.279
751,Tirtouga,0.71502,1703,0.715,220,0.600
752,Shiftry,0.71418,1701,0.714,282,0.769
753,Tropius,0.71376,1700,0.714,243,0.663
754,Wishiwashi,0.71376,1700,0.714,502,1.369
755,Grumpig,0.71376,1700,0.714,181,0.494
756,Wartortle,0.71292,1698,0.713,217,0.592
757,Skorupi,0.71292,1698,0.713,108,0.294
758,Landorus,0.71292,1698,0.713,543,1.481
759,Ducklett,0.71250,1697,0.712,106,0.289
760,Tsareena,0.71250,1697,0.712,294,0.802
761,Regirock,0.71250,1697,0.712,396,1.080
762,Gurdurr,0.71250,1697,0.712,339,0.924
763,Roggenrola,0.71166,1695,0.712,114,0.311
764,Tranquill,0.71124,1694,0.711,131,0.357
765,Mesprit,0.71082,1693,0.711,293,0.799
766,Kirlia,0.70998,1691,0.710,135,0.368
767,Chikorita,0.70998,1691,0.710,84,0.229
768,Blaziken,0.70998,1691,0.710,612,1.669
769,Igglybuff,0.70956,1690,0.710,74,0.202
770,Altaria,0.70872,1688,0.709,334,0.911
771,Cherubi,0.70830,1687,0.708,68,0.185
772,Manaphy,0.70746,1685,0.707,295,0.804
773,Weavile,0.70746,1685,0.707,340,0.927
774,Bonsly,0.70662,1683,0.707,101,0.275
775,Mothim,0.70662,1683,0.707,185,0.504
776,Magmar,0.70578,1681,0.706,310,0.845
777,Gigalith,0.70452,1678,0.705,354,0.965
778,Remoraid,0.69738,1661,0.697,196,0.534
779,Greninja,0.53196,1267,0.532,414,1.129
780,Meowth,0.39844,949,0.398,54,0.147
781,Muk,0.39467,940,0.395,199,0.543
782,Lycanroc,0.39257,935,0.393,144,0.393
783,Muk-Alola,0.38921,927,0.389,279,0.761
784,Raticate,0.38879,926,0.389,103,0.281
785,Rattata-Alola,0.38627,920,0.386,66,0.180
786,Diglett-Alola,0.38543,918,0.385,105,0.286
787,Golem,0.38543,918,0.385,191,0.521
788,Diglett,0.38543,918,0.385,68,0.185
789,Dugtrio,0.38417,915,0.384,123,0.335
790,Lycanroc-Midnight,0.38291,912,0.383,152,0.414
791,Sandshrew,0.38249,911,0.382,73,0.199
792,Raichu,0.38123,908,0.381,165,0.450
793,Vulpix,0.38081,907,0.381,68,0.185
794,Grimer-Alola,0.38081,907,0.381,100,0.273
795,Exeggutor,0.37997,905,0.380,154,0.420
796,Grimer,0.37955,904,0.380,79,0.215
797,Marowak-Alola,0.37913,903,0.379,261,0.712
798,Sandslash,0.37913,903,0.379,139,0.379
799,Rattata,0.37871,902,0.379,61,0.166
800,Raichu-Alola,0.37745,899,0.377,239,0.652
801,Exeggutor-Alola,0.37451,892,0.375,272,0.742
802,Geodude-Alola,0.37367,890,0.374,106,0.289
803,Meowth-Alola,0.37367,890,0.374,58,0.158
804,Sandslash-Alola,0.37157,885,0.372,228,0.622
805,Vulpix-Alola,0.37031,882,0.370,100,0.273
806,Graveler-Alola,0.36822,877,0.368,198,0.540
807,Persian-Alola,0.36528,870,0.365,127,0.346
808,Ninetales-Alola,0.36444,868,0.364,191,0.521
809,Dugtrio-Alola,0.36360,866,0.364,216,0.589
810,Geodude,0.36150,861,0.361,85,0.232
811,Floette,0.36066,859,0.361,78,0.213
812,Persian,0.35982,857,0.360,116,0.316
813,Raticate-Alola,0.35898,855,0.359,108,0.294
814,Graveler,0.35898,855,0.359,142,0.387
815,Ninetales,0.35646,849,0.356,155,0.423
816,Sandshrew-Alola,0.35562,847,0.356,105,0.286
817,Marowak,0.35478,845,0.355,152,0.414
818,Floette-Eternal,0.35394,843,0.354,164,0.447
819,Golem-Alola,0.35268,840,0.353,233,0.635
820,Greninja-Ash,0.25485,607,0.255,189,0.515
821,Wormadam-Sandy,0.25149,599,0.251,48,0.131
822,Kyurem-Black,0.24940,594,0.249,240,0.654
823,Wormadam-Trash,0.24730,589,0.247,49,0.134
824,Wormadam,0.24394,581,0.244,56,0.153
825,Kyurem,0.24184,576,0.242,216,0.589
826,Kyurem-White,0.24058,573,0.241,259,0.706
827,Rotom-Frost,0.13226,315,0.132,45,0.123
828,Rotom,0.13184,314,0.132,52,0.142
829,Rotom-Wash,0.11924,284,0.119,62,0.169
830,Rotom-Fan,0.11714,279,0.117,63,0.172
831,Rotom-Heat,0.11504,274,0.115,53,0.145
832,Rotom-Mow,0.11378,271,0.114,58,0.158
833,Rayquaza-Mega,0.03611,86,0.036,55,0.150
834,Pinsir-Mega,0.00504,12,0.005,4,0.011
835,Houndoom-Mega,0.00420,10,0.004,2,0.005
836,Metagross-Mega,0.00420,10,0.004,3,0.008
837,Manectric-Mega,0.00420,10,0.004,3,0.008
838,Aggron-Mega,0.00378,9,0.004,4,0.011
839,Charizard-Mega-Y,0.00378,9,0.004,6,0.016
840,Scizor-Mega,0.00378,9,0.004,1,0.003
841,Sceptile-Mega,0.00336,8,0.003,4,0.011
842,Mewtwo-Mega-Y,0.00336,8,0.003,6,0.016
843,Swampert-Mega,0.00294,7,0.003,2,0.005
844,Garchomp-Mega,0.00294,7,0.003,2,0.005
845,Abomasnow-Mega,0.00294,7,0.003,1,0.003
846,Charizard-Mega-X,0.00252,6,0.003,2,0.005
847,Mewtwo-Mega-X,0.00252,6,0.003,3,0.008
848,Heracross-Mega,0.00252,6,0.003,1,0.003
849,Blaziken-Mega,0.00252,6,0.003,3,0.008
850,Glalie-Mega,0.00252,6,0.003,3,0.008
851,Latios-Mega,0.00210,5,0.002,4,0.011
852,Diancie-Mega,0.00210,5,0.002,0,0.000
853,Sableye-Mega,0.00210,5,0.002,2,0.005
854,Absol-Mega,0.00210,5,0.002,1,0.003
855,Kangaskhan-Mega,0.00210,5,0.002,1,0.003
856,Audino-Mega,0.00210,5,0.002,0,0.000
857,Mawile-Mega,0.00210,5,0.002,2,0.005
858,Gallade-Mega,0.00210,5,0.002,2,0.005
859,Gyarados-Mega,0.00210,5,0.002,3,0.008
860,Aerodactyl-Mega,0.00210,5,0.002,2,0.005
861,Venusaur-Mega,0.00210,5,0.002,1,0.003
862,Tyranitar-Mega,0.00168,4,0.002,1,0.003
863,Gengar-Mega,0.00168,4,0.002,2,0.005
864,Gardevoir-Mega,0.00168,4,0.002,1,0.003
865,Sharpedo-Mega,0.00168,4,0.002,1,0.003
866,Altaria-Mega,0.00168,4,0.002,1,0.003
867,Latias-Mega,0.00168,4,0.002,1,0.003
868,Ampharos-Mega,0.00168,4,0.002,2,0.005
869,Slowbro-Mega,0.00168,4,0.002,1,0.003
870,Lucario-Mega,0.00168,4,0.002,2,0.005
871,Blastoise-Mega,0.00126,3,0.001,2,0.005
872,Groudon-Primal,0.00126,3,0.001,2,0.005
873,Pidgeot-Mega,0.00126,3,0.001,3,0.008
874,Steelix-Mega,0.00126,3,0.001,1,0.003
875,Lopunny-Mega,0.00126,3,0.001,1,0.003
876,Medicham-Mega,0.00126,3,0.001,1,0.003
877,Salamence-Mega,0.00126,3,0.001,2,0.005
878,Alakazam-Mega,0.00084,2,0.001,0,0.000
879,Banette-Mega,0.00084,2,0.001,1,0.003
880,Camerupt-Mega,0.00084,2,0.001,1,0.003
881,Kyogre-Primal,0.00084,2,0.001,1,0.003
882,Beedrill-Mega,0.00042,1,0.000,0,0.000
