 Total battles: 64845
 Avg. weight/team: 1.0
Rank,Pokemon,Usage percentage,Raw,Raw percentage,Real,Real percentage
1,Rayquaza-Mega,28.44398,36889,28.444,20153,27.049
2,Mewtwo-Mega-Y,20.72635,26880,20.726,15947,21.404
3,Gengar-Mega,19.30450,25036,19.304,14581,19.570
4,Groudon-Primal,18.43704,23911,18.437,14476,19.429
5,Chansey,17.98442,23324,17.984,13913,18.674
6,Shedinja,16.50320,21403,16.503,13513,18.137
7,Mewtwo-Mega-X,16.43997,21321,16.440,11593,15.560
8,Zygarde-Complete,15.95034,20686,15.950,12934,17.360
9,Kyogre-Primal,15.77839,20463,15.778,11816,15.859
10,Greninja-Ash,15.19084,19701,15.191,11867,15.928
11,Blissey,12.19986,15822,12.200,8806,11.819
12,Deoxys-Speed,12.11890,15717,12.119,11240,15.086
13,Deoxys-Attack,10.30766,13368,10.308,7646,10.262
14,Giratina,9.67615,12549,9.676,8663,11.627
15,Regigigas,8.05459,10446,8.055,6348,8.520
16,Diancie-Mega,7.89729,10242,7.897,6680,8.966
17,Shuckle,6.65664,8633,6.657,5599,7.515
18,Yveltal,6.00278,7785,6.003,4851,6.511
19,Arceus,5.92336,7682,5.923,4391,5.893
20,Kyurem-Black,5.76683,7479,5.767,5048,6.775
21,Lucario-Mega,5.18004,6718,5.180,3954,5.307
22,Aegislash,5.17311,6709,5.173,4289,5.757
23,Kartana,5.14843,6677,5.148,4040,5.422
24,Sceptile-Mega,5.02506,6517,5.025,3933,5.279
25,Solgaleo,4.60637,5974,4.606,3889,5.220
26,Slaking,4.53158,5877,4.532,3315,4.449
27,Pheromosa,4.43982,5758,4.440,3765,5.053
28,Tyranitar-Mega,4.23086,5487,4.231,3409,4.575
29,Registeel,4.21081,5461,4.211,3954,5.307
30,Dialga,4.09669,5313,4.097,3463,4.648
31,Salamence-Mega,4.08975,5304,4.090,2947,3.955
32,Marshadow,4.03038,5227,4.030,3077,4.130
33,Lugia,3.97718,5158,3.977,3147,4.224
34,Deoxys-Defense,3.97641,5157,3.976,3296,4.424
35,Scizor-Mega,3.96330,5140,3.963,3056,4.102
36,Charizard-Mega-X,3.95944,5135,3.959,2995,4.020
37,Arceus-Ghost,3.83684,4976,3.837,2962,3.976
38,Alakazam-Mega,3.81911,4953,3.819,2766,3.712
39,Xerneas,3.77978,4902,3.780,2901,3.894
40,Darkrai,3.66412,4752,3.664,3085,4.141
41,Blaziken-Mega,3.64099,4722,3.641,2760,3.704
42,Metagross-Mega,3.60089,4670,3.601,2722,3.653
43,Aggron-Mega,3.46287,4491,3.463,2867,3.848
44,Gyarados-Mega,3.45979,4487,3.460,2827,3.794
45,Lunala,3.27705,4250,3.277,2416,3.243
46,Kyurem-White,3.06963,3981,3.070,2292,3.076
47,Audino-Mega,3.04033,3943,3.040,2560,3.436
48,Mimikyu,2.75195,3569,2.752,2243,3.010
49,Gardevoir-Mega,2.63860,3422,2.639,2000,2.684
50,Zekrom,2.61624,3393,2.616,1978,2.655
51,Heracross-Mega,2.58848,3357,2.588,2081,2.793
52,Swampert-Mega,2.58848,3357,2.588,2034,2.730
53,Aerodactyl-Mega,2.50983,3255,2.510,2116,2.840
54,Charizard-Mega-Y,2.45046,3178,2.450,1872,2.513
55,Giratina-Origin,2.44892,3176,2.449,1882,2.526
56,Hoopa-Unbound,2.32940,3021,2.329,1498,2.011
57,Xurkitree,2.32477,3015,2.325,1727,2.318
58,Eevee,2.29624,2978,2.296,2164,2.904
59,Steelix-Mega,2.19292,2844,2.193,1815,2.436
60,Celesteela,2.18830,2838,2.188,1833,2.460
61,Garchomp-Mega,2.16748,2811,2.167,1617,2.170
62,Guzzlord,2.09731,2720,2.097,1814,2.435
63,Weavile,2.09191,2713,2.092,1866,2.504
64,Kangaskhan-Mega,2.06492,2678,2.065,1264,1.697
65,Venusaur-Mega,1.94310,2520,1.943,1496,2.008
66,Lopunny-Mega,1.87061,2426,1.871,1570,2.107
67,Gallade-Mega,1.85365,2404,1.854,1300,1.745
68,Tapu Koko,1.85134,2401,1.851,1427,1.915
69,Genesect,1.81972,2360,1.820,1341,1.800
70,Toxapex,1.81124,2349,1.811,1389,1.864
71,Latios-Mega,1.76652,2291,1.767,1239,1.663
72,Sableye-Mega,1.72951,2243,1.730,1389,1.864
73,Beedrill-Mega,1.70792,2215,1.708,1375,1.845
74,Snorlax,1.70638,2213,1.706,1271,1.706
75,Palkia,1.65472,2146,1.655,1276,1.713
76,Ho-Oh,1.63929,2126,1.639,1252,1.680
77,Magikarp,1.57915,2048,1.579,991,1.330
78,Banette-Mega,1.46272,1897,1.463,1186,1.592
79,Slowbro-Mega,1.44036,1868,1.440,1178,1.581
80,Manectric-Mega,1.43419,1860,1.434,1112,1.492
81,Reshiram,1.37405,1782,1.374,951,1.276
82,Pikachu,1.34629,1746,1.346,1078,1.447
83,Arceus-Steel,1.27766,1657,1.278,957,1.284
84,Ferrothorn,1.26224,1637,1.262,1129,1.515
85,Ninjask,1.25839,1632,1.258,1128,1.514
86,Magearna,1.25530,1628,1.255,1086,1.458
87,Skarmory,1.21443,1575,1.214,973,1.306
88,Cosmoem,1.20981,1569,1.210,976,1.310
89,Ampharos-Mega,1.14735,1488,1.147,985,1.322
90,Wishiwashi-School,1.13270,1469,1.133,867,1.164
91,Arceus-Fairy,1.13193,1468,1.132,815,1.094
92,Marowak-Alola,1.12345,1457,1.123,903,1.212
93,Mew,1.12114,1454,1.121,823,1.105
94,Pidgeot-Mega,1.07256,1391,1.073,835,1.121
95,Latias-Mega,1.03169,1338,1.032,773,1.037
96,Golisopod,1.01935,1322,1.019,835,1.121
97,Decidueye,1.01473,1316,1.015,776,1.042
98,Infernape,1.01319,1314,1.013,746,1.001
99,Blastoise-Mega,1.00779,1307,1.008,771,1.035
100,Mawile-Mega,0.97540,1265,0.975,622,0.835
101,Dragonite,0.96846,1256,0.968,766,1.028
102,Incineroar,0.91063,1181,0.911,770,1.033
103,Absol-Mega,0.90678,1176,0.907,683,0.917
104,Pyukumuku,0.88827,1152,0.888,677,0.909
105,Arceus-Dark,0.86360,1120,0.864,789,1.059
106,Altaria-Mega,0.85434,1108,0.854,660,0.886
107,Meloetta,0.84201,1092,0.842,612,0.821
108,Muk-Alola,0.83276,1080,0.833,723,0.970
109,Umbreon,0.82196,1066,0.822,760,1.020
110,Buzzwole,0.79420,1030,0.794,578,0.776
111,Garchomp,0.79266,1028,0.793,557,0.748
112,Mewtwo,0.77030,999,0.770,566,0.760
113,Ditto,0.76876,997,0.769,607,0.815
114,Arceus-Water,0.76876,997,0.769,557,0.748
115,Arceus-Electric,0.76799,996,0.768,532,0.714
116,Archeops,0.74331,964,0.743,580,0.778
117,Tapu Lele,0.73483,953,0.735,512,0.687
118,Zapdos,0.71864,932,0.719,572,0.768
119,Houndoom-Mega,0.70322,912,0.703,520,0.698
120,Noivern,0.69936,907,0.699,540,0.725
121,Victini,0.68240,885,0.682,531,0.713
122,Regice,0.68085,883,0.681,579,0.777
123,Primarina,0.68008,882,0.680,494,0.663
124,Shaymin-Sky,0.67237,872,0.672,495,0.664
125,Jolteon,0.67237,872,0.672,494,0.663
126,Arceus-Fire,0.66775,866,0.668,519,0.697
127,Talonflame,0.65464,849,0.655,524,0.703
128,Wailord,0.64230,833,0.642,547,0.734
129,Tapu Fini,0.63845,828,0.638,525,0.705
130,Salazzle,0.62534,811,0.625,464,0.623
131,Volcarona,0.62071,805,0.621,474,0.636
132,Goodra,0.61994,804,0.620,489,0.656
133,Heatran,0.61377,796,0.614,498,0.668
134,Gyarados,0.61300,795,0.613,450,0.604
135,Raichu-Alola,0.61223,794,0.612,447,0.600
136,Thundurus-Therian,0.60529,785,0.605,462,0.620
137,Sylveon,0.59989,778,0.600,417,0.560
138,Nihilego,0.59835,776,0.598,542,0.727
139,Type: Null,0.58524,759,0.585,478,0.642
140,Pinsir-Mega,0.57907,751,0.579,479,0.643
141,Rattata,0.57753,749,0.578,269,0.361
142,Arcanine,0.57136,741,0.571,401,0.538
143,Tapu Bulu,0.57059,740,0.571,398,0.534
144,Electivire,0.56905,738,0.569,444,0.596
145,Bisharp,0.56365,731,0.564,464,0.623
146,Zygarde,0.55286,717,0.553,389,0.522
147,Blaziken,0.55131,715,0.551,392,0.526
148,Glalie-Mega,0.52201,677,0.522,360,0.483
149,Gengar,0.51816,672,0.518,468,0.628
150,Porygon2,0.51739,671,0.517,351,0.471
151,Volcanion,0.50120,650,0.501,368,0.494
152,Magnezone,0.49426,641,0.494,402,0.540
153,Rampardos,0.48963,635,0.490,325,0.436
154,Cresselia,0.48577,630,0.486,430,0.577
155,Arceus-Dragon,0.48269,626,0.483,399,0.536
156,Ninetales-Alola,0.47883,621,0.479,348,0.467
157,Hydreigon,0.47498,616,0.475,365,0.490
158,Cloyster,0.47344,614,0.473,360,0.483
159,Regirock,0.46650,605,0.466,413,0.554
160,Latios,0.45339,588,0.453,320,0.429
161,Espeon,0.45339,588,0.453,359,0.482
162,Serperior,0.45262,587,0.453,341,0.458
163,Landorus-Therian,0.44876,582,0.449,380,0.510
164,Smeargle,0.44568,578,0.446,371,0.498
165,Rayquaza,0.44491,577,0.445,353,0.474
166,Arceus-Flying,0.44491,577,0.445,325,0.436
167,Darmanitan,0.43874,569,0.439,316,0.424
168,Abomasnow-Mega,0.43334,562,0.433,374,0.502
169,Togekiss,0.43257,561,0.433,350,0.470
170,Gliscor,0.42717,554,0.427,279,0.374
171,Porygon-Z,0.42255,548,0.423,363,0.487
172,Lucario,0.41792,542,0.418,240,0.322
173,Camerupt-Mega,0.41561,539,0.416,339,0.455
174,Wobbuffet,0.41406,537,0.414,299,0.401
175,Excadrill,0.41098,533,0.411,307,0.412
176,Kommo-o,0.40635,527,0.406,312,0.419
177,Bastiodon,0.40404,524,0.404,395,0.530
178,Vaporeon,0.40250,522,0.402,281,0.377
179,Greninja,0.39710,515,0.397,372,0.499
180,Staraptor,0.39016,506,0.390,303,0.407
181,Rotom-Wash,0.38939,505,0.389,312,0.419
182,Zoroark,0.38091,494,0.381,251,0.337
183,Dusclops,0.37782,490,0.378,303,0.407
184,Necrozma,0.37705,489,0.377,300,0.403
185,Chandelure,0.37243,483,0.372,266,0.357
186,Metagross,0.36549,474,0.365,205,0.275
187,Jirachi,0.36317,471,0.363,260,0.349
188,Zygarde-10,0.36317,471,0.363,301,0.404
189,Arceus-Ice,0.36163,469,0.362,243,0.326
190,Floette-Eternal,0.35469,460,0.355,246,0.330
191,Hawlucha,0.35469,460,0.355,280,0.376
192,Palossand,0.35007,454,0.350,230,0.309
193,Lapras,0.34852,452,0.349,283,0.380
194,Vikavolt,0.34081,442,0.341,278,0.373
195,Luxray,0.33542,435,0.335,284,0.381
196,Sceptile,0.33464,434,0.335,248,0.333
197,Suicune,0.33464,434,0.335,239,0.321
198,Deoxys,0.33310,432,0.333,244,0.327
199,Arceus-Ground,0.33156,430,0.332,204,0.274
200,Groudon,0.33079,429,0.331,265,0.356
201,Mamoswine,0.32925,427,0.329,259,0.348
202,Typhlosion,0.32385,420,0.324,250,0.336
203,Tornadus-Therian,0.32385,420,0.324,231,0.310
204,Charizard,0.31922,414,0.319,252,0.338
205,Eelektross,0.31845,413,0.318,205,0.275
206,Sunkern,0.31460,408,0.315,203,0.272
207,Sharpedo-Mega,0.31305,406,0.313,282,0.378
208,Flareon,0.31305,406,0.313,243,0.326
209,Electrode,0.31151,404,0.312,317,0.425
210,Landorus,0.31074,403,0.311,225,0.302
211,Arceus-Psychic,0.30920,401,0.309,231,0.310
212,Mantine,0.30457,395,0.305,228,0.306
213,Kyogre,0.30380,394,0.304,238,0.319
214,Comfey,0.30226,392,0.302,171,0.230
215,Glaceon,0.30149,391,0.301,265,0.356
216,Ribombee,0.29917,388,0.299,272,0.365
217,Arceus-Grass,0.29840,387,0.298,277,0.372
218,Florges,0.29609,384,0.296,248,0.333
219,Krookodile,0.29224,379,0.292,220,0.295
220,Spiritomb,0.29224,379,0.292,269,0.361
221,Tyrantrum,0.29224,379,0.292,217,0.291
222,Articuno,0.28992,376,0.290,233,0.313
223,Machamp,0.28761,373,0.288,233,0.313
224,Donphan,0.28684,372,0.287,262,0.352
225,Empoleon,0.28452,369,0.285,204,0.274
226,Sandslash-Alola,0.28452,369,0.285,227,0.305
227,Feraligatr,0.28452,369,0.285,230,0.309
228,Exeggutor-Alola,0.28221,366,0.282,233,0.313
229,Crabominable,0.28144,365,0.281,228,0.306
230,Drifblim,0.28067,364,0.281,218,0.293
231,Tyranitar,0.27836,361,0.278,245,0.329
232,Bewear,0.27759,360,0.278,198,0.266
233,Breloom,0.27681,359,0.277,210,0.282
234,Cosmog,0.27527,357,0.275,178,0.239
235,Ludicolo,0.27450,356,0.275,197,0.264
236,Scolipede,0.27065,351,0.271,273,0.366
237,Gardevoir,0.27065,351,0.271,200,0.268
238,Vespiquen,0.26525,344,0.265,250,0.336
239,Milotic,0.26448,343,0.264,229,0.307
240,Crobat,0.26293,341,0.263,218,0.293
241,Arceus-Poison,0.25754,334,0.258,157,0.211
242,Dunsparce,0.25754,334,0.258,110,0.148
243,Delphox,0.25677,333,0.257,185,0.248
244,Marowak,0.25291,328,0.253,210,0.282
245,Haxorus,0.25214,327,0.252,190,0.255
246,Keldeo,0.24983,324,0.250,203,0.272
247,Rhydon,0.24828,322,0.248,190,0.255
248,Forretress,0.24674,320,0.247,260,0.349
249,Turtonator,0.24520,318,0.245,196,0.263
250,Torterra,0.24212,314,0.242,206,0.276
251,Leafeon,0.24212,314,0.242,162,0.217
252,Samurott,0.24212,314,0.242,174,0.234
253,Dhelmise,0.24134,313,0.241,208,0.279
254,Golduck,0.24057,312,0.241,113,0.152
255,Accelgor,0.24057,312,0.241,176,0.236
256,Drapion,0.23980,311,0.240,171,0.230
257,Minior,0.23672,307,0.237,169,0.227
258,Gigalith,0.23286,302,0.233,232,0.311
259,Golurk,0.23132,300,0.231,194,0.260
260,Gumshoos,0.22824,296,0.228,177,0.238
261,Aron,0.22592,293,0.226,203,0.272
262,Dusknoir,0.22592,293,0.226,222,0.298
263,Moltres,0.22515,292,0.225,179,0.240
264,Manaphy,0.22284,289,0.223,176,0.236
265,Arceus-Bug,0.22207,288,0.222,173,0.232
266,Lycanroc-Midnight,0.22053,286,0.221,189,0.254
267,Salamence,0.21667,281,0.217,171,0.230
268,Swampert,0.21667,281,0.217,163,0.219
269,Lycanroc,0.21513,279,0.215,162,0.217
270,Entei,0.21513,279,0.215,165,0.221
271,Kingdra,0.21436,278,0.214,160,0.215
272,Galvantula,0.21282,276,0.213,212,0.285
273,Dugtrio,0.20896,271,0.209,173,0.232
274,Tsareena,0.20742,269,0.207,146,0.196
275,Celebi,0.20665,268,0.207,149,0.200
276,Lurantis,0.20588,267,0.206,154,0.207
277,Avalugg,0.20510,266,0.205,169,0.227
278,Rattata-Alola,0.20433,265,0.204,127,0.170
279,Escavalier,0.20279,263,0.203,172,0.231
280,Gastrodon,0.20202,262,0.202,119,0.160
281,Golem-Alola,0.19739,256,0.197,187,0.251
282,Drampa,0.19739,256,0.197,146,0.196
283,Clefable,0.19200,249,0.192,142,0.191
284,Scrafty,0.19200,249,0.192,139,0.187
285,Nidoking,0.18968,246,0.190,163,0.219
286,Raichu,0.18814,244,0.188,163,0.219
287,Araquanid,0.18583,241,0.186,139,0.187
288,Braviary,0.18506,240,0.185,129,0.173
289,Cofagrigus,0.18506,240,0.185,168,0.225
290,Bidoof,0.18429,239,0.184,120,0.161
291,Blastoise,0.18351,238,0.184,138,0.185
292,Arceus-Fighting,0.18197,236,0.182,138,0.185
293,Caterpie,0.17735,230,0.177,182,0.244
294,Medicham-Mega,0.17426,226,0.174,115,0.154
295,Roserade,0.17118,222,0.171,130,0.174
296,Rotom-Frost,0.17041,221,0.170,108,0.145
297,Silvally,0.16964,220,0.170,116,0.156
298,Lilligant,0.16964,220,0.170,128,0.172
299,Ampharos,0.16886,219,0.169,114,0.153
300,Raikou,0.16886,219,0.169,117,0.157
301,Miltank,0.16578,215,0.166,90,0.121
302,Tangrowth,0.16270,211,0.163,138,0.185
303,Ursaring,0.16270,211,0.163,118,0.158
304,Diancie,0.16192,210,0.162,142,0.191
305,Kyurem,0.15961,207,0.160,136,0.183
306,Chesnaught,0.15884,206,0.159,128,0.172
307,Ninetales,0.15498,201,0.155,121,0.162
308,Toxicroak,0.15344,199,0.153,103,0.138
309,Latias,0.15267,198,0.153,105,0.141
310,Heliolisk,0.14959,194,0.150,122,0.164
311,Doublade,0.14959,194,0.150,120,0.161
312,Poliwrath,0.14805,192,0.148,127,0.170
313,Carbink,0.14805,192,0.148,134,0.180
314,Vanilluxe,0.14650,190,0.147,107,0.144
315,Flygon,0.14573,189,0.146,104,0.140
316,Pangoro,0.14265,185,0.143,116,0.156
317,Froslass,0.14265,185,0.143,116,0.156
318,Starly,0.14188,184,0.142,59,0.079
319,Hariyama,0.14111,183,0.141,118,0.158
320,Exploud,0.13494,175,0.135,97,0.130
321,Dugtrio-Alola,0.13494,175,0.135,91,0.122
322,Magmortar,0.13494,175,0.135,111,0.149
323,Whimsicott,0.13262,172,0.133,133,0.179
324,Shiinotic,0.13108,170,0.131,109,0.146
325,Combee,0.13108,170,0.131,133,0.179
326,Aggron,0.12877,167,0.129,116,0.156
327,Quagsire,0.12877,167,0.129,112,0.150
328,Terrakion,0.12877,167,0.129,85,0.114
329,Meganium,0.12723,165,0.127,89,0.119
330,Rapidash,0.12723,165,0.127,131,0.176
331,Alakazam,0.12414,161,0.124,106,0.142
332,Gallade,0.12337,160,0.123,103,0.138
333,Scizor,0.12337,160,0.123,92,0.123
334,Pelipper,0.12337,160,0.123,110,0.148
335,Tentacruel,0.12260,159,0.123,102,0.137
336,Toucannon,0.12183,158,0.122,89,0.119
337,Victreebel,0.12106,157,0.121,99,0.133
338,Minior-Meteor,0.12106,157,0.121,106,0.142
339,Mismagius,0.12029,156,0.120,85,0.114
340,Probopass,0.12029,156,0.120,112,0.150
341,Conkeldurr,0.11952,155,0.120,103,0.138
342,Thundurus,0.11952,155,0.120,94,0.126
343,Clawitzer,0.11874,154,0.119,75,0.101
344,Rhyperior,0.11720,152,0.117,78,0.105
345,Klinklang,0.11643,151,0.116,101,0.136
346,Torkoal,0.11489,149,0.115,103,0.138
347,Pyroar,0.11412,148,0.114,82,0.110
348,Mandibuzz,0.11258,146,0.113,82,0.110
349,Raticate,0.11181,145,0.112,72,0.097
350,Carracosta,0.11181,145,0.112,94,0.126
351,Reuniclus,0.11103,144,0.111,68,0.091
352,Oricorio,0.10949,142,0.109,76,0.102
353,Claydol,0.10872,141,0.109,95,0.128
354,Riolu,0.10872,141,0.109,95,0.128
355,Sableye,0.10795,140,0.108,99,0.133
356,Trevenant,0.10718,139,0.107,80,0.107
357,Togedemaru,0.10641,138,0.106,94,0.126
358,Emboar,0.10641,138,0.106,90,0.121
359,Raticate-Alola,0.10487,136,0.105,92,0.123
360,Swellow,0.10332,134,0.103,71,0.095
361,Gourgeist-Super,0.10332,134,0.103,94,0.126
362,Exeggutor,0.10332,134,0.103,69,0.093
363,Silvally-Electric,0.10332,134,0.103,79,0.106
364,Aerodactyl,0.10332,134,0.103,77,0.103
365,Absol,0.10255,133,0.103,72,0.097
366,Hitmonlee,0.10255,133,0.103,69,0.093
367,Durant,0.10178,132,0.102,88,0.118
368,Venusaur,0.09947,129,0.099,80,0.107
369,Mimikyu-Busted,0.09947,129,0.099,86,0.115
370,Cinccino,0.09947,129,0.099,74,0.099
371,Pidgey,0.09870,128,0.099,48,0.064
372,Rotom-Heat,0.09793,127,0.098,70,0.094
373,Steelix,0.09715,126,0.097,82,0.110
374,Lanturn,0.09715,126,0.097,66,0.089
375,Politoed,0.09638,125,0.096,85,0.114
376,Dodrio,0.09561,124,0.096,87,0.117
377,Weedle,0.09484,123,0.095,69,0.093
378,Honchkrow,0.09407,122,0.094,84,0.113
379,Mudsdale,0.09330,121,0.093,60,0.081
380,Lickilicky,0.09253,120,0.093,65,0.087
381,Sawk,0.09253,120,0.093,83,0.111
382,Farfetch'd,0.09176,119,0.092,74,0.099
383,Wingull,0.09176,119,0.092,26,0.035
384,Bronzong,0.09176,119,0.092,63,0.085
385,Castform,0.09176,119,0.092,61,0.082
386,Crawdaunt,0.09099,118,0.091,81,0.109
387,Azumarill,0.09099,118,0.091,68,0.091
388,Hoopa,0.09099,118,0.091,61,0.082
389,Alomomola,0.09022,117,0.090,79,0.106
390,Persian-Alola,0.08944,116,0.089,46,0.062
391,Meowstic,0.08867,115,0.089,78,0.105
392,Amoonguss,0.08867,115,0.089,62,0.083
393,Seismitoad,0.08867,115,0.089,65,0.087
394,Tornadus,0.08790,114,0.088,80,0.107
395,Oranguru,0.08713,113,0.087,44,0.059
396,Omastar,0.08636,112,0.086,72,0.097
397,Ambipom,0.08636,112,0.086,74,0.099
398,Tauros,0.08559,111,0.086,38,0.051
399,Wishiwashi,0.08559,111,0.086,74,0.099
400,Tropius,0.08482,110,0.085,56,0.075
401,Starmie,0.08405,109,0.084,58,0.078
402,Munchlax,0.08405,109,0.084,39,0.052
403,Yanmega,0.08328,108,0.083,62,0.083
404,Oricorio-Sensu,0.08096,105,0.081,68,0.091
405,Butterfree,0.08019,104,0.080,69,0.093
406,Klefki,0.08019,104,0.080,63,0.085
407,Rotom-Mow,0.07942,103,0.079,57,0.077
408,Salandit,0.07942,103,0.079,57,0.077
409,Rotom-Fan,0.07942,103,0.079,73,0.098
410,Wigglytuff,0.07865,102,0.079,66,0.089
411,Golem,0.07865,102,0.079,74,0.099
412,Dragalge,0.07788,101,0.078,68,0.091
413,Oricorio-Pom-Pom,0.07788,101,0.078,53,0.071
414,Jigglypuff,0.07788,101,0.078,77,0.103
415,Kabutops,0.07788,101,0.078,45,0.060
416,Furret,0.07788,101,0.078,42,0.056
417,Noctowl,0.07711,100,0.077,72,0.097
418,Arbok,0.07634,99,0.076,63,0.085
419,Jellicent,0.07479,97,0.075,59,0.079
420,Barbaracle,0.07479,97,0.075,78,0.105
421,Zebstrika,0.07325,95,0.073,55,0.074
422,Cryogonal,0.07325,95,0.073,48,0.064
423,Venomoth,0.07248,94,0.072,65,0.087
424,Uxie,0.07248,94,0.072,70,0.094
425,Aurorus,0.07248,94,0.072,59,0.079
426,Sliggoo,0.07248,94,0.072,49,0.066
427,Ariados,0.07171,93,0.072,64,0.086
428,Relicanth,0.07171,93,0.072,58,0.078
429,Komala,0.07094,92,0.071,68,0.091
430,Swanna,0.07017,91,0.070,56,0.075
431,Hippowdon,0.07017,91,0.070,84,0.113
432,Passimian,0.07017,91,0.070,59,0.079
433,Cobalion,0.06940,90,0.069,40,0.054
434,Squirtle,0.06863,89,0.069,54,0.072
435,Zangoose,0.06785,88,0.068,57,0.077
436,Rockruff,0.06708,87,0.067,80,0.107
437,Dedenne,0.06631,86,0.066,50,0.067
438,Gogoat,0.06631,86,0.066,52,0.070
439,Pichu,0.06554,85,0.066,63,0.085
440,Cacturne,0.06477,84,0.065,61,0.082
441,Stantler,0.06477,84,0.065,58,0.078
442,Emolga,0.06400,83,0.064,52,0.070
443,Unown,0.06400,83,0.064,43,0.058
444,Azelf,0.06323,82,0.063,48,0.064
445,Jynx,0.06246,81,0.062,53,0.071
446,Hypno,0.06169,80,0.062,49,0.066
447,Beartic,0.06169,80,0.062,40,0.054
448,Floatzel,0.05937,77,0.059,48,0.064
449,Clamperl,0.05937,77,0.059,35,0.047
450,Nosepass,0.05937,77,0.059,33,0.044
451,Magcargo,0.05937,77,0.059,28,0.038
452,Slowbro,0.05860,76,0.059,42,0.056
453,Bulbasaur,0.05860,76,0.059,59,0.079
454,Silvally-Fairy,0.05860,76,0.059,50,0.067
455,Slowking,0.05860,76,0.059,43,0.058
456,Geodude,0.05860,76,0.059,62,0.083
457,Heracross,0.05860,76,0.059,44,0.059
458,Qwilfish,0.05783,75,0.058,51,0.068
459,Scyther,0.05783,75,0.058,53,0.071
460,Cradily,0.05783,75,0.058,43,0.058
461,Shaymin,0.05783,75,0.058,32,0.043
462,Charjabug,0.05706,74,0.057,51,0.068
463,Unfezant,0.05629,73,0.056,46,0.062
464,Weezing,0.05629,73,0.056,51,0.068
465,Throh,0.05552,72,0.056,47,0.063
466,Gothitelle,0.05552,72,0.056,51,0.068
467,Bibarel,0.05397,70,0.054,38,0.051
468,Virizion,0.05397,70,0.054,45,0.060
469,Leavanny,0.05397,70,0.054,46,0.062
470,Silvally-Fire,0.05397,70,0.054,47,0.063
471,Diglett-Alola,0.05320,69,0.053,53,0.071
472,Audino,0.05320,69,0.053,22,0.030
473,Persian,0.05320,69,0.053,45,0.060
474,Abomasnow,0.05320,69,0.053,45,0.060
475,Armaldo,0.05320,69,0.053,46,0.062
476,Wooper,0.05243,68,0.052,33,0.044
477,Primeape,0.05243,68,0.052,43,0.058
478,Malamar,0.05166,67,0.052,32,0.043
479,Sunflora,0.05166,67,0.052,36,0.048
480,Feebas,0.05166,67,0.052,46,0.062
481,Hitmonchan,0.05089,66,0.051,49,0.066
482,Beheeyem,0.05089,66,0.051,44,0.059
483,Octillery,0.05012,65,0.050,46,0.062
484,Kangaskhan,0.05012,65,0.050,47,0.063
485,Oricorio-Pa'u,0.05012,65,0.050,28,0.038
486,Crustle,0.05012,65,0.050,44,0.059
487,Kingler,0.05012,65,0.050,43,0.058
488,Magnemite,0.04935,64,0.049,40,0.054
489,Torchic,0.04935,64,0.049,24,0.032
490,Torracat,0.04858,63,0.049,44,0.059
491,Vivillon,0.04858,63,0.049,34,0.046
492,Sandslash,0.04781,62,0.048,48,0.064
493,Bruxish,0.04781,62,0.048,39,0.052
494,Wartortle,0.04704,61,0.047,46,0.062
495,Stoutland,0.04626,60,0.046,35,0.047
496,Spinda,0.04626,60,0.046,31,0.042
497,Banette,0.04549,59,0.045,41,0.055
498,Muk,0.04472,58,0.045,44,0.059
499,Slurpuff,0.04472,58,0.045,30,0.040
500,Zubat,0.04472,58,0.045,27,0.036
501,Druddigon,0.04395,57,0.044,32,0.043
502,Sigilyph,0.04318,56,0.043,35,0.047
503,Sandshrew-Alola,0.04318,56,0.043,22,0.030
504,Pidgeot,0.04318,56,0.043,41,0.055
505,Arceus-Rock,0.04241,55,0.042,32,0.043
506,Corsola,0.04241,55,0.042,36,0.048
507,Delcatty,0.04241,55,0.042,34,0.046
508,Bayleef,0.04164,54,0.042,24,0.032
509,Rotom,0.04087,53,0.041,46,0.062
510,Liepard,0.04087,53,0.041,41,0.055
511,Charmander,0.04087,53,0.041,41,0.055
512,Hakamo-o,0.04010,52,0.040,28,0.038
513,Machoke,0.03932,51,0.039,42,0.056
514,Crabrawler,0.03932,51,0.039,40,0.054
515,Huntail,0.03855,50,0.039,29,0.039
516,Jumpluff,0.03855,50,0.039,27,0.036
517,Kecleon,0.03855,50,0.039,39,0.052
518,Shiftry,0.03855,50,0.039,25,0.034
519,Linoone,0.03778,49,0.038,38,0.051
520,Luvdisc,0.03778,49,0.038,34,0.046
521,Wynaut,0.03778,49,0.038,35,0.047
522,Diglett,0.03778,49,0.038,28,0.038
523,Diggersby,0.03701,48,0.037,34,0.046
524,Beautifly,0.03701,48,0.037,31,0.042
525,Igglybuff,0.03624,47,0.036,30,0.040
526,Happiny,0.03624,47,0.036,30,0.040
527,Rowlet,0.03624,47,0.036,30,0.040
528,Delibird,0.03624,47,0.036,36,0.048
529,Braixen,0.03547,46,0.035,23,0.031
530,Skitty,0.03547,46,0.035,23,0.031
531,Silvally-Fighting,0.03547,46,0.035,13,0.017
532,Tangela,0.03470,45,0.035,38,0.051
533,Zorua,0.03470,45,0.035,17,0.023
534,Pachirisu,0.03470,45,0.035,32,0.043
535,Vileplume,0.03393,44,0.034,28,0.038
536,Magneton,0.03316,43,0.033,34,0.046
537,Froakie,0.03316,43,0.033,34,0.046
538,Dewgong,0.03316,43,0.033,26,0.035
539,Kadabra,0.03238,42,0.032,24,0.032
540,Granbull,0.03238,42,0.032,25,0.034
541,Lopunny,0.03238,42,0.032,23,0.031
542,Mudkip,0.03161,41,0.032,19,0.026
543,Onix,0.03161,41,0.032,37,0.050
544,Volbeat,0.03161,41,0.032,29,0.039
545,Mr. Mime,0.03161,41,0.032,24,0.032
546,Ledian,0.03084,40,0.031,29,0.039
547,Parasect,0.03084,40,0.031,26,0.035
548,Silvally-Dragon,0.03084,40,0.031,26,0.035
549,Yamask,0.03084,40,0.031,34,0.046
550,Sharpedo,0.03007,39,0.030,33,0.044
551,Sudowoodo,0.03007,39,0.030,21,0.028
552,Gastly,0.03007,39,0.030,24,0.032
553,Kricketune,0.03007,39,0.030,18,0.024
554,Taillow,0.02930,38,0.029,17,0.023
555,Manectric,0.02930,38,0.029,24,0.032
556,Sawsbuck,0.02930,38,0.029,21,0.028
557,Nidoqueen,0.02853,37,0.029,28,0.038
558,Silvally-Ghost,0.02853,37,0.029,27,0.036
559,Aipom,0.02853,37,0.029,13,0.017
560,Walrein,0.02776,36,0.028,22,0.030
561,Haunter,0.02776,36,0.028,28,0.038
562,Masquerain,0.02776,36,0.028,19,0.026
563,Metapod,0.02776,36,0.028,22,0.030
564,Dustox,0.02776,36,0.028,22,0.030
565,Whiscash,0.02776,36,0.028,12,0.016
566,Mienshao,0.02699,35,0.027,20,0.027
567,Houndoom,0.02622,34,0.026,22,0.030
568,Bellossom,0.02622,34,0.026,23,0.031
569,Fennekin,0.02622,34,0.026,20,0.027
570,Snivy,0.02622,34,0.026,20,0.027
571,Skuntank,0.02545,33,0.025,12,0.016
572,Solrock,0.02545,33,0.025,21,0.028
573,Cyndaquil,0.02545,33,0.025,24,0.032
574,Mothim,0.02545,33,0.025,18,0.024
575,Bouffalant,0.02467,32,0.025,23,0.031
576,Gorebyss,0.02467,32,0.025,15,0.020
577,Vulpix-Alola,0.02390,31,0.024,23,0.031
578,Heatmor,0.02390,31,0.024,22,0.030
579,Piplup,0.02390,31,0.024,25,0.034
580,Shellos,0.02313,30,0.023,5,0.007
581,Beedrill,0.02313,30,0.023,17,0.023
582,Camerupt,0.02313,30,0.023,17,0.023
583,Whirlipede,0.02313,30,0.023,10,0.013
584,Seviper,0.02236,29,0.022,26,0.035
585,Swirlix,0.02236,29,0.022,18,0.024
586,Graveler-Alola,0.02236,29,0.022,22,0.030
587,Popplio,0.02236,29,0.022,18,0.024
588,Treecko,0.02159,28,0.022,23,0.031
589,Chimecho,0.02159,28,0.022,14,0.019
590,Wormadam-Trash,0.02159,28,0.022,12,0.016
591,Kabuto,0.02159,28,0.022,21,0.028
592,Metang,0.02082,27,0.021,14,0.019
593,Simipour,0.02082,27,0.021,18,0.024
594,Purugly,0.02082,27,0.021,18,0.024
595,Lampent,0.02082,27,0.021,21,0.028
596,Pineco,0.02082,27,0.021,27,0.036
597,Cubone,0.02082,27,0.021,20,0.027
598,Girafarig,0.02005,26,0.020,15,0.020
599,Togetic,0.02005,26,0.020,17,0.023
600,Gible,0.02005,26,0.020,12,0.016
601,Slakoth,0.01928,25,0.019,14,0.019
602,Litten,0.01928,25,0.019,18,0.024
603,Vulpix,0.01928,25,0.019,20,0.027
604,Musharna,0.01928,25,0.019,12,0.016
605,Chatot,0.01928,25,0.019,15,0.020
606,Fearow,0.01928,25,0.019,20,0.027
607,Hitmontop,0.01928,25,0.019,10,0.013
608,Psyduck,0.01851,24,0.019,16,0.021
609,Oddish,0.01851,24,0.019,20,0.027
610,Glalie,0.01851,24,0.019,15,0.020
611,Duskull,0.01851,24,0.019,19,0.026
612,Geodude-Alola,0.01851,24,0.019,11,0.015
613,Xatu,0.01851,24,0.019,18,0.024
614,Trubbish,0.01851,24,0.019,14,0.019
615,Silvally-Ice,0.01851,24,0.019,17,0.023
616,Litwick,0.01851,24,0.019,18,0.024
617,Ferroseed,0.01851,24,0.019,17,0.023
618,Wimpod,0.01773,23,0.018,20,0.027
619,Electabuzz,0.01773,23,0.018,15,0.020
620,Pumpkaboo,0.01773,23,0.018,19,0.026
621,Voltorb,0.01773,23,0.018,15,0.020
622,Garbodor,0.01773,23,0.018,18,0.024
623,Gourgeist-Small,0.01696,22,0.017,12,0.016
624,Swoobat,0.01696,22,0.017,15,0.020
625,Ralts,0.01696,22,0.017,18,0.024
626,Medicham,0.01696,22,0.017,14,0.019
627,Golbat,0.01696,22,0.017,17,0.023
628,Corphish,0.01696,22,0.017,7,0.009
629,Stufful,0.01696,22,0.017,4,0.005
630,Tentacool,0.01696,22,0.017,14,0.019
631,Swalot,0.01696,22,0.017,15,0.020
632,Klang,0.01619,21,0.016,12,0.016
633,Silvally-Steel,0.01619,21,0.016,7,0.009
634,Charmeleon,0.01619,21,0.016,18,0.024
635,Herdier,0.01619,21,0.016,10,0.013
636,Aromatisse,0.01619,21,0.016,13,0.017
637,Togepi,0.01542,20,0.015,17,0.023
638,Altaria,0.01542,20,0.015,12,0.016
639,Pawniard,0.01542,20,0.015,13,0.017
640,Stunfisk,0.01542,20,0.015,11,0.015
641,Seedot,0.01465,19,0.015,17,0.023
642,Mankey,0.01465,19,0.015,9,0.012
643,Dartrix,0.01465,19,0.015,14,0.019
644,Lileep,0.01465,19,0.015,10,0.013
645,Furfrou,0.01465,19,0.015,10,0.013
646,Seaking,0.01465,19,0.015,16,0.021
647,Buizel,0.01465,19,0.015,10,0.013
648,Gligar,0.01465,19,0.015,12,0.016
649,Clefairy,0.01465,19,0.015,12,0.016
650,Mightyena,0.01465,19,0.015,13,0.017
651,Krokorok,0.01465,19,0.015,19,0.026
652,Buneary,0.01388,18,0.014,10,0.013
653,Mesprit,0.01388,18,0.014,12,0.016
654,Quilava,0.01388,18,0.014,15,0.020
655,Mawile,0.01388,18,0.014,11,0.015
656,Chimchar,0.01388,18,0.014,14,0.019
657,Porygon,0.01388,18,0.014,11,0.015
658,Gabite,0.01388,18,0.014,13,0.017
659,Phantump,0.01311,17,0.013,11,0.015
660,Maractus,0.01311,17,0.013,11,0.015
661,Brionne,0.01311,17,0.013,11,0.015
662,Fletchinder,0.01234,16,0.012,12,0.016
663,Piloswine,0.01234,16,0.012,9,0.012
664,Cherrim,0.01234,16,0.012,9,0.012
665,Drifloon,0.01234,16,0.012,9,0.012
666,Spewpa,0.01234,16,0.012,14,0.019
667,Tyrogue,0.01234,16,0.012,15,0.020
668,Binacle,0.01234,16,0.012,11,0.015
669,Azurill,0.01157,15,0.012,9,0.012
670,Silvally-Psychic,0.01157,15,0.012,6,0.008
671,Floette,0.01157,15,0.012,7,0.009
672,Fraxure,0.01157,15,0.012,9,0.012
673,Trapinch,0.01157,15,0.012,10,0.013
674,Zigzagoon,0.01157,15,0.012,5,0.007
675,Goomy,0.01157,15,0.012,11,0.015
676,Combusken,0.01157,15,0.012,6,0.008
677,Lunatone,0.01157,15,0.012,10,0.013
678,Carnivine,0.01157,15,0.012,8,0.011
679,Omanyte,0.01079,14,0.011,11,0.015
680,Nincada,0.01079,14,0.011,7,0.009
681,Grovyle,0.01079,14,0.011,11,0.015
682,Dragonair,0.01079,14,0.011,10,0.013
683,Litleo,0.01079,14,0.011,8,0.011
684,Nuzleaf,0.01079,14,0.011,13,0.017
685,Frogadier,0.01002,13,0.010,11,0.015
686,Abra,0.01002,13,0.010,11,0.015
687,Pidgeotto,0.01002,13,0.010,9,0.012
688,Lumineon,0.01002,13,0.010,8,0.011
689,Ducklett,0.01002,13,0.010,4,0.005
690,Hippopotas,0.01002,13,0.010,13,0.017
691,Bergmite,0.01002,13,0.010,7,0.009
692,Oshawott,0.01002,13,0.010,11,0.015
693,Monferno,0.01002,13,0.010,8,0.011
694,Sneasel,0.01002,13,0.010,9,0.012
695,Bunnelby,0.00925,12,0.009,5,0.007
696,Silvally-Poison,0.00925,12,0.009,4,0.005
697,Woobat,0.00925,12,0.009,2,0.003
698,Petilil,0.00925,12,0.009,2,0.003
699,Pikipek,0.00925,12,0.009,9,0.012
700,Rufflet,0.00848,11,0.008,9,0.012
701,Zweilous,0.00848,11,0.008,7,0.009
702,Elekid,0.00848,11,0.008,7,0.009
703,Shroomish,0.00848,11,0.008,10,0.013
704,Magby,0.00848,11,0.008,9,0.012
705,Kakuna,0.00848,11,0.008,6,0.008
706,Staryu,0.00848,11,0.008,6,0.008
707,Grimer-Alola,0.00848,11,0.008,5,0.007
708,Sandile,0.00848,11,0.008,2,0.003
709,Totodile,0.00848,11,0.008,8,0.011
710,Gothita,0.00848,11,0.008,4,0.005
711,Grumpig,0.00848,11,0.008,9,0.012
712,Vibrava,0.00848,11,0.008,8,0.011
713,Meowth,0.00848,11,0.008,10,0.013
714,Hoppip,0.00848,11,0.008,6,0.008
715,Silvally-Water,0.00771,10,0.008,5,0.007
716,Cleffa,0.00771,10,0.008,9,0.012
717,Spearow,0.00771,10,0.008,7,0.009
718,Pinsir,0.00771,10,0.008,9,0.012
719,Cottonee,0.00771,10,0.008,3,0.004
720,Smoochum,0.00771,10,0.008,4,0.005
721,Silvally-Dark,0.00771,10,0.008,6,0.008
722,Burmy,0.00771,10,0.008,4,0.005
723,Wurmple,0.00771,10,0.008,9,0.012
724,Magmar,0.00771,10,0.008,9,0.012
725,Duosion,0.00694,9,0.007,4,0.005
726,Deino,0.00694,9,0.007,7,0.009
727,Budew,0.00694,9,0.007,5,0.007
728,Tepig,0.00694,9,0.007,3,0.004
729,Solosis,0.00694,9,0.007,8,0.011
730,Pancham,0.00694,9,0.007,5,0.007
731,Turtwig,0.00694,9,0.007,6,0.008
732,Munna,0.00694,9,0.007,7,0.009
733,Cacnea,0.00694,9,0.007,9,0.012
734,Quilladin,0.00694,9,0.007,6,0.008
735,Phione,0.00694,9,0.007,4,0.005
736,Tirtouga,0.00694,9,0.007,6,0.008
737,Roggenrola,0.00617,8,0.006,3,0.004
738,Lillipup,0.00617,8,0.006,4,0.005
739,Remoraid,0.00617,8,0.006,8,0.011
740,NidoranM,0.00617,8,0.006,6,0.008
741,Poliwag,0.00617,8,0.006,3,0.004
742,Kirlia,0.00617,8,0.006,5,0.007
743,Weepinbell,0.00617,8,0.006,8,0.011
744,Sewaddle,0.00617,8,0.006,8,0.011
745,Amaura,0.00617,8,0.006,2,0.003
746,Ivysaur,0.00617,8,0.006,7,0.009
747,Lickitung,0.00617,8,0.006,7,0.009
748,Foongus,0.00617,8,0.006,7,0.009
749,Poliwhirl,0.00617,8,0.006,7,0.009
750,Plusle,0.00617,8,0.006,3,0.004
751,Pumpkaboo-Super,0.00617,8,0.006,5,0.007
752,Mime Jr.,0.00617,8,0.006,5,0.007
753,Morelull,0.00617,8,0.006,7,0.009
754,Growlithe,0.00617,8,0.006,4,0.005
755,Vullaby,0.00617,8,0.006,3,0.004
756,Gourgeist,0.00540,7,0.005,4,0.005
757,Skiddo,0.00540,7,0.005,5,0.007
758,Mareanie,0.00540,7,0.005,5,0.007
759,Minun,0.00540,7,0.005,3,0.004
760,Watchog,0.00540,7,0.005,4,0.005
761,Beldum,0.00540,7,0.005,7,0.009
762,Spoink,0.00540,7,0.005,3,0.004
763,Skorupi,0.00540,7,0.005,6,0.008
764,Silvally-Ground,0.00540,7,0.005,5,0.007
765,Chespin,0.00540,7,0.005,5,0.007
766,Croconaw,0.00540,7,0.005,7,0.009
767,Snorunt,0.00540,7,0.005,6,0.008
768,Shieldon,0.00540,7,0.005,7,0.009
769,Simisear,0.00540,7,0.005,5,0.007
770,Axew,0.00540,7,0.005,6,0.008
771,Patrat,0.00540,7,0.005,2,0.003
772,Nidorino,0.00540,7,0.005,5,0.007
773,Wailmer,0.00463,6,0.005,5,0.007
774,Basculin,0.00463,6,0.005,5,0.007
775,Goldeen,0.00463,6,0.005,5,0.007
776,Venonat,0.00463,6,0.005,5,0.007
777,Mudbray,0.00463,6,0.005,3,0.004
778,Jangmo-o,0.00463,6,0.005,5,0.007
779,Slowpoke,0.00463,6,0.005,2,0.003
780,Machop,0.00463,6,0.005,3,0.004
781,Venipede,0.00463,6,0.005,5,0.007
782,Silvally-Flying,0.00463,6,0.005,4,0.005
783,Vigoroth,0.00463,6,0.005,4,0.005
784,Frillish,0.00463,6,0.005,5,0.007
785,Bagon,0.00463,6,0.005,6,0.008
786,Swadloon,0.00463,6,0.005,4,0.005
787,Vanillite,0.00463,6,0.005,5,0.007
788,Simisage,0.00463,6,0.005,5,0.007
789,Vanillish,0.00386,5,0.004,4,0.005
790,Mareep,0.00386,5,0.004,2,0.003
791,Surskit,0.00386,5,0.004,5,0.007
792,Pignite,0.00386,5,0.004,5,0.007
793,Sandshrew,0.00386,5,0.004,4,0.005
794,Wormadam-Sandy,0.00386,5,0.004,2,0.003
795,Poochyena,0.00386,5,0.004,4,0.005
796,Silcoon,0.00386,5,0.004,3,0.004
797,Bonsly,0.00386,5,0.004,4,0.005
798,Roselia,0.00386,5,0.004,2,0.003
799,Flaaffy,0.00386,5,0.004,2,0.003
800,Teddiursa,0.00386,5,0.004,5,0.007
801,Silvally-Rock,0.00386,5,0.004,4,0.005
802,Honedge,0.00386,5,0.004,4,0.005
803,Ponyta,0.00386,5,0.004,3,0.004
804,Dewpider,0.00386,5,0.004,5,0.007
805,Darumaka,0.00386,5,0.004,3,0.004
806,Anorith,0.00386,5,0.004,4,0.005
807,Murkrow,0.00386,5,0.004,4,0.005
808,Trumbeak,0.00386,5,0.004,4,0.005
809,Houndour,0.00386,5,0.004,5,0.007
810,Golett,0.00386,5,0.004,3,0.004
811,Nidorina,0.00386,5,0.004,2,0.003
812,Rhyhorn,0.00386,5,0.004,3,0.004
813,Flabebe,0.00386,5,0.004,5,0.007
814,Snubbull,0.00308,4,0.003,2,0.003
815,Misdreavus,0.00308,4,0.003,3,0.004
816,NidoranF,0.00308,4,0.003,3,0.004
817,Larvesta,0.00308,4,0.003,4,0.005
818,Sandygast,0.00308,4,0.003,1,0.001
819,Paras,0.00308,4,0.003,2,0.003
820,Pidove,0.00308,4,0.003,2,0.003
821,Grubbin,0.00308,4,0.003,4,0.005
822,Mantyke,0.00308,4,0.003,2,0.003
823,Boldore,0.00308,4,0.003,2,0.003
824,Deerling,0.00308,4,0.003,2,0.003
825,Carvanha,0.00308,4,0.003,2,0.003
826,Drowzee,0.00308,4,0.003,2,0.003
827,Silvally-Bug,0.00308,4,0.003,2,0.003
828,Noibat,0.00308,4,0.003,2,0.003
829,Spritzee,0.00308,4,0.003,4,0.005
830,Bronzor,0.00308,4,0.003,3,0.004
831,Minccino,0.00308,4,0.003,3,0.004
832,Swablu,0.00308,4,0.003,3,0.004
833,Snover,0.00308,4,0.003,3,0.004
834,Dewott,0.00308,4,0.003,3,0.004
835,Luxio,0.00308,4,0.003,2,0.003
836,Staravia,0.00308,4,0.003,1,0.001
837,Tyrunt,0.00308,4,0.003,3,0.004
838,Grotle,0.00308,4,0.003,4,0.005
839,Pupitar,0.00308,4,0.003,4,0.005
840,Cutiefly,0.00231,3,0.002,1,0.001
841,Fletchling,0.00231,3,0.002,2,0.003
842,Prinplup,0.00231,3,0.002,2,0.003
843,Cherubi,0.00231,3,0.002,3,0.004
844,Cubchoo,0.00231,3,0.002,1,0.001
845,Cascoon,0.00231,3,0.002,2,0.003
846,Spheal,0.00231,3,0.002,1,0.001
847,Chingling,0.00231,3,0.002,0,0.000
848,Seadra,0.00231,3,0.002,2,0.003
849,Bounsweet,0.00231,3,0.002,3,0.004
850,Loudred,0.00231,3,0.002,2,0.003
851,Lairon,0.00231,3,0.002,2,0.003
852,Gloom,0.00231,3,0.002,3,0.004
853,Natu,0.00231,3,0.002,1,0.001
854,Swinub,0.00231,3,0.002,0,0.000
855,Marshtomp,0.00231,3,0.002,3,0.004
856,Tynamo,0.00231,3,0.002,3,0.004
857,Exeggcute,0.00231,3,0.002,3,0.004
858,Cranidos,0.00231,3,0.002,3,0.004
859,Silvally-Grass,0.00231,3,0.002,1,0.001
860,Lombre,0.00154,2,0.002,1,0.001
861,Doduo,0.00154,2,0.002,2,0.003
862,Pansage,0.00154,2,0.002,2,0.003
863,Makuhita,0.00154,2,0.002,2,0.003
864,Shuppet,0.00154,2,0.002,2,0.003
865,Gulpin,0.00154,2,0.002,2,0.003
866,Steenee,0.00154,2,0.002,2,0.003
867,Lotad,0.00154,2,0.002,1,0.001
868,Bellsprout,0.00154,2,0.002,2,0.003
869,Eelektrik,0.00154,2,0.002,2,0.003
870,Larvitar,0.00154,2,0.002,1,0.001
871,Illumise,0.00154,2,0.002,2,0.003
872,Electrike,0.00154,2,0.002,0,0.000
873,Wormadam,0.00154,2,0.002,1,0.001
874,Shellder,0.00154,2,0.002,2,0.003
875,Servine,0.00154,2,0.002,1,0.001
876,Shelgon,0.00154,2,0.002,2,0.003
877,Finneon,0.00154,2,0.002,2,0.003
878,Meowth-Alola,0.00154,2,0.002,2,0.003
879,Timburr,0.00154,2,0.002,2,0.003
880,Yungoos,0.00154,2,0.002,1,0.001
881,Gourgeist-Large,0.00154,2,0.002,2,0.003
882,Graveler,0.00154,2,0.002,2,0.003
883,Shelmet,0.00154,2,0.002,0,0.000
884,Scatterbug,0.00154,2,0.002,2,0.003
885,Espurr,0.00154,2,0.002,2,0.003
886,Shinx,0.00154,2,0.002,2,0.003
887,Skrelp,0.00077,1,0.001,1,0.001
888,Pansear,0.00077,1,0.001,1,0.001
889,Archen,0.00077,1,0.001,1,0.001
890,Seel,0.00077,1,0.001,1,0.001
891,Joltik,0.00077,1,0.001,1,0.001
892,Barboach,0.00077,1,0.001,1,0.001
893,Koffing,0.00077,1,0.001,1,0.001
894,Dratini,0.00077,1,0.001,1,0.001
895,Purrloin,0.00077,1,0.001,1,0.001
896,Scraggy,0.00077,1,0.001,1,0.001
897,Slugma,0.00077,1,0.001,1,0.001
898,Kricketot,0.00077,1,0.001,1,0.001
899,Ekans,0.00077,1,0.001,1,0.001
900,Pumpkaboo-Small,0.00077,1,0.001,0,0.000
901,Dwebble,0.00077,1,0.001,1,0.001
902,Helioptile,0.00077,1,0.001,1,0.001
903,Palpitoad,0.00077,1,0.001,1,0.001
904,Mienfoo,0.00077,1,0.001,1,0.001
905,Numel,0.00077,1,0.001,1,0.001
