 Total battles: 1433
 Avg. weight/team: 1.0
Rank,Pokemon,Usage percentage,Raw,Raw percentage,Real,Real percentage
1,Tapu Lele,20.37683,584,20.377,374,18.324
2,Pinsir-Mega,19.81856,568,19.819,352,17.246
3,Serperior,17.93440,514,17.934,362,17.736
4,Landorus-Therian,12.90998,370,12.910,303,14.846
5,Greninja-Ash,12.90998,370,12.910,274,13.425
6,Kartana,12.63084,362,12.631,245,12.004
7,Mimikyu,12.42149,356,12.421,255,12.494
8,Porygon-Z,12.03768,345,12.038,206,10.093
9,Tapu Koko,12.00279,344,12.003,245,12.004
10,Pheromosa,11.93301,342,11.933,262,12.837
11,Garchomp,10.29309,295,10.293,217,10.632
12,Chansey,9.87439,283,9.874,213,10.436
13,Heatran,9.80461,281,9.805,224,10.975
14,Greninja,9.63015,276,9.630,192,9.407
15,Celesteela,8.65318,248,8.653,190,9.309
16,Tyranitar,8.58339,246,8.583,196,9.603
17,Metagross-Mega,8.40893,241,8.409,166,8.133
18,Jirachi,8.19958,235,8.200,162,7.937
19,Muk-Alola,8.06001,231,8.060,157,7.692
20,Excadrill,7.50174,215,7.502,166,8.133
21,Slaking,7.29239,209,7.292,137,6.712
22,Swoobat,7.25750,208,7.258,144,7.055
23,Malamar,6.69923,192,6.699,137,6.712
24,Tapu Fini,6.59456,189,6.595,135,6.614
25,Golem-Alola,6.00140,172,6.001,121,5.928
26,Alakazam-Mega,5.93161,170,5.932,107,5.243
27,Scizor-Mega,5.86183,168,5.862,122,5.977
28,Dugtrio,5.72226,164,5.722,121,5.928
29,Shedinja,5.16399,148,5.164,103,5.047
30,Skarmory,4.95464,142,4.955,118,5.781
31,Charizard-Mega-Y,4.91975,141,4.920,96,4.704
32,Toxapex,4.91975,141,4.920,109,5.341
33,Diggersby,4.88486,140,4.885,80,3.920
34,Mantine,4.78018,137,4.780,96,4.704
35,Doublade,4.67551,134,4.676,97,4.753
36,Magnezone,4.53594,130,4.536,94,4.606
37,Sableye-Mega,4.50105,129,4.501,115,5.634
38,Charizard-Mega-X,4.43126,127,4.431,97,4.753
39,Marowak-Alola,4.25680,122,4.257,84,4.116
40,Cloyster,3.73343,107,3.733,74,3.626
41,Clefable,3.62875,104,3.629,82,4.018
42,Tapu Bulu,3.59386,103,3.594,69,3.381
43,Magearna,3.59386,103,3.594,77,3.773
44,Nihilego,3.52408,101,3.524,86,4.214
45,Snorlax,3.48918,100,3.489,68,3.332
46,Ferrothorn,3.48918,100,3.489,84,4.116
47,Zapdos,3.45429,99,3.454,74,3.626
48,Sylveon,3.38451,97,3.385,67,3.283
49,Aerodactyl,3.31472,95,3.315,90,4.410
50,Rotom-Wash,3.27983,94,3.280,81,3.969
51,Zygarde,3.27983,94,3.280,66,3.234
52,Venusaur-Mega,3.07048,88,3.070,64,3.136
53,Keldeo,2.93091,84,2.931,54,2.646
54,Xurkitree,2.89602,83,2.896,74,3.626
55,Kyurem-Black,2.72156,78,2.722,53,2.597
56,Tangrowth,2.61689,75,2.617,65,3.185
57,Mienshao,2.61689,75,2.617,64,3.136
58,Salamence,2.61689,75,2.617,52,2.548
59,Buzzwole,2.58200,74,2.582,52,2.548
60,Thundurus,2.58200,74,2.582,52,2.548
61,Gliscor,2.51221,72,2.512,61,2.989
62,Shuckle,2.51221,72,2.512,57,2.793
63,Weavile,2.44243,70,2.442,54,2.646
64,Gyarados-Mega,2.40754,69,2.408,43,2.107
65,Klefki,2.30286,66,2.303,58,2.842
66,Latios,2.19819,63,2.198,36,1.764
67,Aerodactyl-Mega,2.19819,63,2.198,42,2.058
68,Staraptor,2.12840,61,2.128,40,1.960
69,Porygon2,2.09351,60,2.094,42,2.058
70,Slowbro-Mega,2.02373,58,2.024,36,1.764
71,Latias,2.02373,58,2.024,36,1.764
72,Whimsicott,1.98883,57,1.989,50,2.450
73,Krookodile,1.91905,55,1.919,41,2.009
74,Thundurus-Therian,1.88416,54,1.884,35,1.715
75,Araquanid,1.81438,52,1.814,39,1.911
76,Rotom-Heat,1.81438,52,1.814,39,1.911
77,Togekiss,1.77948,51,1.779,33,1.617
78,Volcarona,1.77948,51,1.779,30,1.470
79,Chandelure,1.77948,51,1.779,37,1.813
80,Slowbro,1.74459,50,1.745,41,2.009
81,Gengar,1.63992,47,1.640,33,1.617
82,Infernape,1.60502,46,1.605,36,1.764
83,Tornadus-Therian,1.60502,46,1.605,33,1.617
84,Talonflame,1.60502,46,1.605,31,1.519
85,Blissey,1.57013,45,1.570,36,1.764
86,Arcanine,1.50035,43,1.500,34,1.666
87,Garchomp-Mega,1.50035,43,1.500,29,1.421
88,Goodra,1.46546,42,1.465,31,1.519
89,Galvantula,1.46546,42,1.465,35,1.715
90,Quagsire,1.46546,42,1.465,30,1.470
91,Dragonite,1.43057,41,1.431,34,1.666
92,Ninetales,1.39567,40,1.396,32,1.568
93,Hoopa-Unbound,1.39567,40,1.396,27,1.323
94,Breloom,1.36078,39,1.361,23,1.127
95,Pikachu,1.36078,39,1.361,30,1.470
96,Salazzle,1.36078,39,1.361,25,1.225
97,Pelipper,1.36078,39,1.361,33,1.617
98,Manaphy,1.32589,38,1.326,24,1.176
99,Hawlucha,1.29100,37,1.291,26,1.274
100,Jolteon,1.29100,37,1.291,27,1.323
101,Lurantis,1.29100,37,1.291,32,1.568
102,Pyukumuku,1.25611,36,1.256,24,1.176
103,Suicune,1.25611,36,1.256,27,1.323
104,Blastoise-Mega,1.22121,35,1.221,23,1.127
105,Decidueye,1.18632,34,1.186,25,1.225
106,Nidoking,1.18632,34,1.186,24,1.176
107,Accelgor,1.18632,34,1.186,32,1.568
108,Electrode,1.15143,33,1.151,28,1.372
109,Dhelmise,1.15143,33,1.151,21,1.029
110,Virizion,1.15143,33,1.151,27,1.323
111,Ditto,1.11654,32,1.117,22,1.078
112,Swampert,1.11654,32,1.117,28,1.372
113,Scolipede,1.11654,32,1.117,28,1.372
114,Escavalier,1.08165,31,1.082,25,1.225
115,Komala,1.04676,30,1.047,19,0.931
116,Bewear,1.01186,29,1.012,18,0.882
117,Type: Null,1.01186,29,1.012,21,1.029
118,Yanmega,1.01186,29,1.012,21,1.029
119,Cinccino,1.01186,29,1.012,21,1.029
120,Gardevoir,1.01186,29,1.012,17,0.833
121,Wishiwashi,1.01186,29,1.012,21,1.029
122,Froslass,0.97697,28,0.977,26,1.274
123,Hydreigon,0.94208,27,0.942,16,0.784
124,Meloetta,0.94208,27,0.942,15,0.735
125,Gyarados,0.94208,27,0.942,18,0.882
126,Raichu,0.94208,27,0.942,24,1.176
127,Incineroar,0.94208,27,0.942,25,1.225
128,Victini,0.94208,27,0.942,18,0.882
129,Mew,0.94208,27,0.942,22,1.078
130,Forretress,0.90719,26,0.907,22,1.078
131,Azumarill,0.87230,25,0.872,14,0.686
132,Kommo-o,0.87230,25,0.872,17,0.833
133,Regigigas,0.83740,24,0.837,21,1.029
134,Kingdra,0.83740,24,0.837,20,0.980
135,Raichu-Alola,0.80251,23,0.803,15,0.735
136,Terrakion,0.80251,23,0.803,18,0.882
137,Ursaring,0.80251,23,0.803,18,0.882
138,Bibarel,0.76762,22,0.768,19,0.931
139,Guzzlord,0.76762,22,0.768,16,0.784
140,Zoroark,0.76762,22,0.768,11,0.539
141,Spiritomb,0.76762,22,0.768,17,0.833
142,Mudsdale,0.76762,22,0.768,14,0.686
143,Clawitzer,0.76762,22,0.768,15,0.735
144,Heracross,0.76762,22,0.768,16,0.784
145,Toucannon,0.76762,22,0.768,17,0.833
146,Typhlosion,0.76762,22,0.768,15,0.735
147,Aggron,0.73273,21,0.733,20,0.980
148,Volcanion,0.73273,21,0.733,15,0.735
149,Lucario,0.73273,21,0.733,13,0.637
150,Kabutops,0.69784,20,0.698,17,0.833
151,Xatu,0.69784,20,0.698,17,0.833
152,Azelf,0.69784,20,0.698,17,0.833
153,Rhyperior,0.69784,20,0.698,16,0.784
154,Eevee,0.66294,19,0.663,12,0.588
155,Poliwrath,0.66294,19,0.663,14,0.686
156,Vikavolt,0.66294,19,0.663,15,0.735
157,Lycanroc-Midnight,0.66294,19,0.663,13,0.637
158,Golurk,0.66294,19,0.663,16,0.784
159,Ninjask,0.66294,19,0.663,14,0.686
160,Exeggutor-Alola,0.66294,19,0.663,14,0.686
161,Haxorus,0.66294,19,0.663,14,0.686
162,Alakazam,0.62805,18,0.628,12,0.588
163,Drifblim,0.62805,18,0.628,12,0.588
164,Glalie-Mega,0.62805,18,0.628,12,0.588
165,Bruxish,0.62805,18,0.628,13,0.637
166,Registeel,0.62805,18,0.628,17,0.833
167,Mamoswine,0.62805,18,0.628,13,0.637
168,Luxray,0.62805,18,0.628,14,0.686
169,Ninetales-Alola,0.62805,18,0.628,12,0.588
170,Charizard,0.62805,18,0.628,14,0.686
171,Comfey,0.59316,17,0.593,10,0.490
172,Primarina,0.59316,17,0.593,13,0.637
173,Raikou,0.59316,17,0.593,14,0.686
174,Umbreon,0.59316,17,0.593,10,0.490
175,Sableye,0.59316,17,0.593,14,0.686
176,Scizor,0.59316,17,0.593,13,0.637
177,Heliolisk,0.55827,16,0.558,12,0.588
178,Aron,0.55827,16,0.558,14,0.686
179,Braviary,0.55827,16,0.558,9,0.441
180,Milotic,0.55827,16,0.558,9,0.441
181,Sharpedo-Mega,0.55827,16,0.558,13,0.637
182,Espeon,0.55827,16,0.558,9,0.441
183,Sandslash-Alola,0.52338,15,0.523,7,0.343
184,Starmie,0.52338,15,0.523,9,0.441
185,Smeargle,0.52338,15,0.523,9,0.441
186,Tsareena,0.52338,15,0.523,10,0.490
187,Emboar,0.52338,15,0.523,10,0.490
188,Cosmoem,0.52338,15,0.523,7,0.343
189,Klinklang,0.52338,15,0.523,11,0.539
190,Hippowdon,0.52338,15,0.523,12,0.588
191,Sceptile,0.48849,14,0.488,12,0.588
192,Empoleon,0.48849,14,0.488,9,0.441
193,Reuniclus,0.48849,14,0.488,13,0.637
194,Machamp,0.48849,14,0.488,10,0.490
195,Absol-Mega,0.48849,14,0.488,10,0.490
196,Archeops,0.48849,14,0.488,9,0.441
197,Rampardos,0.48849,14,0.488,7,0.343
198,Drampa,0.48849,14,0.488,9,0.441
199,Steelix,0.45359,13,0.454,10,0.490
200,Venusaur,0.45359,13,0.454,7,0.343
201,Feraligatr,0.45359,13,0.454,9,0.441
202,Tyrantrum,0.45359,13,0.454,7,0.343
203,Durant,0.41870,12,0.419,11,0.539
204,Torterra,0.41870,12,0.419,11,0.539
205,Aurorus,0.41870,12,0.419,8,0.392
206,Chesnaught,0.41870,12,0.419,7,0.343
207,Electivire,0.41870,12,0.419,10,0.490
208,Samurott,0.41870,12,0.419,8,0.392
209,Noivern,0.38381,11,0.384,9,0.441
210,Alomomola,0.38381,11,0.384,9,0.441
211,Necrozma,0.38381,11,0.384,6,0.294
212,Eelektross,0.38381,11,0.384,8,0.392
213,Meowstic,0.38381,11,0.384,9,0.441
214,Bastiodon,0.38381,11,0.384,9,0.441
215,Gigalith,0.38381,11,0.384,10,0.490
216,Dusclops,0.38381,11,0.384,10,0.490
217,Amoonguss,0.38381,11,0.384,8,0.392
218,Delphox,0.38381,11,0.384,8,0.392
219,Ribombee,0.38381,11,0.384,8,0.392
220,Crobat,0.34892,10,0.349,6,0.294
221,Darmanitan,0.34892,10,0.349,8,0.392
222,Rhydon,0.34892,10,0.349,8,0.392
223,Torkoal,0.34892,10,0.349,5,0.245
224,Muk,0.34892,10,0.349,6,0.294
225,Scyther,0.34892,10,0.349,7,0.343
226,Lycanroc,0.34892,10,0.349,8,0.392
227,Lopunny,0.34892,10,0.349,5,0.245
228,Crabominable,0.34892,10,0.349,8,0.392
229,Hitmonlee,0.34892,10,0.349,4,0.196
230,Swellow,0.31403,9,0.314,6,0.294
231,Turtonator,0.31403,9,0.314,3,0.147
232,Simipour,0.31403,9,0.314,6,0.294
233,Bronzong,0.31403,9,0.314,5,0.245
234,Minior,0.31403,9,0.314,7,0.343
235,Roserade,0.31403,9,0.314,7,0.343
236,Donphan,0.31403,9,0.314,7,0.343
237,Gumshoos,0.31403,9,0.314,7,0.343
238,Linoone,0.27913,8,0.279,2,0.098
239,Zygarde-10,0.27913,8,0.279,5,0.245
240,Dartrix,0.27913,8,0.279,6,0.294
241,Gourgeist-Small,0.27913,8,0.279,7,0.343
242,Exeggutor,0.27913,8,0.279,7,0.343
243,Wigglytuff,0.27913,8,0.279,4,0.196
244,Granbull,0.27913,8,0.279,5,0.245
245,Dedenne,0.27913,8,0.279,5,0.245
246,Slowking,0.27913,8,0.279,7,0.343
247,Mandibuzz,0.27913,8,0.279,7,0.343
248,Ambipom,0.27913,8,0.279,6,0.294
249,Spinda,0.27913,8,0.279,8,0.392
250,Raticate-Alola,0.27913,8,0.279,4,0.196
251,Conkeldurr,0.27913,8,0.279,7,0.343
252,Scrafty,0.27913,8,0.279,8,0.392
253,Lilligant,0.27913,8,0.279,3,0.147
254,Pidgeot,0.27913,8,0.279,4,0.196
255,Miltank,0.27913,8,0.279,7,0.343
256,Lapras,0.24424,7,0.244,5,0.245
257,Swanna,0.24424,7,0.244,7,0.343
258,Persian-Alola,0.24424,7,0.244,6,0.294
259,Blastoise,0.24424,7,0.244,6,0.294
260,Silvally,0.24424,7,0.244,6,0.294
261,Zebstrika,0.24424,7,0.244,7,0.343
262,Leafeon,0.24424,7,0.244,1,0.049
263,Mismagius,0.24424,7,0.244,3,0.147
264,Gastrodon,0.24424,7,0.244,6,0.294
265,Chatot,0.24424,7,0.244,6,0.294
266,Magmortar,0.24424,7,0.244,5,0.245
267,Houndoom,0.24424,7,0.244,6,0.294
268,Silvally-Dragon,0.24424,7,0.244,6,0.294
269,Barbaracle,0.24424,7,0.244,7,0.343
270,Kingler,0.24424,7,0.244,3,0.147
271,Tentacruel,0.24424,7,0.244,6,0.294
272,Hitmontop,0.24424,7,0.244,6,0.294
273,Tornadus,0.20935,6,0.209,5,0.245
274,Absol,0.20935,6,0.209,5,0.245
275,Druddigon,0.20935,6,0.209,5,0.245
276,Cobalion,0.20935,6,0.209,5,0.245
277,Floatzel,0.20935,6,0.209,3,0.147
278,Oricorio-Pom-Pom,0.20935,6,0.209,3,0.147
279,Kyurem,0.20935,6,0.209,4,0.196
280,Florges,0.20935,6,0.209,3,0.147
281,Entei,0.20935,6,0.209,4,0.196
282,Golem,0.20935,6,0.209,5,0.245
283,Vaporeon,0.20935,6,0.209,4,0.196
284,Flareon,0.20935,6,0.209,4,0.196
285,Glaceon,0.20935,6,0.209,4,0.196
286,Metagross,0.20935,6,0.209,6,0.294
287,Mr. Mime,0.20935,6,0.209,3,0.147
288,Cradily,0.20935,6,0.209,4,0.196
289,Dragalge,0.17446,5,0.174,5,0.245
290,Moltres,0.17446,5,0.174,3,0.147
291,Hitmonchan,0.17446,5,0.174,5,0.245
292,Sigilyph,0.17446,5,0.174,5,0.245
293,Claydol,0.17446,5,0.174,5,0.245
294,Weezing,0.17446,5,0.174,4,0.196
295,Wailord,0.17446,5,0.174,3,0.147
296,Honchkrow,0.17446,5,0.174,5,0.245
297,Quilava,0.17446,5,0.174,5,0.245
298,Dugtrio-Alola,0.17446,5,0.174,4,0.196
299,Poliwhirl,0.17446,5,0.174,1,0.049
300,Noctowl,0.17446,5,0.174,4,0.196
301,Tauros,0.17446,5,0.174,4,0.196
302,Shaymin,0.17446,5,0.174,4,0.196
303,Cacnea,0.17446,5,0.174,1,0.049
304,Kecleon,0.17446,5,0.174,3,0.147
305,Cryogonal,0.17446,5,0.174,3,0.147
306,Silvally-Water,0.13957,4,0.140,3,0.147
307,Sharpedo,0.13957,4,0.140,3,0.147
308,Walrein,0.13957,4,0.140,1,0.049
309,Dodrio,0.13957,4,0.140,3,0.147
310,Leavanny,0.13957,4,0.140,3,0.147
311,Bisharp,0.13957,4,0.140,2,0.098
312,Oricorio-Pa'u,0.13957,4,0.140,4,0.196
313,Stoutland,0.13957,4,0.140,4,0.196
314,Slurpuff,0.13957,4,0.140,4,0.196
315,Articuno,0.13957,4,0.140,3,0.147
316,Gothitelle,0.13957,4,0.140,1,0.049
317,Hypno,0.13957,4,0.140,3,0.147
318,Audino,0.13957,4,0.140,3,0.147
319,Persian,0.13957,4,0.140,3,0.147
320,Camerupt,0.13957,4,0.140,4,0.196
321,Flygon,0.13957,4,0.140,4,0.196
322,Mightyena,0.13957,4,0.140,4,0.196
323,Politoed,0.13957,4,0.140,4,0.196
324,Murkrow,0.13957,4,0.140,3,0.147
325,Hoopa,0.13957,4,0.140,2,0.098
326,Ludicolo,0.13957,4,0.140,2,0.098
327,Cresselia,0.10468,3,0.105,2,0.098
328,Frogadier,0.10468,3,0.105,3,0.147
329,Ampharos,0.10468,3,0.105,1,0.049
330,Omastar,0.10468,3,0.105,3,0.147
331,Rotom,0.10468,3,0.105,3,0.147
332,Popplio,0.10468,3,0.105,1,0.049
333,Vespiquen,0.10468,3,0.105,1,0.049
334,Trevenant,0.10468,3,0.105,3,0.147
335,Golisopod,0.10468,3,0.105,2,0.098
336,Gallade,0.10468,3,0.105,0,0.000
337,Tropius,0.10468,3,0.105,3,0.147
338,Vivillon,0.10468,3,0.105,3,0.147
339,Diancie,0.10468,3,0.105,3,0.147
340,Zangoose,0.10468,3,0.105,2,0.098
341,Rattata,0.10468,3,0.105,2,0.098
342,Togedemaru,0.10468,3,0.105,3,0.147
343,Pyroar,0.10468,3,0.105,3,0.147
344,Gorebyss,0.10468,3,0.105,1,0.049
345,Cofagrigus,0.10468,3,0.105,3,0.147
346,Banette,0.10468,3,0.105,3,0.147
347,Machoke,0.10468,3,0.105,3,0.147
348,Sliggoo,0.10468,3,0.105,2,0.098
349,Servine,0.10468,3,0.105,1,0.049
350,Probopass,0.10468,3,0.105,2,0.098
351,Swalot,0.10468,3,0.105,2,0.098
352,Silvally-Fighting,0.10468,3,0.105,2,0.098
353,Simisage,0.10468,3,0.105,3,0.147
354,Vulpix-Alola,0.06978,2,0.070,0,0.000
355,Celebi,0.06978,2,0.070,1,0.049
356,Victreebel,0.06978,2,0.070,2,0.098
357,Jynx,0.06978,2,0.070,1,0.049
358,Qwilfish,0.06978,2,0.070,2,0.098
359,Kangaskhan,0.06978,2,0.070,1,0.049
360,Luxio,0.06978,2,0.070,1,0.049
361,Wormadam,0.06978,2,0.070,2,0.098
362,Piplup,0.06978,2,0.070,2,0.098
363,Dusknoir,0.06978,2,0.070,2,0.098
364,Togetic,0.06978,2,0.070,1,0.049
365,Palossand,0.06978,2,0.070,1,0.049
366,Hariyama,0.06978,2,0.070,2,0.098
367,Onix,0.06978,2,0.070,2,0.098
368,Medicham,0.06978,2,0.070,2,0.098
369,Pichu,0.06978,2,0.070,2,0.098
370,Dunsparce,0.06978,2,0.070,2,0.098
371,Grimer-Alola,0.06978,2,0.070,1,0.049
372,Riolu,0.06978,2,0.070,2,0.098
373,Rotom-Frost,0.06978,2,0.070,1,0.049
374,Mawile,0.06978,2,0.070,1,0.049
375,Beedrill,0.06978,2,0.070,2,0.098
376,Arbok,0.06978,2,0.070,2,0.098
377,Primeape,0.06978,2,0.070,1,0.049
378,Sawsbuck,0.06978,2,0.070,2,0.098
379,Golduck,0.06978,2,0.070,1,0.049
380,Omanyte,0.06978,2,0.070,1,0.049
381,Rattata-Alola,0.06978,2,0.070,1,0.049
382,Jellicent,0.06978,2,0.070,1,0.049
383,Vileplume,0.06978,2,0.070,2,0.098
384,Dewpider,0.06978,2,0.070,1,0.049
385,Garbodor,0.06978,2,0.070,2,0.098
386,Lanturn,0.06978,2,0.070,1,0.049
387,Avalugg,0.06978,2,0.070,1,0.049
388,Rowlet,0.06978,2,0.070,1,0.049
389,Shiftry,0.06978,2,0.070,1,0.049
390,Emolga,0.03489,1,0.035,1,0.049
391,Butterfree,0.03489,1,0.035,1,0.049
392,Tangela,0.03489,1,0.035,1,0.049
393,Magnemite,0.03489,1,0.035,0,0.000
394,Lillipup,0.03489,1,0.035,1,0.049
395,Psyduck,0.03489,1,0.035,1,0.049
396,Kadabra,0.03489,1,0.035,1,0.049
397,Zorua,0.03489,1,0.035,1,0.049
398,Ledian,0.03489,1,0.035,1,0.049
399,Regirock,0.03489,1,0.035,1,0.049
400,Piloswine,0.03489,1,0.035,1,0.049
401,Rufflet,0.03489,1,0.035,1,0.049
402,Gabite,0.03489,1,0.035,1,0.049
403,Pansage,0.03489,1,0.035,1,0.049
404,Crawdaunt,0.03489,1,0.035,1,0.049
405,Squirtle,0.03489,1,0.035,1,0.049
406,Exploud,0.03489,1,0.035,1,0.049
407,Seismitoad,0.03489,1,0.035,1,0.049
408,Carbink,0.03489,1,0.035,1,0.049
409,Aipom,0.03489,1,0.035,1,0.049
410,Metang,0.03489,1,0.035,1,0.049
411,Regice,0.03489,1,0.035,1,0.049
412,Unfezant,0.03489,1,0.035,1,0.049
413,Silvally-Ghost,0.03489,1,0.035,0,0.000
414,Salandit,0.03489,1,0.035,1,0.049
415,Solrock,0.03489,1,0.035,0,0.000
416,Litten,0.03489,1,0.035,1,0.049
417,Clamperl,0.03489,1,0.035,1,0.049
418,Numel,0.03489,1,0.035,1,0.049
419,Mudbray,0.03489,1,0.035,1,0.049
420,Geodude-Alola,0.03489,1,0.035,0,0.000
421,Carracosta,0.03489,1,0.035,0,0.000
422,Staryu,0.03489,1,0.035,1,0.049
423,Liepard,0.03489,1,0.035,1,0.049
424,Gligar,0.03489,1,0.035,1,0.049
425,Mesprit,0.03489,1,0.035,1,0.049
426,Altaria,0.03489,1,0.035,1,0.049
427,Bulbasaur,0.03489,1,0.035,1,0.049
428,Jigglypuff,0.03489,1,0.035,1,0.049
429,Abra,0.03489,1,0.035,1,0.049
430,Pignite,0.03489,1,0.035,0,0.000
431,Magikarp,0.03489,1,0.035,1,0.049
432,Vulpix,0.03489,1,0.035,1,0.049
433,Shiinotic,0.03489,1,0.035,0,0.000
434,Silvally-Fairy,0.03489,1,0.035,1,0.049
435,Ivysaur,0.03489,1,0.035,0,0.000
436,Furfrou,0.03489,1,0.035,1,0.049
437,Mareanie,0.03489,1,0.035,1,0.049
438,Golbat,0.03489,1,0.035,1,0.049
439,Silvally-Psychic,0.03489,1,0.035,0,0.000
440,Rotom-Fan,0.03489,1,0.035,1,0.049
441,Manectric,0.03489,1,0.035,1,0.049
442,Brionne,0.03489,1,0.035,0,0.000
443,Silvally-Electric,0.03489,1,0.035,1,0.049
444,Braixen,0.03489,1,0.035,1,0.049
445,Silvally-Bug,0.03489,1,0.035,1,0.049
446,Corsola,0.03489,1,0.035,0,0.000
447,Uxie,0.03489,1,0.035,1,0.049
448,Cacturne,0.03489,1,0.035,1,0.049
449,Oricorio-Sensu,0.03489,1,0.035,1,0.049
450,Roselia,0.03489,1,0.035,0,0.000
451,Pangoro,0.03489,1,0.035,1,0.049
452,Relicanth,0.03489,1,0.035,1,0.049
453,Meowth-Alola,0.03489,1,0.035,1,0.049
454,Toxicroak,0.03489,1,0.035,0,0.000
455,Gastly,0.03489,1,0.035,1,0.049
456,Tranquill,0.03489,1,0.035,0,0.000
457,Gurdurr,0.03489,1,0.035,1,0.049
458,Timburr,0.03489,1,0.035,1,0.049
459,Charmander,0.03489,1,0.035,1,0.049
460,Grumpig,0.03489,1,0.035,1,0.049
461,Morelull,0.03489,1,0.035,1,0.049
462,Rockruff,0.03489,1,0.035,1,0.049
463,Abomasnow,0.03489,1,0.035,1,0.049
464,Petilil,0.03489,1,0.035,0,0.000
465,Clefairy,0.03489,1,0.035,1,0.049
466,Unown,0.03489,1,0.035,0,0.000
467,Dragonair,0.03489,1,0.035,1,0.049
468,Gourgeist-Large,0.03489,1,0.035,1,0.049
469,Marowak,0.03489,1,0.035,1,0.049
470,Croconaw,0.03489,1,0.035,1,0.049
471,Palpitoad,0.03489,1,0.035,0,0.000
472,Graveler-Alola,0.03489,1,0.035,1,0.049
473,Bellossom,0.03489,1,0.035,0,0.000
474,Silvally-Fire,0.03489,1,0.035,1,0.049
475,Herdier,0.03489,1,0.035,0,0.000
476,Meganium,0.03489,1,0.035,0,0.000
477,Drowzee,0.03489,1,0.035,1,0.049
478,Krokorok,0.03489,1,0.035,0,0.000
479,Amaura,0.03489,1,0.035,1,0.049
480,Porygon,0.03489,1,0.035,1,0.049
481,Lunatone,0.03489,1,0.035,0,0.000
482,Rapidash,0.03489,1,0.035,1,0.049
483,Lairon,0.03489,1,0.035,0,0.000
484,Tirtouga,0.03489,1,0.035,1,0.049
485,Silvally-Poison,0.03489,1,0.035,1,0.049
486,Carnivine,0.03489,1,0.035,1,0.049
487,Munchlax,0.03489,1,0.035,1,0.049
488,Weedle,0.03489,1,0.035,1,0.049
489,Torchic,0.03489,1,0.035,1,0.049
490,Armaldo,0.03489,1,0.035,1,0.049
