 Total battles: 1433
 Avg. weight/team: 0.205
Rank,Pokemon,Usage percentage,Raw,Raw percentage,Real,Real percentage
1,Tapu Lele,34.04657,584,20.377,374,18.324
2,Pheromosa,22.91724,342,11.933,262,12.837
3,Serperior,18.93531,514,17.934,362,17.736
4,Landorus-Therian,18.54376,370,12.910,303,14.846
5,Heatran,17.90692,281,9.805,224,10.975
6,Pinsir-Mega,17.69750,568,19.819,352,17.246
7,Mimikyu,15.72713,356,12.421,255,12.494
8,Chansey,15.54036,283,9.874,213,10.436
9,Greninja-Ash,14.97316,370,12.910,274,13.425
10,Garchomp,13.64959,295,10.293,217,10.632
11,Slaking,13.23700,209,7.292,137,6.712
12,Kartana,12.46925,362,12.631,245,12.004
13,Tapu Koko,12.28395,344,12.003,245,12.004
14,Doublade,10.66294,134,4.676,97,4.753
15,Scizor-Mega,10.54529,168,5.862,122,5.977
16,Diggersby,10.49397,140,4.885,80,3.920
17,Celesteela,10.25452,248,8.653,190,9.309
18,Greninja,10.10889,276,9.630,192,9.407
19,Porygon-Z,10.09345,345,12.038,206,10.093
20,Muk-Alola,9.96430,231,8.060,157,7.692
21,Golem-Alola,9.57483,172,6.001,121,5.928
22,Skarmory,9.53263,142,4.955,118,5.781
23,Metagross-Mega,9.37869,241,8.409,166,8.133
24,Jirachi,9.16269,235,8.200,162,7.937
25,Magnezone,9.05117,130,4.536,94,4.606
26,Tapu Fini,7.93363,189,6.595,135,6.614
27,Alakazam-Mega,7.80728,170,5.932,107,5.243
28,Dugtrio,7.60207,164,5.722,121,5.928
29,Tyranitar,7.43094,246,8.583,196,9.603
30,Toxapex,7.41776,141,4.920,109,5.341
31,Zygarde,7.20505,94,3.280,66,3.234
32,Tapu Bulu,6.75749,103,3.594,69,3.381
33,Mantine,6.71597,137,4.780,96,4.704
34,Excadrill,6.52307,215,7.502,166,8.133
35,Malamar,6.35937,192,6.699,137,6.712
36,Rotom-Wash,6.14229,94,3.280,81,3.969
37,Swoobat,6.11838,208,7.258,144,7.055
38,Zapdos,5.79380,99,3.454,74,3.626
39,Slowbro,5.69433,50,1.745,41,2.009
40,Clefable,5.43464,104,3.629,82,4.018
41,Tangrowth,5.33758,75,2.617,65,3.185
42,Salamence,5.30835,75,2.617,52,2.548
43,Shedinja,4.62241,148,5.164,103,5.047
44,Magearna,4.18255,103,3.594,77,3.773
45,Sableye-Mega,4.08718,129,4.501,115,5.634
46,Aerodactyl,4.01945,95,3.315,90,4.410
47,Keldeo,3.90142,84,2.931,54,2.646
48,Latios,3.76679,63,2.198,36,1.764
49,Cloyster,3.70019,107,3.733,74,3.626
50,Latias,3.29268,58,2.024,36,1.764
51,Nihilego,3.06623,101,3.524,86,4.214
52,Marowak-Alola,2.95284,122,4.257,84,4.116
53,Accelgor,2.94308,34,1.186,32,1.568
54,Krookodile,2.60067,55,1.919,41,2.009
55,Aerodactyl-Mega,2.55680,63,2.198,42,2.058
56,Buzzwole,2.50483,74,2.582,52,2.548
57,Slowbro-Mega,2.46579,58,2.024,36,1.764
58,Gyarados-Mega,2.42698,69,2.408,43,2.107
59,Venusaur-Mega,2.37871,88,3.070,64,3.136
60,Klefki,2.18410,66,2.303,58,2.842
61,Heracross,2.16332,22,0.768,16,0.784
62,Tornadus-Therian,2.03814,46,1.605,33,1.617
63,Quagsire,1.98320,42,1.465,30,1.470
64,Goodra,1.96890,42,1.465,31,1.519
65,Breloom,1.95276,39,1.361,23,1.127
66,Sylveon,1.94622,97,3.385,67,3.283
67,Froslass,1.93146,28,0.977,26,1.274
68,Shuckle,1.92949,72,2.512,57,2.793
69,Staraptor,1.91803,61,2.128,40,1.960
70,Nidoking,1.84504,34,1.186,24,1.176
71,Snorlax,1.82572,100,3.489,68,3.332
72,Charizard-Mega-Y,1.81508,141,4.920,96,4.704
73,Xurkitree,1.63393,83,2.896,74,3.626
74,Chandelure,1.59762,51,1.779,37,1.813
75,Wishiwashi,1.52908,29,1.012,21,1.029
76,Sharpedo-Mega,1.48989,16,0.558,13,0.637
77,Ferrothorn,1.36245,100,3.489,84,4.116
78,Swampert,1.29985,32,1.117,28,1.372
79,Salazzle,1.25034,39,1.361,25,1.225
80,Weavile,1.22241,70,2.442,54,2.646
81,Electrode,1.21233,33,1.151,28,1.372
82,Rotom-Heat,1.17552,52,1.814,39,1.911
83,Thundurus,1.14620,74,2.582,52,2.548
84,Vikavolt,1.13575,19,0.663,15,0.735
85,Virizion,1.13137,33,1.151,27,1.323
86,Hippowdon,1.12143,15,0.523,12,0.588
87,Gliscor,1.09606,72,2.512,61,2.989
88,Hoopa-Unbound,1.06345,40,1.396,27,1.323
89,Forretress,1.02575,26,0.907,22,1.078
90,Azelf,1.01956,20,0.698,17,0.833
91,Bewear,1.01507,29,1.012,18,0.882
92,Thundurus-Therian,1.01302,54,1.884,35,1.715
93,Ursaring,1.00147,23,0.803,18,0.882
94,Ditto,0.96960,32,1.117,22,1.078
95,Pyukumuku,0.96315,36,1.256,24,1.176
96,Volcarona,0.93031,51,1.779,30,1.470
97,Exeggutor-Alola,0.92884,19,0.663,14,0.686
98,Charizard-Mega-X,0.92105,127,4.431,97,4.753
99,Suicune,0.90322,36,1.256,27,1.323
100,Reuniclus,0.82064,14,0.488,13,0.637
101,Scolipede,0.81917,32,1.117,28,1.372
102,Hawlucha,0.81782,37,1.291,26,1.274
103,Komala,0.78583,30,1.047,19,0.931
104,Galvantula,0.78087,42,1.465,35,1.715
105,Glalie-Mega,0.77647,18,0.628,12,0.588
106,Araquanid,0.72586,52,1.814,39,1.911
107,Togekiss,0.71593,51,1.779,33,1.617
108,Porygon2,0.66964,60,2.094,42,2.058
109,Pelipper,0.66405,39,1.361,33,1.617
110,Guzzlord,0.66001,22,0.768,16,0.784
111,Yanmega,0.61796,29,1.012,21,1.029
112,Mudsdale,0.61000,22,0.768,14,0.686
113,Torkoal,0.55014,10,0.349,5,0.245
114,Durant,0.52221,12,0.419,11,0.539
115,Persian-Alola,0.49861,7,0.244,6,0.294
116,Sharpedo,0.49833,4,0.140,3,0.147
117,Raikou,0.49467,17,0.593,14,0.686
118,Kyurem-Black,0.49256,78,2.722,53,2.597
119,Garchomp-Mega,0.48689,43,1.500,29,1.421
120,Whimsicott,0.48518,57,1.989,50,2.450
121,Hydreigon,0.47952,27,0.942,16,0.784
122,Type: Null,0.47337,29,1.012,21,1.029
123,Manaphy,0.46442,38,1.326,24,1.176
124,Golurk,0.46170,19,0.663,16,0.784
125,Milotic,0.46169,16,0.558,9,0.441
126,Tauros,0.46169,5,0.174,4,0.196
127,Slowking,0.45054,8,0.279,7,0.343
128,Cobalion,0.44381,6,0.209,5,0.245
129,Comfey,0.44362,17,0.593,10,0.490
130,Cinccino,0.43087,29,1.012,21,1.029
131,Dragonite,0.42890,41,1.431,34,1.666
132,Dhelmise,0.41529,33,1.151,21,1.029
133,Typhlosion,0.40731,22,0.768,15,0.735
134,Rampardos,0.37984,14,0.488,7,0.343
135,Blissey,0.34112,45,1.570,36,1.764
136,Conkeldurr,0.33345,8,0.279,7,0.343
137,Kingdra,0.32780,24,0.837,20,0.980
138,Volcanion,0.32322,21,0.733,15,0.735
139,Gyarados,0.32123,27,0.942,18,0.882
140,Chatot,0.28941,7,0.244,6,0.294
141,Lilligant,0.28941,8,0.279,3,0.147
142,Lucario,0.27663,21,0.733,13,0.637
143,Talonflame,0.27626,46,1.605,31,1.519
144,Aggron,0.24929,21,0.733,20,0.980
145,Meloetta,0.24929,27,0.942,15,0.735
146,Gigalith,0.24353,11,0.384,10,0.490
147,Bibarel,0.21829,22,0.768,19,0.931
148,Linoone,0.21023,8,0.279,2,0.098
149,Raticate-Alola,0.21023,8,0.279,4,0.196
150,Azumarill,0.20400,25,0.872,14,0.686
151,Gumshoos,0.20088,9,0.314,7,0.343
152,Emboar,0.19116,15,0.523,10,0.490
153,Infernape,0.18646,46,1.605,36,1.764
154,Silvally,0.18343,7,0.244,6,0.294
155,Tentacruel,0.18217,7,0.244,6,0.294
156,Tyrantrum,0.18206,13,0.454,7,0.343
157,Machamp,0.17013,14,0.488,10,0.490
158,Sableye,0.15698,17,0.593,14,0.686
159,Floatzel,0.14471,6,0.209,3,0.147
160,Lycanroc-Midnight,0.14391,19,0.663,13,0.637
161,Alakazam,0.13799,18,0.628,12,0.588
162,Servine,0.13551,3,0.105,1,0.049
163,Kommo-o,0.13292,25,0.872,17,0.833
164,Victini,0.12140,27,0.942,18,0.882
165,Absol-Mega,0.12012,14,0.488,10,0.490
166,Blastoise-Mega,0.11982,35,1.221,23,1.127
167,Gengar,0.11270,47,1.640,33,1.617
168,Haxorus,0.10518,19,0.663,14,0.686
169,Registeel,0.09748,18,0.628,17,0.833
170,Venusaur,0.08753,13,0.454,7,0.343
171,Ribombee,0.08068,11,0.384,8,0.392
172,Ninetales-Alola,0.07964,18,0.628,12,0.588
173,Druddigon,0.07897,6,0.209,5,0.245
174,Flareon,0.07897,6,0.209,4,0.196
175,Mew,0.07705,27,0.942,22,1.078
176,Arcanine,0.07293,43,1.500,34,1.666
177,Mismagius,0.07238,7,0.244,3,0.147
178,Amoonguss,0.07121,11,0.384,8,0.392
179,Mamoswine,0.06785,18,0.628,13,0.637
180,Luxray,0.06382,18,0.628,14,0.686
181,Kyurem,0.06120,6,0.209,4,0.196
182,Ninjask,0.06001,19,0.663,14,0.686
183,Drampa,0.05927,14,0.488,9,0.441
184,Roserade,0.05692,9,0.314,7,0.343
185,Rhyperior,0.05355,20,0.698,16,0.784
186,Diancie,0.05073,3,0.105,3,0.147
187,Granbull,0.05073,8,0.279,5,0.245
188,Scyther,0.05060,10,0.349,7,0.343
189,Klinklang,0.05025,15,0.523,11,0.539
190,Archeops,0.04949,14,0.488,9,0.441
191,Jolteon,0.04467,37,1.291,27,1.323
192,Starmie,0.04369,15,0.523,9,0.441
193,Raichu,0.04060,27,0.942,24,1.176
194,Espeon,0.04041,16,0.558,9,0.441
195,Darmanitan,0.03958,10,0.349,8,0.392
196,Silvally-Poison,0.03794,1,0.035,1,0.049
197,Empoleon,0.03571,14,0.488,9,0.441
198,Claydol,0.03486,5,0.174,5,0.245
199,Cosmoem,0.03444,15,0.523,7,0.343
200,Lurantis,0.03387,37,1.291,32,1.568
201,Clawitzer,0.03328,22,0.768,15,0.735
202,Minior,0.03302,9,0.314,7,0.343
203,Walrein,0.03268,4,0.140,1,0.049
204,Sigilyph,0.02780,5,0.174,5,0.245
205,Kabutops,0.02780,20,0.698,17,0.833
206,Escavalier,0.02726,31,1.082,25,1.225
207,Incineroar,0.02609,27,0.942,25,1.225
208,Tropius,0.02489,3,0.105,3,0.147
209,Toucannon,0.02294,22,0.768,17,0.833
210,Unown,0.02183,1,0.035,0,0.000
211,Xatu,0.02018,20,0.698,17,0.833
212,Swellow,0.01697,9,0.314,6,0.294
213,Cryogonal,0.01697,5,0.174,3,0.147
214,Gothitelle,0.01682,4,0.140,1,0.049
215,Tornadus,0.01389,6,0.209,5,0.245
216,Bastiodon,0.01346,11,0.384,9,0.441
217,Lycanroc,0.01332,10,0.349,8,0.392
218,Ampharos,0.01219,3,0.105,1,0.049
219,Geodude-Alola,0.01219,1,0.035,0,0.000
220,Swanna,0.01173,7,0.244,7,0.343
221,Zoroark,0.01143,22,0.768,11,0.539
222,Wigglytuff,0.01143,8,0.279,4,0.196
223,Noivern,0.01013,11,0.384,9,0.441
224,Kingler,0.00843,7,0.244,3,0.147
225,Drifblim,0.00840,18,0.628,12,0.588
226,Heliolisk,0.00792,16,0.558,12,0.588
227,Feraligatr,0.00688,13,0.454,9,0.441
228,Braviary,0.00667,16,0.558,9,0.441
229,Rhydon,0.00663,10,0.349,8,0.392
230,Raichu-Alola,0.00652,23,0.803,15,0.735
231,Hoopa,0.00639,4,0.140,2,0.098
232,Samurott,0.00613,12,0.419,8,0.392
233,Entei,0.00586,6,0.209,4,0.196
234,Decidueye,0.00503,34,1.186,25,1.225
235,Zygarde-10,0.00503,8,0.279,5,0.245
236,Absol,0.00486,6,0.209,5,0.245
237,Cradily,0.00486,6,0.209,4,0.196
238,Mr. Mime,0.00468,6,0.209,3,0.147
239,Alomomola,0.00439,11,0.384,9,0.441
240,Gourgeist-Small,0.00434,8,0.279,7,0.343
241,Spinda,0.00420,8,0.279,8,0.392
242,Ninetales,0.00405,40,1.396,32,1.568
243,Mienshao,0.00392,75,2.617,64,3.136
244,Regigigas,0.00372,24,0.837,21,1.029
245,Exeggutor,0.00358,8,0.279,7,0.343
246,Dusclops,0.00358,11,0.384,10,0.490
247,Swalot,0.00358,3,0.105,2,0.098
248,Kecleon,0.00358,5,0.174,3,0.147
249,Donphan,0.00356,9,0.314,7,0.343
250,Clamperl,0.00326,1,0.035,1,0.049
251,Meowstic,0.00310,11,0.384,9,0.441
252,Muk,0.00252,10,0.349,6,0.294
253,Pikachu,0.00232,39,1.361,30,1.470
254,Dedenne,0.00232,8,0.279,5,0.245
255,Electivire,0.00188,12,0.419,10,0.490
256,Wailord,0.00166,5,0.174,3,0.147
257,Zebstrika,0.00162,7,0.244,7,0.343
258,Uxie,0.00142,1,0.035,1,0.049
259,Eevee,0.00136,19,0.663,12,0.588
260,Magnemite,0.00128,1,0.035,0,0.000
261,Bronzong,0.00102,9,0.314,5,0.245
262,Sandslash-Alola,0.00093,15,0.523,7,0.343
263,Dartrix,0.00093,8,0.279,6,0.294
264,Crobat,0.00085,10,0.349,6,0.294
265,Steelix,0.00085,13,0.454,10,0.490
266,Manectric,0.00064,1,0.035,1,0.049
267,Aron,0.00061,16,0.558,14,0.686
268,Gastrodon,0.00061,7,0.244,6,0.294
269,Bruxish,0.00055,18,0.628,13,0.637
270,Poliwrath,0.00038,19,0.663,14,0.686
271,Vaporeon,0.00030,6,0.209,4,0.196
272,Tsareena,0.00030,15,0.523,10,0.490
273,Simisage,0.00027,3,0.105,3,0.147
274,Vespiquen,0.00024,3,0.105,1,0.049
275,Florges,0.00024,6,0.209,3,0.147
276,Spiritomb,0.00022,22,0.768,17,0.833
277,Stoutland,0.00018,4,0.140,4,0.196
278,Simipour,0.00008,9,0.314,6,0.294
279,Victreebel,0.00008,2,0.070,2,0.098
280,Leavanny,0.00008,4,0.140,3,0.147
281,Vileplume,0.00008,2,0.070,2,0.098
282,Carnivine,0.00008,1,0.035,1,0.049
283,Onix,0.00004,2,0.070,2,0.098
284,Rapidash,0.00004,1,0.035,1,0.049
285,Gardevoir,0.00003,29,1.012,17,0.833
286,Weezing,0.00002,5,0.174,4,0.196
287,Wormadam,0.00002,2,0.070,2,0.098
288,Probopass,0.00002,3,0.105,2,0.098
289,Garbodor,0.00002,2,0.070,2,0.098
290,Barbaracle,0.00002,7,0.244,7,0.343
291,Silvally-Water,0.00001,4,0.140,3,0.147
292,Primarina,0.00000,17,0.593,13,0.637
293,Oricorio-Pom-Pom,0.00000,6,0.209,3,0.147
294,Persian,0.00000,4,0.140,3,0.147
295,Jynx,0.00000,2,0.070,1,0.049
296,Machoke,0.00000,3,0.105,3,0.147
297,Scrafty,0.00000,8,0.279,8,0.392
298,Dunsparce,0.00000,2,0.070,2,0.098
299,Numel,0.00000,1,0.035,1,0.049
300,Murkrow,0.00000,4,0.140,3,0.147
301,Celebi,0.00000,2,0.070,1,0.049
302,Delphox,0.00000,11,0.384,8,0.392
303,Porygon,0.00000,1,0.035,1,0.049
304,Emolga,0.00000,1,0.035,1,0.049
305,Butterfree,0.00000,1,0.035,1,0.049
306,Cresselia,0.00000,3,0.105,2,0.098
307,Tangela,0.00000,1,0.035,1,0.049
308,Frogadier,0.00000,3,0.105,3,0.147
309,Sceptile,0.00000,14,0.488,12,0.588
310,Lillipup,0.00000,1,0.035,1,0.049
311,Lapras,0.00000,7,0.244,5,0.245
312,Vulpix-Alola,0.00000,2,0.070,0,0.000
313,Psyduck,0.00000,1,0.035,1,0.049
314,Kadabra,0.00000,1,0.035,1,0.049
315,Omastar,0.00000,3,0.105,3,0.147
316,Zorua,0.00000,1,0.035,1,0.049
317,Ledian,0.00000,1,0.035,1,0.049
318,Regirock,0.00000,1,0.035,1,0.049
319,Piloswine,0.00000,1,0.035,1,0.049
320,Rufflet,0.00000,1,0.035,1,0.049
321,Gabite,0.00000,1,0.035,1,0.049
322,Rotom,0.00000,3,0.105,3,0.147
323,Pansage,0.00000,1,0.035,1,0.049
324,Crawdaunt,0.00000,1,0.035,1,0.049
325,Squirtle,0.00000,1,0.035,1,0.049
326,Exploud,0.00000,1,0.035,1,0.049
327,Seismitoad,0.00000,1,0.035,1,0.049
328,Dragalge,0.00000,5,0.174,5,0.245
329,Carbink,0.00000,1,0.035,1,0.049
330,Turtonator,0.00000,9,0.314,3,0.147
331,Popplio,0.00000,3,0.105,1,0.049
332,Moltres,0.00000,5,0.174,3,0.147
333,Aipom,0.00000,1,0.035,1,0.049
334,Metang,0.00000,1,0.035,1,0.049
335,Regice,0.00000,1,0.035,1,0.049
336,Necrozma,0.00000,11,0.384,6,0.294
337,Dodrio,0.00000,4,0.140,3,0.147
338,Unfezant,0.00000,1,0.035,1,0.049
339,Silvally-Ghost,0.00000,1,0.035,0,0.000
340,Salandit,0.00000,1,0.035,1,0.049
341,Solrock,0.00000,1,0.035,0,0.000
342,Litten,0.00000,1,0.035,1,0.049
343,Trevenant,0.00000,3,0.105,3,0.147
344,Hitmonchan,0.00000,5,0.174,5,0.245
345,Qwilfish,0.00000,2,0.070,2,0.098
346,Mudbray,0.00000,1,0.035,1,0.049
347,Golisopod,0.00000,3,0.105,2,0.098
348,Carracosta,0.00000,1,0.035,0,0.000
349,Gallade,0.00000,3,0.105,0,0.000
350,Staryu,0.00000,1,0.035,1,0.049
351,Liepard,0.00000,1,0.035,1,0.049
352,Kangaskhan,0.00000,2,0.070,1,0.049
353,Gligar,0.00000,1,0.035,1,0.049
354,Vivillon,0.00000,3,0.105,3,0.147
355,Eelektross,0.00000,11,0.384,8,0.392
356,Mesprit,0.00000,1,0.035,1,0.049
357,Bisharp,0.00000,4,0.140,2,0.098
358,Zangoose,0.00000,3,0.105,2,0.098
359,Altaria,0.00000,1,0.035,1,0.049
360,Luxio,0.00000,2,0.070,1,0.049
361,Blastoise,0.00000,7,0.244,6,0.294
362,Piplup,0.00000,2,0.070,2,0.098
363,Bulbasaur,0.00000,1,0.035,1,0.049
364,Jigglypuff,0.00000,1,0.035,1,0.049
365,Abra,0.00000,1,0.035,1,0.049
366,Pignite,0.00000,1,0.035,0,0.000
367,Magikarp,0.00000,1,0.035,1,0.049
368,Dusknoir,0.00000,2,0.070,2,0.098
369,Rattata,0.00000,3,0.105,2,0.098
370,Vulpix,0.00000,1,0.035,1,0.049
371,Togedemaru,0.00000,3,0.105,3,0.147
372,Shiinotic,0.00000,1,0.035,0,0.000
373,Honchkrow,0.00000,5,0.174,5,0.245
374,Silvally-Fairy,0.00000,1,0.035,1,0.049
375,Togetic,0.00000,2,0.070,1,0.049
376,Palossand,0.00000,2,0.070,1,0.049
377,Oricorio-Pa'u,0.00000,4,0.140,4,0.196
378,Quilava,0.00000,5,0.174,5,0.245
379,Hariyama,0.00000,2,0.070,2,0.098
380,Ivysaur,0.00000,1,0.035,0,0.000
381,Lopunny,0.00000,10,0.349,5,0.245
382,Furfrou,0.00000,1,0.035,1,0.049
383,Smeargle,0.00000,15,0.523,9,0.441
384,Mareanie,0.00000,1,0.035,1,0.049
385,Medicham,0.00000,2,0.070,2,0.098
386,Golbat,0.00000,1,0.035,1,0.049
387,Silvally-Psychic,0.00000,1,0.035,0,0.000
388,Pyroar,0.00000,3,0.105,3,0.147
389,Pichu,0.00000,2,0.070,2,0.098
390,Rotom-Fan,0.00000,1,0.035,1,0.049
391,Brionne,0.00000,1,0.035,0,0.000
392,Silvally-Electric,0.00000,1,0.035,1,0.049
393,Torterra,0.00000,12,0.419,11,0.539
394,Crabominable,0.00000,10,0.349,8,0.392
395,Dugtrio-Alola,0.00000,5,0.174,4,0.196
396,Grimer-Alola,0.00000,2,0.070,1,0.049
397,Riolu,0.00000,2,0.070,2,0.098
398,Braixen,0.00000,1,0.035,1,0.049
399,Rotom-Frost,0.00000,2,0.070,1,0.049
400,Silvally-Bug,0.00000,1,0.035,1,0.049
401,Mawile,0.00000,2,0.070,1,0.049
402,Mandibuzz,0.00000,8,0.279,7,0.343
403,Corsola,0.00000,1,0.035,0,0.000
404,Beedrill,0.00000,2,0.070,2,0.098
405,Ambipom,0.00000,8,0.279,6,0.294
406,Hitmonlee,0.00000,10,0.349,4,0.196
407,Gorebyss,0.00000,3,0.105,1,0.049
408,Cacturne,0.00000,1,0.035,1,0.049
409,Poliwhirl,0.00000,5,0.174,1,0.049
410,Slurpuff,0.00000,4,0.140,4,0.196
411,Aurorus,0.00000,12,0.419,8,0.392
412,Leafeon,0.00000,7,0.244,1,0.049
413,Oricorio-Sensu,0.00000,1,0.035,1,0.049
414,Noctowl,0.00000,5,0.174,4,0.196
415,Cofagrigus,0.00000,3,0.105,3,0.147
416,Articuno,0.00000,4,0.140,3,0.147
417,Roselia,0.00000,1,0.035,0,0.000
418,Golem,0.00000,6,0.209,5,0.245
419,Pangoro,0.00000,1,0.035,1,0.049
420,Banette,0.00000,3,0.105,3,0.147
421,Arbok,0.00000,2,0.070,2,0.098
422,Primeape,0.00000,2,0.070,1,0.049
423,Relicanth,0.00000,1,0.035,1,0.049
424,Sawsbuck,0.00000,2,0.070,2,0.098
425,Meowth-Alola,0.00000,1,0.035,1,0.049
426,Golduck,0.00000,2,0.070,1,0.049
427,Chesnaught,0.00000,12,0.419,7,0.343
428,Umbreon,0.00000,17,0.593,10,0.490
429,Omanyte,0.00000,2,0.070,1,0.049
430,Rattata-Alola,0.00000,2,0.070,1,0.049
431,Toxicroak,0.00000,1,0.035,0,0.000
432,Terrakion,0.00000,23,0.803,18,0.882
433,Gastly,0.00000,1,0.035,1,0.049
434,Hypno,0.00000,4,0.140,3,0.147
435,Tranquill,0.00000,1,0.035,0,0.000
436,Audino,0.00000,4,0.140,3,0.147
437,Gurdurr,0.00000,1,0.035,1,0.049
438,Timburr,0.00000,1,0.035,1,0.049
439,Scizor,0.00000,17,0.593,13,0.637
440,Charmander,0.00000,1,0.035,1,0.049
441,Grumpig,0.00000,1,0.035,1,0.049
442,Morelull,0.00000,1,0.035,1,0.049
443,Rockruff,0.00000,1,0.035,1,0.049
444,Camerupt,0.00000,4,0.140,4,0.196
445,Magmortar,0.00000,7,0.244,5,0.245
446,Abomasnow,0.00000,1,0.035,1,0.049
447,Petilil,0.00000,1,0.035,0,0.000
448,Jellicent,0.00000,2,0.070,1,0.049
449,Flygon,0.00000,4,0.140,4,0.196
450,Sliggoo,0.00000,3,0.105,2,0.098
451,Houndoom,0.00000,7,0.244,6,0.294
452,Clefairy,0.00000,1,0.035,1,0.049
453,Dewpider,0.00000,2,0.070,1,0.049
454,Charizard,0.00000,18,0.628,14,0.686
455,Mightyena,0.00000,4,0.140,4,0.196
456,Dragonair,0.00000,1,0.035,1,0.049
457,Gourgeist-Large,0.00000,1,0.035,1,0.049
458,Silvally-Dragon,0.00000,7,0.244,6,0.294
459,Marowak,0.00000,1,0.035,1,0.049
460,Glaceon,0.00000,6,0.209,4,0.196
461,Croconaw,0.00000,1,0.035,1,0.049
462,Palpitoad,0.00000,1,0.035,0,0.000
463,Graveler-Alola,0.00000,1,0.035,1,0.049
464,Politoed,0.00000,4,0.140,4,0.196
465,Bellossom,0.00000,1,0.035,0,0.000
466,Metagross,0.00000,6,0.209,6,0.294
467,Lanturn,0.00000,2,0.070,1,0.049
468,Silvally-Fire,0.00000,1,0.035,1,0.049
469,Herdier,0.00000,1,0.035,0,0.000
470,Avalugg,0.00000,2,0.070,1,0.049
471,Meganium,0.00000,1,0.035,0,0.000
472,Drowzee,0.00000,1,0.035,1,0.049
473,Krokorok,0.00000,1,0.035,0,0.000
474,Amaura,0.00000,1,0.035,1,0.049
475,Rowlet,0.00000,2,0.070,1,0.049
476,Silvally-Fighting,0.00000,3,0.105,2,0.098
477,Pidgeot,0.00000,8,0.279,4,0.196
478,Lunatone,0.00000,1,0.035,0,0.000
479,Lairon,0.00000,1,0.035,0,0.000
480,Tirtouga,0.00000,1,0.035,1,0.049
481,Shaymin,0.00000,5,0.174,4,0.196
482,Munchlax,0.00000,1,0.035,1,0.049
483,Weedle,0.00000,1,0.035,1,0.049
484,Miltank,0.00000,8,0.279,7,0.343
485,Cacnea,0.00000,5,0.174,1,0.049
486,Shiftry,0.00000,2,0.070,1,0.049
487,Ludicolo,0.00000,4,0.140,2,0.098
488,Torchic,0.00000,1,0.035,1,0.049
489,Armaldo,0.00000,1,0.035,1,0.049
490,Hitmontop,0.00000,7,0.244,6,0.294
