 Total battles: 458934
 Avg. weight/team: 0.551
Rank,Pokemon,Usage percentage,Raw,Raw percentage,Real,Real percentage
1,Rayquaza-Mega,19.01674,135559,14.769,82652,14.663
2,Groudon-Primal,16.73082,116140,12.653,80118,14.213
3,Xerneas,12.03277,79907,8.706,48287,8.566
4,Kyogre-Primal,11.63031,84478,9.204,51498,9.136
5,Arceus,10.60023,65004,7.082,34433,6.109
6,Greninja-Ash,9.25746,94891,10.338,62969,11.171
7,Mimikyu,8.89435,76520,8.337,48484,8.601
8,Smeargle,8.38985,73711,8.031,46762,8.296
9,Aegislash,7.45911,63871,6.959,39491,7.006
10,Zygarde,6.57695,55711,6.070,33982,6.029
11,Darkrai,6.17443,53067,5.782,31916,5.662
12,Yveltal,5.83585,39430,4.296,25488,4.522
13,Blaziken,5.68021,48039,5.234,32654,5.793
14,Gengar-Mega,5.48666,47375,5.161,30191,5.356
15,Toxapex,5.47590,44891,4.891,30074,5.335
16,Lucario-Mega,5.47358,50216,5.471,32646,5.792
17,Lunala,5.43495,43841,4.776,26007,4.614
18,Garchomp,5.32093,46491,5.065,30084,5.337
19,Deoxys-Attack,5.18773,32821,3.576,17302,3.069
20,Kartana,5.00055,38914,4.240,22735,4.033
21,Lugia,4.95450,34211,3.727,19846,3.521
22,Charizard-Mega-X,4.77401,52532,5.723,34640,6.145
23,Greninja,4.56500,41030,4.470,26681,4.733
24,Ditto,4.44566,40670,4.431,15485,2.747
25,Ferrothorn,4.42193,33534,3.653,25158,4.463
26,Dragonite,4.32327,40280,4.388,24941,4.425
27,Arceus-Ghost,4.31477,24694,2.690,15358,2.725
28,Solgaleo,4.09684,34926,3.805,20797,3.690
29,Mewtwo,4.04371,37299,4.064,22013,3.905
30,Salamence-Mega,4.00954,33764,3.679,20893,3.707
31,Espeon,3.95870,32263,3.515,19823,3.517
32,Serperior,3.88733,33111,3.607,19527,3.464
33,Eevee,3.78510,36876,4.018,29733,5.275
34,Metagross-Mega,3.73311,33173,3.614,21344,3.787
35,Kangaskhan-Mega,3.70662,30125,3.282,19922,3.534
36,Cloyster,3.44440,28226,3.075,18140,3.218
37,Scolipede,3.42919,27870,3.036,20676,3.668
38,Charizard-Mega-Y,3.37400,32976,3.593,21464,3.808
39,Celesteela,3.34336,25546,2.783,15839,2.810
40,Arceus-Fairy,3.16105,19063,2.077,12421,2.204
41,Tapu Koko,3.14378,26493,2.886,17470,3.099
42,Gliscor,3.11764,28933,3.152,18925,3.357
43,Snorlax,3.07667,32849,3.579,19844,3.520
44,Tyranitar,3.01663,28280,3.081,19091,3.387
45,Marowak-Alola,3.00756,28059,3.057,17939,3.183
46,Shaymin-Sky,2.99046,20748,2.260,11904,2.112
47,Arceus-Steel,2.96736,16922,1.844,10743,1.906
48,Volcarona,2.84837,24331,2.651,14605,2.591
49,Ninetales-Alola,2.76011,25069,2.731,16675,2.958
50,Ho-Oh,2.73248,19532,2.128,12866,2.283
51,Shuckle,2.72780,24536,2.673,15382,2.729
52,Chansey,2.59630,20988,2.287,12378,2.196
53,Giratina-Origin,2.56719,21891,2.385,13442,2.385
54,Umbreon,2.56441,23969,2.611,14681,2.605
55,Salazzle,2.54983,23724,2.585,15538,2.757
56,Tapu Lele,2.53737,17727,1.931,11149,1.978
57,Muk-Alola,2.53684,22108,2.409,14394,2.554
58,Sableye-Mega,2.52204,20857,2.272,14678,2.604
59,Breloom,2.50836,23042,2.510,14258,2.529
60,Togekiss,2.50662,22492,2.450,13865,2.460
61,Scizor-Mega,2.49369,22781,2.482,14700,2.608
62,Pheromosa,2.48186,18891,2.058,11329,2.010
63,Magearna,2.44948,17996,1.961,11246,1.995
64,Venusaur-Mega,2.39937,24057,2.621,14676,2.604
65,Ninjask,2.37060,22412,2.442,16850,2.989
66,Dialga,2.35995,20161,2.197,12915,2.291
67,Decidueye,2.34153,26884,2.929,16749,2.971
68,Weavile,2.30122,21134,2.303,14610,2.592
69,Clefable,2.28246,19998,2.179,11698,2.075
70,Mew,2.27171,25158,2.741,12501,2.218
71,Skarmory,2.26601,19616,2.137,15142,2.686
72,Arcanine,2.26428,21072,2.296,14101,2.502
73,Sylveon,2.24666,21714,2.366,12238,2.171
74,Infernape,2.24349,22664,2.469,15603,2.768
75,Minior,2.23327,17859,1.946,9712,1.723
76,Xurkitree,2.23238,18776,2.046,11165,1.981
77,Gengar,2.21309,20864,2.273,13543,2.403
78,Deoxys-Speed,2.18492,15499,1.689,11925,2.116
79,Porygon-Z,2.17385,20027,2.182,12649,2.244
80,Raichu-Alola,2.15745,23284,2.537,15194,2.696
81,Alakazam-Mega,2.07015,20615,2.246,12703,2.254
82,Genesect,1.99116,16849,1.836,10108,1.793
83,Incineroar,1.98768,21829,2.378,13940,2.473
84,Blissey,1.98335,17401,1.896,9870,1.751
85,Drifblim,1.95276,18281,1.992,13834,2.454
86,Excadrill,1.93306,16782,1.828,10729,1.903
87,Jolteon,1.87919,18915,2.061,12836,2.277
88,Primarina,1.85070,18639,2.031,11661,2.069
89,Gyarados-Mega,1.84575,17649,1.923,11725,2.080
90,Talonflame,1.83698,19468,2.121,12369,2.194
91,Golisopod,1.81249,16197,1.765,10569,1.875
92,Goodra,1.80698,18679,2.035,11684,2.073
93,Staraptor,1.76512,17230,1.877,10385,1.842
94,Arceus-Ground,1.72895,9645,1.051,5765,1.023
95,Pyukumuku,1.69822,13800,1.503,7268,1.289
96,Magnezone,1.69780,16476,1.795,10662,1.892
97,Gardevoir,1.69429,19628,2.138,12370,2.195
98,Zekrom,1.69003,16129,1.757,10130,1.797
99,Pikachu,1.67242,22716,2.475,15838,2.810
100,Jirachi,1.58671,13415,1.462,7507,1.332
101,Hydreigon,1.57093,13785,1.502,9029,1.602
102,Nihilego,1.53671,12455,1.357,9120,1.618
103,Klefki,1.53293,11518,1.255,7212,1.279
104,Buzzwole,1.53207,13900,1.514,7798,1.383
105,Kyurem-White,1.51762,12620,1.375,7417,1.316
106,Milotic,1.50425,14097,1.536,8883,1.576
107,Whimsicott,1.49317,11461,1.249,7882,1.398
108,Sceptile,1.48930,18065,1.968,11381,2.019
109,Vaporeon,1.48861,14251,1.553,9008,1.598
110,Araquanid,1.46148,13108,1.428,7941,1.409
111,Arceus-Water,1.44523,8956,0.976,5838,1.036
112,Shedinja,1.41597,15471,1.686,8246,1.463
113,Heatran,1.41480,11631,1.267,7493,1.329
114,Landorus-Therian,1.40503,11245,1.225,7677,1.362
115,Salamence,1.40287,12782,1.393,7902,1.402
116,Galvantula,1.38211,12129,1.321,10209,1.811
117,Gyarados,1.37399,12806,1.395,8507,1.509
118,Zapdos,1.36016,11917,1.298,7727,1.371
119,Garchomp-Mega,1.35744,13917,1.516,8894,1.578
120,Chandelure,1.35078,13025,1.419,8555,1.518
121,Crobat,1.34915,14499,1.580,9246,1.640
122,Rotom-Wash,1.34176,12080,1.316,7747,1.374
123,Forretress,1.34055,10798,1.176,9030,1.602
124,Electivire,1.32970,14813,1.614,10171,1.804
125,Tapu Fini,1.32751,10837,1.181,6890,1.222
126,Azumarill,1.32094,12081,1.316,7799,1.384
127,Scizor,1.30081,11769,1.282,7516,1.333
128,Krookodile,1.27065,12017,1.309,7944,1.409
129,Haxorus,1.26290,12670,1.380,7769,1.378
130,Kyogre,1.26150,8595,0.936,5306,0.941
131,Deoxys-Defense,1.25666,10386,1.132,6632,1.177
132,Hoopa-Unbound,1.24909,12431,1.354,7646,1.356
133,Giratina,1.24677,9250,1.008,5754,1.021
134,Kommo-o,1.23197,12290,1.339,7676,1.362
135,Mamoswine,1.23107,11332,1.235,8003,1.420
136,Machamp,1.22505,11794,1.285,7498,1.330
137,Zoroark,1.21516,12363,1.347,5815,1.032
138,Porygon2,1.19465,9968,1.086,6113,1.084
139,Hawlucha,1.19060,13827,1.506,9018,1.600
140,Metagross,1.17473,11223,1.223,7025,1.246
141,Lucario,1.17339,12798,1.394,8399,1.490
142,Palkia,1.16177,11125,1.212,6646,1.179
143,Kingdra,1.15089,11348,1.236,7080,1.256
144,Tapu Bulu,1.14805,10602,1.155,6073,1.077
145,Ambipom,1.14271,10689,1.165,7140,1.267
146,Noivern,1.13705,13870,1.511,8964,1.590
147,Rattata,1.11720,19013,2.071,5611,0.995
148,Arceus-Dark,1.09482,7300,0.795,4470,0.793
149,Dugtrio,1.07429,10488,1.143,6820,1.210
150,Pinsir-Mega,1.06085,9104,0.992,5698,1.011
151,Victini,1.05866,10090,1.099,5969,1.059
152,Lapras,1.04713,12431,1.354,8085,1.434
153,Aggron,1.03612,11240,1.225,7461,1.324
154,Vikavolt,1.03475,10836,1.181,6791,1.205
155,Bisharp,1.03467,10413,1.134,6767,1.201
156,Latios,1.03313,9849,1.073,5802,1.029
157,Venusaur,1.02819,11744,1.279,7302,1.295
158,Articuno,1.01459,11923,1.299,6601,1.171
159,Nidoking,0.99578,9705,1.057,6567,1.165
160,Golem-Alola,0.99121,10315,1.124,6650,1.180
161,Cinccino,0.98395,9495,1.034,6015,1.067
162,Eelektross,0.97563,10203,1.112,6721,1.192
163,Flygon,0.97080,9880,1.076,6419,1.139
164,Aerodactyl-Mega,0.96826,8269,0.901,5428,0.963
165,Gallade,0.95248,10737,1.170,6962,1.235
166,Reshiram,0.93257,9466,1.031,5707,1.012
167,Swampert,0.92868,10874,1.185,7376,1.309
168,Typhlosion,0.90702,10658,1.161,6922,1.228
169,Blastoise-Mega,0.89619,11469,1.250,7373,1.308
170,Lycanroc,0.89477,9402,1.024,6889,1.222
171,Ninetales,0.88048,9538,1.039,6401,1.136
172,Charizard,0.87493,10799,1.177,6981,1.238
173,Starmie,0.85967,7556,0.823,4777,0.847
174,Empoleon,0.85323,8754,0.954,5835,1.035
175,Malamar,0.85213,8441,0.920,5469,0.970
176,Kyurem-Black,0.85100,8142,0.887,4809,0.853
177,Sigilyph,0.84643,7540,0.821,4198,0.745
178,Pelipper,0.84309,7381,0.804,5491,0.974
179,Lycanroc-Midnight,0.84135,8825,0.961,5992,1.063
180,Feraligatr,0.83817,9837,1.072,6373,1.131
181,Slurpuff,0.83496,7764,0.846,4534,0.804
182,Alakazam,0.83482,8400,0.915,5183,0.919
183,Tsareena,0.83342,7917,0.863,4683,0.831
184,Ribombee,0.83273,7895,0.860,5082,0.902
185,Drapion,0.80876,8496,0.926,5828,1.034
186,Roserade,0.79566,8781,0.957,5933,1.053
187,Aron,0.78963,7074,0.771,3952,0.701
188,Bewear,0.78823,8478,0.924,5243,0.930
189,Absol-Mega,0.78715,8450,0.921,5353,0.950
190,Durant,0.78593,8323,0.907,5835,1.035
191,Exeggutor-Alola,0.78152,8994,0.980,5493,0.974
192,Quagsire,0.78048,6488,0.707,4112,0.729
193,Arceus-Electric,0.77768,5871,0.640,3450,0.612
194,Wobbuffet,0.77248,8012,0.873,4345,0.771
195,Torterra,0.77109,9248,1.008,6014,1.067
196,Mudsdale,0.74973,7350,0.801,4802,0.852
197,Blastoise,0.73539,9333,1.017,5946,1.055
198,Magnemite,0.72564,8222,0.896,3028,0.537
199,Gastrodon,0.72477,6148,0.670,3984,0.707
200,Luxray,0.72306,9152,0.997,5973,1.060
201,Arceus-Poison,0.71684,4548,0.495,2841,0.504
202,Toucannon,0.70398,7992,0.871,4852,0.861
203,Trevenant,0.70377,7413,0.808,4441,0.788
204,Wishiwashi,0.69441,7337,0.799,4645,0.824
205,Froslass,0.69029,7769,0.846,5580,0.990
206,Arceus-Dragon,0.69000,6367,0.694,3791,0.673
207,Tentacruel,0.68247,5523,0.602,3761,0.667
208,Tyrantrum,0.67426,7275,0.793,4674,0.829
209,Honchkrow,0.67408,7231,0.788,4484,0.795
210,Slowbro-Mega,0.67407,5976,0.651,3378,0.599
211,Ariados,0.67055,7512,0.818,6291,1.116
212,Necrozma,0.65070,5889,0.642,3649,0.647
213,Zygarde-10,0.63982,5240,0.571,3166,0.562
214,Hippowdon,0.63786,4910,0.535,3891,0.690
215,Scrafty,0.63761,6529,0.711,4201,0.745
216,Rayquaza,0.63363,6801,0.741,4050,0.718
217,Ludicolo,0.62640,6563,0.715,3818,0.677
218,Drampa,0.62563,5789,0.631,3384,0.600
219,Conkeldurr,0.62342,5836,0.636,3768,0.668
220,Dhelmise,0.62187,5856,0.638,3496,0.620
221,Delphox,0.60747,6897,0.751,4401,0.781
222,Sableye,0.60389,5136,0.560,3572,0.634
223,Manaphy,0.60337,5476,0.597,3385,0.601
224,Sandslash-Alola,0.60095,6599,0.719,4347,0.771
225,Swellow,0.59862,5459,0.595,3358,0.596
226,Arceus-Fire,0.59752,5155,0.562,3164,0.561
227,Cofagrigus,0.59591,5815,0.634,4235,0.751
228,Steelix,0.59241,6541,0.713,4712,0.836
229,Mandibuzz,0.59125,4866,0.530,3100,0.550
230,Palossand,0.58500,5843,0.637,3665,0.650
231,Sharpedo-Mega,0.58247,5694,0.620,3647,0.647
232,Guzzlord,0.56944,6066,0.661,3812,0.676
233,Hitmonlee,0.56167,6093,0.664,3268,0.580
234,Landorus,0.56120,4295,0.468,2624,0.466
235,Darmanitan,0.55555,5542,0.604,3501,0.621
236,Thundurus-Therian,0.55364,5066,0.552,3345,0.593
237,Heracross,0.55216,6187,0.674,3818,0.677
238,Togedemaru,0.54305,5336,0.581,3868,0.686
239,Rhyperior,0.54205,5576,0.607,3526,0.626
240,Turtonator,0.53918,6315,0.688,3935,0.698
241,Toxicroak,0.53733,5616,0.612,3810,0.676
242,Chesnaught,0.53045,6123,0.667,3812,0.676
243,Comfey,0.51937,4560,0.497,2705,0.480
244,Suicune,0.51543,4910,0.535,3076,0.546
245,Volcanion,0.51252,5530,0.602,3679,0.653
246,Magmortar,0.51090,5993,0.653,3967,0.704
247,Florges,0.50932,5360,0.584,3102,0.550
248,Raichu,0.50652,7149,0.779,4675,0.829
249,Gigalith,0.49917,4997,0.544,3623,0.643
250,Glaceon,0.49878,5544,0.604,3367,0.597
251,Miltank,0.49500,5626,0.613,3010,0.534
252,Politoed,0.49222,4877,0.531,3541,0.628
253,Mienshao,0.48932,4642,0.506,2919,0.518
254,Cresselia,0.48766,4026,0.439,2205,0.391
255,Dragalge,0.47889,4984,0.543,3346,0.594
256,Tangrowth,0.47235,4334,0.472,2742,0.486
257,Dusknoir,0.47106,5015,0.546,3379,0.599
258,Torkoal,0.46715,4936,0.538,3583,0.636
259,Leafeon,0.46146,5705,0.622,3408,0.605
260,Thundurus,0.46139,3402,0.371,2278,0.404
261,Aerodactyl,0.45857,4300,0.468,3084,0.547
262,Lurantis,0.45348,5759,0.627,3323,0.590
263,Houndoom,0.45220,5581,0.608,3481,0.618
264,Dusclops,0.45041,4043,0.440,2461,0.437
265,Archeops,0.45031,4581,0.499,3068,0.544
266,Glalie-Mega,0.43936,4782,0.521,3013,0.535
267,Braviary,0.43713,4973,0.542,3096,0.549
268,Mismagius,0.43323,4933,0.537,3133,0.556
269,Arceus-Rock,0.43019,2492,0.271,1654,0.293
270,Scyther,0.42986,4113,0.448,2470,0.438
271,Magikarp,0.42901,7496,0.817,2897,0.514
272,Amoonguss,0.42815,3833,0.418,2202,0.391
273,Flareon,0.42637,5775,0.629,3662,0.650
274,Latias,0.42215,4123,0.449,2387,0.423
275,Donphan,0.42170,4133,0.450,2954,0.524
276,Nosepass,0.41899,4034,0.439,2130,0.378
277,Bronzong,0.41661,4054,0.442,2938,0.521
278,Rotom-Heat,0.41452,3942,0.429,2551,0.453
279,Slowbro,0.41246,3971,0.433,2399,0.426
280,Komala,0.40971,4949,0.539,2398,0.425
281,Hitmonchan,0.40897,4082,0.445,2824,0.501
282,Vivillon,0.40640,3757,0.409,2162,0.384
283,Ampharos,0.39906,5364,0.584,3424,0.607
284,Dugtrio-Alola,0.39881,3916,0.427,2710,0.481
285,Arceus-Grass,0.39602,2961,0.323,1743,0.309
286,Groudon,0.39368,3324,0.362,2252,0.400
287,Cradily,0.39305,3673,0.400,2407,0.427
288,Lilligant,0.39183,3870,0.422,2309,0.410
289,Heliolisk,0.39070,4175,0.455,2577,0.457
290,Spiritomb,0.38696,4101,0.447,2767,0.491
291,Slaking,0.38592,4314,0.470,2601,0.461
292,Raikou,0.38479,3866,0.421,2388,0.424
293,Emboar,0.38341,4706,0.513,3099,0.550
294,Golurk,0.37872,4709,0.513,3363,0.597
295,Liepard,0.37786,3468,0.378,2422,0.430
296,Meowstic,0.37379,4545,0.495,3039,0.539
297,Meloetta,0.37341,4047,0.441,2509,0.445
298,Probopass,0.37085,2913,0.317,1831,0.325
299,Ursaring,0.36833,3936,0.429,2464,0.437
300,Arceus-Flying,0.36418,2338,0.255,1312,0.233
301,Celebi,0.36236,3781,0.412,2147,0.381
302,Crabominable,0.36080,4076,0.444,2498,0.443
303,Diggersby,0.36063,3547,0.386,2273,0.403
304,Masquerain,0.35991,3529,0.384,2437,0.432
305,Lopunny,0.35755,4143,0.451,2807,0.498
306,Gorebyss,0.35441,3185,0.347,2142,0.380
307,Chatot,0.34851,3805,0.415,2309,0.410
308,Avalugg,0.34815,3191,0.348,1945,0.345
309,Lanturn,0.34566,3586,0.391,2382,0.423
310,Absol,0.34431,4203,0.458,2687,0.477
311,Silvally,0.34342,3058,0.333,1831,0.325
312,Terrakion,0.34045,3034,0.331,2005,0.356
313,Mr. Mime,0.33988,3427,0.373,1916,0.340
314,Persian-Alola,0.33830,3694,0.402,2539,0.450
315,Sharpedo,0.33753,3123,0.340,1871,0.332
316,Keldeo,0.33751,3753,0.409,2385,0.423
317,Yanmega,0.33579,3406,0.371,2004,0.356
318,Weezing,0.33541,3332,0.363,2303,0.409
319,Crawdaunt,0.33295,3486,0.380,2166,0.384
320,Shiinotic,0.33026,3841,0.418,2358,0.418
321,Exeggutor,0.33017,4104,0.447,2434,0.432
322,Samurott,0.32922,4605,0.502,2986,0.530
323,Spinda,0.32406,4517,0.492,1675,0.297
324,Bibarel,0.32313,3318,0.361,1763,0.313
325,Jellicent,0.31769,3134,0.341,2043,0.362
326,Golem,0.31683,3571,0.389,2388,0.424
327,Entei,0.31394,3100,0.338,1972,0.350
328,Accelgor,0.31334,3446,0.375,2001,0.355
329,Reuniclus,0.31118,3353,0.365,2117,0.376
330,Xatu,0.30823,2604,0.284,1673,0.297
331,Venomoth,0.30492,3088,0.336,2155,0.382
332,Pangoro,0.30318,3600,0.392,2408,0.427
333,Mantine,0.30150,2491,0.271,1707,0.303
334,Abomasnow,0.30148,3478,0.379,2326,0.413
335,Regigigas,0.29955,3095,0.337,1923,0.341
336,Electrode,0.29909,3666,0.399,2184,0.387
337,Poliwrath,0.29755,3949,0.430,2657,0.471
338,Doublade,0.29561,2633,0.287,1720,0.305
339,Bastiodon,0.29125,3068,0.334,2158,0.383
340,Bruxish,0.28938,2493,0.272,1558,0.276
341,Zangoose,0.28872,2841,0.310,1810,0.321
342,Medicham,0.28773,2976,0.324,1876,0.333
343,Arceus-Fighting,0.28582,2393,0.261,1403,0.249
344,Walrein,0.28147,2940,0.320,1872,0.332
345,Rampardos,0.28120,3262,0.355,2049,0.364
346,Rhydon,0.27929,2703,0.294,1923,0.341
347,Arceus-Ice,0.27792,2229,0.243,1315,0.233
348,Barbaracle,0.27372,2478,0.270,1549,0.275
349,Starly,0.27211,4512,0.492,1167,0.207
350,Hariyama,0.26951,3151,0.343,1915,0.340
351,Escavalier,0.26800,2834,0.309,1866,0.331
352,Carracosta,0.26585,2862,0.312,1932,0.343
353,Clawitzer,0.26531,3339,0.364,2246,0.398
354,Meganium,0.26360,3579,0.390,2147,0.381
355,Muk,0.26229,3037,0.331,1976,0.351
356,Glalie,0.26094,2341,0.255,1278,0.227
357,Swoobat,0.26090,2716,0.296,1724,0.306
358,Slowking,0.26073,2521,0.275,1652,0.293
359,Volbeat,0.25980,2495,0.272,1747,0.310
360,Gothitelle,0.25898,2545,0.277,1508,0.268
361,Linoone,0.25882,2855,0.311,1732,0.307
362,Uxie,0.25797,1907,0.208,1470,0.261
363,Arbok,0.25574,2765,0.301,1851,0.328
364,Exploud,0.25504,3081,0.336,1923,0.341
365,Type: Null,0.25265,2293,0.250,1410,0.250
366,Butterfree,0.24879,3020,0.329,2050,0.364
367,Manectric,0.24711,2709,0.295,1794,0.318
368,Crustle,0.24644,2495,0.272,1664,0.295
369,Regice,0.24640,2674,0.291,1638,0.291
370,Altaria,0.24559,3004,0.327,1939,0.344
371,Nidoqueen,0.24415,2602,0.283,1889,0.335
372,Moltres,0.24199,3074,0.335,1983,0.352
373,Kecleon,0.24056,2290,0.249,1326,0.235
374,Claydol,0.23867,2303,0.251,1664,0.295
375,Tauros,0.23840,2506,0.273,1677,0.298
376,Diancie,0.23821,2568,0.280,1718,0.305
377,Armaldo,0.23809,2369,0.258,1625,0.288
378,Deoxys,0.23631,2526,0.275,1559,0.277
379,Pidgeot,0.23514,3829,0.417,2448,0.434
380,Octillery,0.23481,1934,0.211,1122,0.199
381,Rapidash,0.23169,2932,0.319,1882,0.334
382,Klinklang,0.23139,2637,0.287,1711,0.304
383,Golduck,0.22999,2376,0.259,1550,0.275
384,Hitmontop,0.22918,2468,0.269,1640,0.291
385,Aurorus,0.22902,2764,0.301,1865,0.331
386,Registeel,0.22855,2643,0.288,1536,0.272
387,Azelf,0.22768,2027,0.221,1581,0.280
388,Kabutops,0.22752,2963,0.323,1930,0.342
389,Tropius,0.22421,2701,0.294,1571,0.279
390,Seismitoad,0.21891,2513,0.274,1710,0.303
391,Pyroar,0.21874,2640,0.288,1720,0.305
392,Dedenne,0.21852,2752,0.300,1656,0.294
393,Arceus-Psychic,0.21779,1970,0.215,1130,0.200
394,Mawile,0.21218,2614,0.285,1666,0.296
395,Dodrio,0.21144,2313,0.252,1452,0.258
396,Omastar,0.21004,2457,0.268,1673,0.297
397,Gumshoos,0.20683,2610,0.284,1611,0.286
398,Virizion,0.20579,1819,0.198,1125,0.200
399,Shiftry,0.20532,2620,0.285,1318,0.234
400,Wailord,0.20527,2755,0.300,1700,0.302
401,Floatzel,0.20508,3144,0.343,2016,0.358
402,Qwilfish,0.20473,1690,0.184,1245,0.221
403,Emolga,0.20107,3084,0.336,2210,0.392
404,Regirock,0.19989,2188,0.238,1453,0.258
405,Vespiquen,0.19835,2182,0.238,1353,0.240
406,Beartic,0.19828,2127,0.232,1334,0.237
407,Rotom-Mow,0.19766,2064,0.225,1220,0.216
408,Pineco,0.19482,1983,0.216,1259,0.223
409,Leavanny,0.19239,2442,0.266,1669,0.296
410,Cacturne,0.19077,2614,0.285,1572,0.279
411,Tornadus-Therian,0.18617,1897,0.207,1247,0.221
412,Sawk,0.18370,2118,0.231,1298,0.230
413,Oranguru,0.18340,1957,0.213,1167,0.207
414,Silvally-Fairy,0.18181,1595,0.174,986,0.175
415,Cobalion,0.18045,1737,0.189,1124,0.199
416,Cryogonal,0.17658,1833,0.200,1047,0.186
417,Bidoof,0.17602,2682,0.292,935,0.166
418,Rotom-Frost,0.17529,1813,0.198,1148,0.204
419,Beedrill,0.17435,2318,0.253,1505,0.267
420,Druddigon,0.17163,1970,0.215,1289,0.229
421,Rattata-Alola,0.16898,2719,0.296,1065,0.189
422,Victreebel,0.16742,2181,0.238,1443,0.256
423,Persian,0.16737,1914,0.209,1401,0.249
424,Huntail,0.16490,1782,0.194,1280,0.227
425,Cottonee,0.16432,2092,0.228,884,0.157
426,Carbink,0.16418,1742,0.190,1348,0.239
427,Jynx,0.16337,2018,0.220,1214,0.215
428,Vanilluxe,0.16330,1790,0.195,1173,0.208
429,Marowak,0.16255,2085,0.227,1432,0.254
430,Alomomola,0.16103,1742,0.190,1037,0.184
431,Granbull,0.16039,1988,0.217,1336,0.237
432,Vileplume,0.15685,1772,0.193,1153,0.205
433,Stoutland,0.15677,1828,0.199,1087,0.193
434,Raticate,0.15618,1831,0.199,1077,0.191
435,Camerupt,0.15533,1890,0.206,1288,0.228
436,Wigglytuff,0.15327,2021,0.220,1352,0.240
437,Silvally-Dragon,0.15291,1837,0.200,1123,0.199
438,Furret,0.15129,2083,0.227,1158,0.205
439,Mightyena,0.15010,1635,0.178,977,0.173
440,Gogoat,0.14935,1917,0.209,1191,0.211
441,Unfezant,0.14834,2018,0.220,1314,0.233
442,Kingler,0.14684,1850,0.202,1182,0.210
443,Dunsparce,0.14507,1804,0.197,929,0.165
444,Magneton,0.14505,1439,0.157,1023,0.181
445,Primeape,0.14454,2103,0.229,1339,0.238
446,Murkrow,0.14430,1358,0.148,807,0.143
447,Silvally-Ghost,0.14269,1306,0.142,791,0.140
448,Kyurem,0.14158,1617,0.176,906,0.161
449,Gourgeist-Super,0.14058,1369,0.149,897,0.159
450,Togetic,0.13974,1499,0.163,997,0.177
451,Rotom-Fan,0.13972,1617,0.176,1022,0.181
452,Rotom,0.13630,1720,0.187,1253,0.222
453,Lickilicky,0.13390,2116,0.231,1184,0.210
454,Passimian,0.13138,1656,0.180,1084,0.192
455,Noctowl,0.13126,1702,0.185,1085,0.192
456,Sawsbuck,0.12911,1663,0.181,1035,0.184
457,Banette,0.12902,2013,0.219,1367,0.243
458,Hypno,0.12715,1716,0.187,1123,0.199
459,Dragonair,0.12681,1506,0.164,812,0.144
460,Garbodor,0.12588,1594,0.174,1127,0.200
461,Raticate-Alola,0.12278,1630,0.178,831,0.147
462,Musharna,0.12009,1276,0.139,892,0.158
463,Oricorio-Pom-Pom,0.11771,1828,0.199,1113,0.197
464,Arceus-Bug,0.11511,1073,0.117,584,0.104
465,Jumpluff,0.11502,1427,0.155,896,0.159
466,Haunter,0.11417,1461,0.159,961,0.170
467,Silvally-Fire,0.11371,1265,0.138,803,0.142
468,Stunfisk,0.11348,1322,0.144,767,0.136
469,Shaymin,0.10942,1153,0.126,664,0.118
470,Bouffalant,0.10925,1397,0.152,938,0.166
471,Hoopa,0.10906,1443,0.157,925,0.164
472,Oricorio-Sensu,0.10822,1464,0.160,1034,0.183
473,Kangaskhan,0.10568,1167,0.127,787,0.140
474,Oricorio,0.10526,1276,0.139,837,0.148
475,Sandslash,0.10372,1516,0.165,1063,0.189
476,Castform,0.10304,1517,0.165,867,0.154
477,Parasect,0.10049,1295,0.141,798,0.142
478,Silvally-Steel,0.09992,950,0.104,632,0.112
479,Zebstrika,0.09969,1160,0.126,818,0.145
480,Delcatty,0.09945,1340,0.146,875,0.155
481,Bellossom,0.09832,1203,0.131,716,0.127
482,Furfrou,0.09705,1144,0.125,739,0.131
483,Audino,0.09429,1163,0.127,732,0.130
484,Seviper,0.09352,1124,0.122,695,0.123
485,Magcargo,0.09343,1165,0.127,762,0.135
486,Gligar,0.09238,1202,0.131,727,0.129
487,Silvally-Electric,0.09131,1033,0.113,620,0.110
488,Skuntank,0.08943,1275,0.139,815,0.145
489,Chimecho,0.08824,918,0.100,535,0.095
490,Pachirisu,0.08614,1106,0.120,798,0.142
491,Taillow,0.08475,1365,0.149,451,0.080
492,Lunatone,0.08214,1016,0.111,635,0.113
493,Sudowoodo,0.08198,1243,0.135,794,0.141
494,Beheeyem,0.07832,1075,0.117,641,0.114
495,Whiscash,0.07723,1111,0.121,708,0.126
496,Seaking,0.07697,1053,0.115,600,0.106
497,Swalot,0.07640,844,0.092,496,0.088
498,Bulbasaur,0.07585,1231,0.134,780,0.138
499,Squirtle,0.07551,1744,0.190,873,0.155
500,Silvally-Water,0.07517,825,0.090,565,0.100
501,Skitty,0.07429,578,0.063,216,0.038
502,Minun,0.07404,1039,0.113,677,0.120
503,Fearow,0.07375,1103,0.120,755,0.134
504,Solrock,0.07371,884,0.096,601,0.107
505,Delibird,0.07358,1042,0.114,639,0.113
506,Silvally-Ice,0.07190,767,0.084,499,0.089
507,Relicanth,0.07114,787,0.086,520,0.092
508,Onix,0.07107,943,0.103,739,0.131
509,Dewgong,0.06997,1097,0.120,709,0.126
510,Piloswine,0.06930,528,0.058,429,0.076
511,Combusken,0.06827,855,0.093,547,0.097
512,Silvally-Poison,0.06756,614,0.067,400,0.071
513,Purugly,0.06631,796,0.087,542,0.096
514,Silvally-Dark,0.06608,716,0.078,447,0.079
515,Simisage,0.06404,685,0.075,418,0.074
516,Unown,0.06324,893,0.097,337,0.060
517,Heatmor,0.06293,730,0.080,454,0.081
518,Corsola,0.06248,839,0.091,543,0.096
519,Golbat,0.06236,646,0.070,450,0.080
520,Riolu,0.06211,848,0.092,520,0.092
521,Silvally-Fighting,0.06155,539,0.059,294,0.052
522,Basculin,0.06102,555,0.060,366,0.065
523,Illumise,0.06054,700,0.076,409,0.073
524,Gastly,0.05910,637,0.069,373,0.066
525,Aromatisse,0.05902,736,0.080,454,0.081
526,Braixen,0.05817,769,0.084,496,0.088
527,Farfetch'd,0.05794,918,0.100,550,0.098
528,Lickitung,0.05660,432,0.047,295,0.052
529,Tornadus,0.05650,633,0.069,414,0.073
530,Electabuzz,0.05604,857,0.093,564,0.100
531,Girafarig,0.05565,813,0.089,558,0.099
532,Luvdisc,0.05547,995,0.108,418,0.074
533,Clefairy,0.05514,726,0.079,394,0.070
534,Throh,0.05486,630,0.069,414,0.073
535,Kricketune,0.05414,791,0.086,532,0.094
536,Dustox,0.05232,676,0.074,412,0.073
537,Plusle,0.05129,871,0.095,472,0.084
538,Misdreavus,0.05086,508,0.055,264,0.047
539,Torracat,0.05056,632,0.069,500,0.089
540,Swanna,0.04973,708,0.077,461,0.082
541,Simisear,0.04970,596,0.065,381,0.068
542,Magmar,0.04925,711,0.077,481,0.085
543,Tangela,0.04921,579,0.063,378,0.067
544,Porygon,0.04921,511,0.056,307,0.054
545,Munchlax,0.04884,741,0.081,415,0.074
546,Beautifly,0.04854,624,0.068,385,0.068
547,Caterpie,0.04831,858,0.093,344,0.061
548,Vigoroth,0.04830,633,0.069,376,0.067
549,Silvally-Flying,0.04732,446,0.049,274,0.049
550,Pinsir,0.04688,666,0.073,442,0.078
551,Maractus,0.04627,683,0.074,436,0.077
552,Sneasel,0.04606,737,0.080,411,0.073
553,Grumpig,0.04422,565,0.062,315,0.056
554,Mothim,0.04286,631,0.069,344,0.061
555,Metang,0.04213,462,0.050,340,0.060
556,Silvally-Ground,0.04193,430,0.047,303,0.054
557,Ledian,0.04159,802,0.087,475,0.084
558,Charjabug,0.04157,409,0.045,222,0.039
559,Sunflora,0.04143,656,0.071,415,0.074
560,Carnivine,0.04066,568,0.062,354,0.063
561,Charmander,0.04004,682,0.074,503,0.089
562,Stantler,0.03956,484,0.053,330,0.059
563,Charmeleon,0.03835,481,0.052,333,0.059
564,Simipour,0.03813,498,0.054,305,0.054
565,Ponyta,0.03789,488,0.053,298,0.053
566,Ferroseed,0.03715,389,0.042,306,0.054
567,Meowth,0.03694,486,0.053,373,0.066
568,Pichu,0.03659,765,0.083,472,0.084
569,Mesprit,0.03658,600,0.065,371,0.066
570,Watchog,0.03554,502,0.055,311,0.055
571,Hakamo-o,0.03524,436,0.048,273,0.048
572,Oricorio-Pa'u,0.03487,488,0.053,301,0.053
573,Bayleef,0.03487,467,0.051,317,0.056
574,Gourgeist,0.03398,417,0.045,279,0.049
575,Salandit,0.03367,358,0.039,164,0.029
576,Jigglypuff,0.03293,588,0.064,355,0.063
577,Cosmoem,0.03252,446,0.049,166,0.029
578,Popplio,0.03240,465,0.051,246,0.044
579,Monferno,0.03235,422,0.046,310,0.055
580,Metapod,0.03213,607,0.066,217,0.038
581,Rowlet,0.03205,480,0.052,313,0.056
582,Frogadier,0.03199,491,0.053,344,0.061
583,Togepi,0.03166,799,0.087,318,0.056
584,Aipom,0.03151,610,0.066,407,0.072
585,Kadabra,0.03127,373,0.041,232,0.041
586,Machoke,0.03124,439,0.048,301,0.053
587,Buizel,0.03087,545,0.059,362,0.064
588,Koffing,0.03053,312,0.034,222,0.039
589,Ivysaur,0.03049,407,0.044,271,0.048
590,Clamperl,0.03049,426,0.046,171,0.030
591,Cosmog,0.02963,552,0.060,229,0.041
592,Gourgeist-Small,0.02950,253,0.028,161,0.029
593,Dewott,0.02949,351,0.038,223,0.040
594,Wormadam-Trash,0.02942,322,0.035,245,0.043
595,Psyduck,0.02908,274,0.030,113,0.020
596,Silvally-Grass,0.02853,341,0.037,214,0.038
597,Hippopotas,0.02822,487,0.053,348,0.062
598,Zubat,0.02812,658,0.072,218,0.039
599,Graveler-Alola,0.02786,334,0.036,256,0.045
600,Lumineon,0.02782,344,0.037,203,0.036
601,Mudkip,0.02693,345,0.038,197,0.035
602,Vulpix-Alola,0.02671,446,0.049,315,0.056
603,Abra,0.02631,358,0.039,227,0.040
604,Combee,0.02607,338,0.037,199,0.035
605,Solosis,0.02575,252,0.027,157,0.028
606,Wynaut,0.02500,424,0.046,268,0.048
607,Silvally-Psychic,0.02449,261,0.028,150,0.027
608,Lairon,0.02427,293,0.032,204,0.036
609,Shelgon,0.02424,300,0.033,163,0.029
610,Eelektrik,0.02409,238,0.026,176,0.031
611,Mareanie,0.02406,385,0.042,281,0.050
612,Cherrim,0.02360,363,0.040,219,0.039
613,Ralts,0.02306,284,0.031,199,0.035
614,Wartortle,0.02301,400,0.044,258,0.046
615,Sunkern,0.02286,404,0.044,224,0.040
616,Litten,0.02254,400,0.044,264,0.047
617,Diglett,0.02216,379,0.041,275,0.049
618,Nidorino,0.02212,201,0.022,123,0.022
619,Brionne,0.02190,288,0.031,182,0.032
620,Phione,0.02187,288,0.031,144,0.026
621,Dartrix,0.02179,425,0.046,279,0.049
622,Weedle,0.02146,316,0.034,186,0.033
623,Torchic,0.02129,283,0.031,209,0.037
624,Roselia,0.02123,270,0.029,201,0.036
625,Gothorita,0.02098,286,0.031,198,0.035
626,Voltorb,0.02073,374,0.041,173,0.031
627,Staravia,0.02068,309,0.034,113,0.020
628,Bunnelby,0.02008,286,0.031,187,0.033
629,Yamask,0.02006,274,0.030,226,0.040
630,Buneary,0.01994,279,0.030,159,0.028
631,Grovyle,0.01980,351,0.038,232,0.041
632,Cleffa,0.01957,328,0.036,131,0.023
633,Gabite,0.01908,242,0.026,171,0.030
634,Spheal,0.01875,282,0.031,135,0.024
635,Trapinch,0.01857,170,0.019,111,0.020
636,Gourgeist-Large,0.01856,192,0.021,111,0.020
637,Treecko,0.01829,355,0.039,205,0.036
638,Surskit,0.01825,312,0.034,196,0.035
639,Silvally-Bug,0.01815,208,0.023,137,0.024
640,Sealeo,0.01810,191,0.021,123,0.022
641,Duosion,0.01795,189,0.021,118,0.021
642,Omanyte,0.01792,251,0.027,144,0.026
643,Fennekin,0.01761,219,0.024,141,0.025
644,Cubone,0.01757,249,0.027,204,0.036
645,Zorua,0.01753,290,0.032,97,0.017
646,Shellos,0.01735,218,0.024,135,0.024
647,Servine,0.01731,219,0.024,123,0.022
648,Cutiefly,0.01726,201,0.022,108,0.019
649,Numel,0.01712,241,0.026,161,0.029
650,Turtwig,0.01705,180,0.020,111,0.020
651,Teddiursa,0.01702,256,0.028,171,0.030
652,Kirlia,0.01697,281,0.031,175,0.031
653,Graveler,0.01685,242,0.026,154,0.027
654,Quilava,0.01663,343,0.037,220,0.039
655,Swinub,0.01658,167,0.018,100,0.018
656,Rockruff,0.01656,223,0.024,156,0.028
657,Kakuna,0.01655,241,0.026,121,0.021
658,Gurdurr,0.01652,219,0.024,162,0.029
659,Piplup,0.01623,287,0.031,199,0.035
660,Totodile,0.01615,275,0.030,178,0.032
661,Flaaffy,0.01613,220,0.024,140,0.025
662,Trubbish,0.01606,296,0.032,206,0.037
663,Gible,0.01604,281,0.031,184,0.033
664,Sliggoo,0.01568,234,0.025,153,0.027
665,Zweilous,0.01561,219,0.024,132,0.023
666,Tentacool,0.01551,207,0.023,129,0.023
667,Swadloon,0.01541,175,0.019,126,0.022
668,Wormadam-Sandy,0.01522,200,0.022,128,0.023
669,Lampent,0.01522,218,0.024,156,0.028
670,Exeggcute,0.01474,247,0.027,123,0.022
671,Scraggy,0.01470,182,0.020,123,0.022
672,Vulpix,0.01450,184,0.020,143,0.025
673,Marshtomp,0.01436,275,0.030,186,0.033
674,Drifloon,0.01407,298,0.032,189,0.034
675,Marill,0.01379,327,0.036,196,0.035
676,Wooper,0.01372,240,0.026,137,0.024
677,Klang,0.01363,164,0.018,108,0.019
678,Yungoos,0.01323,239,0.026,113,0.020
679,Geodude-Alola,0.01288,170,0.019,139,0.025
680,Inkay,0.01285,151,0.016,107,0.019
681,Wurmple,0.01266,172,0.019,113,0.020
682,Doduo,0.01265,292,0.032,137,0.024
683,Slowpoke,0.01256,208,0.023,116,0.021
684,Boldore,0.01249,198,0.022,146,0.026
685,Dwebble,0.01249,157,0.017,127,0.023
686,Chimchar,0.01247,185,0.020,110,0.020
687,Mudbray,0.01246,151,0.016,96,0.017
688,Archen,0.01234,166,0.018,99,0.018
689,Pidgey,0.01221,378,0.041,207,0.037
690,Trumbeak,0.01221,141,0.015,103,0.018
691,Cyndaquil,0.01214,197,0.021,135,0.024
692,Honedge,0.01213,158,0.017,107,0.019
693,Snivy,0.01206,272,0.030,172,0.031
694,Krokorok,0.01204,216,0.024,146,0.026
695,Oshawott,0.01198,286,0.031,177,0.031
696,Duskull,0.01188,191,0.021,134,0.024
697,Rhyhorn,0.01188,169,0.018,131,0.023
698,Phantump,0.01177,175,0.019,133,0.024
699,Wormadam,0.01176,180,0.020,115,0.020
700,Croagunk,0.01164,135,0.015,100,0.018
701,Mime Jr.,0.01159,163,0.018,101,0.018
702,Corphish,0.01152,158,0.017,97,0.017
703,Krabby,0.01145,287,0.031,139,0.025
704,Fraxure,0.01139,185,0.020,106,0.019
705,Quilladin,0.01131,128,0.014,84,0.015
706,Meditite,0.01125,169,0.018,105,0.019
707,Magby,0.01114,151,0.016,114,0.020
708,Skorupi,0.01113,103,0.011,67,0.012
709,Pancham,0.01113,164,0.018,95,0.017
710,Feebas,0.01106,165,0.018,111,0.020
711,Dratini,0.01090,115,0.013,97,0.017
712,Chespin,0.01086,236,0.026,153,0.027
713,Pignite,0.01064,186,0.020,130,0.023
714,Azurill,0.01049,133,0.014,60,0.011
715,Prinplup,0.01045,159,0.017,124,0.022
716,Bonsly,0.01035,162,0.018,117,0.021
717,Fletchinder,0.01026,211,0.023,151,0.027
718,Grotle,0.01025,168,0.018,110,0.020
719,Meowth-Alola,0.01023,172,0.019,123,0.022
720,Carvanha,0.01007,112,0.012,77,0.014
721,Seel,0.00998,175,0.019,66,0.012
722,Froakie,0.00997,206,0.022,156,0.028
723,Wailmer,0.00989,306,0.033,92,0.016
724,Smoochum,0.00989,158,0.017,108,0.019
725,Seadra,0.00989,186,0.020,121,0.021
726,Stufful,0.00976,129,0.014,86,0.015
727,Staryu,0.00965,151,0.016,99,0.018
728,Crabrawler,0.00954,180,0.020,109,0.019
729,Wingull,0.00951,126,0.014,74,0.013
730,Elekid,0.00950,176,0.019,131,0.023
731,Geodude,0.00948,210,0.023,161,0.029
732,Phanpy,0.00947,154,0.017,68,0.012
733,Zigzagoon,0.00921,139,0.015,95,0.017
734,Swirlix,0.00918,107,0.012,67,0.012
735,Hoppip,0.00908,178,0.019,137,0.024
736,Pidgeotto,0.00895,170,0.019,116,0.021
737,Growlithe,0.00891,254,0.028,179,0.032
738,Ducklett,0.00890,137,0.015,68,0.012
739,Spritzee,0.00879,113,0.012,85,0.015
740,Ekans,0.00877,237,0.026,158,0.028
741,Pawniard,0.00869,130,0.014,85,0.015
742,Jangmo-o,0.00864,125,0.014,68,0.012
743,Lotad,0.00833,189,0.021,67,0.012
744,Vullaby,0.00830,214,0.023,93,0.016
745,Croconaw,0.00829,129,0.014,85,0.015
746,Grimer,0.00812,119,0.013,71,0.013
747,Tepig,0.00810,173,0.019,92,0.016
748,Espurr,0.00802,130,0.014,85,0.015
749,Natu,0.00792,134,0.015,65,0.012
750,Floette,0.00789,96,0.010,62,0.011
751,Shinx,0.00777,109,0.012,81,0.014
752,Poliwhirl,0.00774,134,0.015,95,0.017
753,Tyrunt,0.00771,142,0.015,96,0.017
754,Gloom,0.00769,96,0.010,68,0.012
755,Silvally-Rock,0.00769,97,0.011,56,0.010
756,Spinarak,0.00750,168,0.018,137,0.024
757,Yanma,0.00732,231,0.025,111,0.020
758,Oddish,0.00724,95,0.010,75,0.013
759,Mantyke,0.00723,102,0.011,67,0.012
760,Poochyena,0.00719,79,0.009,48,0.009
761,Shelmet,0.00715,122,0.013,81,0.014
762,Lileep,0.00704,78,0.008,64,0.011
763,Goomy,0.00701,146,0.016,95,0.017
764,Palpitoad,0.00683,128,0.014,102,0.018
765,Remoraid,0.00682,107,0.012,65,0.012
766,Cherubi,0.00677,76,0.008,53,0.009
767,Tyrogue,0.00676,114,0.012,83,0.015
768,Grimer-Alola,0.00671,107,0.012,69,0.012
769,Roggenrola,0.00666,81,0.009,70,0.012
770,Drilbur,0.00645,92,0.010,60,0.011
771,Rufflet,0.00645,81,0.009,31,0.005
772,Chikorita,0.00642,139,0.015,94,0.017
773,Weepinbell,0.00642,117,0.013,95,0.017
774,Whirlipede,0.00636,96,0.010,59,0.010
775,Pansage,0.00636,144,0.016,109,0.019
776,Pupitar,0.00634,173,0.019,110,0.020
777,Igglybuff,0.00633,193,0.021,134,0.024
778,Wimpod,0.00627,92,0.010,56,0.010
779,Karrablast,0.00627,86,0.009,54,0.010
780,Purrloin,0.00622,91,0.010,66,0.012
781,Gulpin,0.00602,80,0.009,61,0.011
782,Foongus,0.00597,147,0.016,78,0.014
783,Minccino,0.00597,100,0.011,63,0.011
784,Skiploom,0.00589,113,0.012,86,0.015
785,Shroomish,0.00580,208,0.023,125,0.022
786,Shellder,0.00568,105,0.011,57,0.010
787,Lombre,0.00567,79,0.009,45,0.008
788,Pumpkaboo,0.00556,57,0.006,38,0.007
789,Bronzor,0.00553,78,0.008,67,0.012
790,Happiny,0.00550,88,0.010,66,0.012
791,Pumpkaboo-Super,0.00533,84,0.009,48,0.009
792,Cranidos,0.00530,91,0.010,61,0.011
793,Morelull,0.00525,95,0.010,68,0.012
794,Loudred,0.00523,77,0.008,55,0.010
795,Shieldon,0.00521,91,0.010,79,0.014
796,Axew,0.00515,91,0.010,63,0.011
797,Cubchoo,0.00512,86,0.009,50,0.009
798,Swablu,0.00512,60,0.007,42,0.007
799,Mankey,0.00510,65,0.007,44,0.008
800,Amaura,0.00508,98,0.011,69,0.012
801,Pidove,0.00502,91,0.010,53,0.009
802,Noibat,0.00501,103,0.011,80,0.014
803,Kricketot,0.00499,93,0.010,63,0.011
804,Deino,0.00496,80,0.009,48,0.009
805,Steenee,0.00494,102,0.011,56,0.010
806,Venipede,0.00488,81,0.009,62,0.011
807,Joltik,0.00486,55,0.006,44,0.008
808,Seedot,0.00484,99,0.011,52,0.009
809,Vanillish,0.00475,57,0.006,47,0.008
810,Tynamo,0.00473,62,0.007,44,0.008
811,Bergmite,0.00469,80,0.009,55,0.010
812,Diglett-Alola,0.00464,80,0.009,57,0.010
813,Luxio,0.00463,112,0.012,78,0.014
814,Drowzee,0.00461,151,0.016,118,0.021
815,Chingling,0.00459,68,0.007,38,0.007
816,Frillish,0.00457,84,0.009,56,0.010
817,Bellsprout,0.00445,60,0.007,35,0.006
818,Baltoy,0.00439,73,0.008,50,0.009
819,Glameow,0.00436,107,0.012,77,0.014
820,Paras,0.00436,318,0.035,229,0.041
821,Herdier,0.00427,76,0.008,44,0.008
822,Makuhita,0.00425,48,0.005,26,0.005
823,Machop,0.00424,114,0.012,86,0.015
824,Sandshrew-Alola,0.00419,101,0.011,58,0.010
825,Bounsweet,0.00411,91,0.010,48,0.009
826,Sandygast,0.00411,98,0.011,58,0.010
827,Stunky,0.00408,50,0.005,41,0.007
828,Fomantis,0.00402,105,0.011,63,0.011
829,Cacnea,0.00401,71,0.008,49,0.009
830,Venonat,0.00398,60,0.007,52,0.009
831,Vibrava,0.00393,74,0.008,51,0.009
832,Woobat,0.00392,58,0.006,37,0.007
833,Whismur,0.00385,57,0.006,28,0.005
834,Bagon,0.00382,82,0.009,57,0.010
835,Skiddo,0.00381,93,0.010,64,0.011
836,Patrat,0.00373,49,0.005,28,0.005
837,Pumpkaboo-Large,0.00370,27,0.003,23,0.004
838,Mienfoo,0.00368,70,0.008,53,0.009
839,Litwick,0.00361,76,0.008,65,0.012
840,Goldeen,0.00357,47,0.005,31,0.005
841,Slugma,0.00355,60,0.007,52,0.009
842,Shuppet,0.00354,106,0.012,75,0.013
843,Pansear,0.00353,91,0.010,63,0.011
844,Chinchou,0.00350,52,0.006,38,0.007
845,Dewpider,0.00346,56,0.006,37,0.007
846,Vanillite,0.00345,88,0.010,48,0.009
847,Tirtouga,0.00344,58,0.006,46,0.008
848,Pikipek,0.00344,81,0.009,66,0.012
849,Blitzle,0.00340,71,0.008,48,0.009
850,Poliwag,0.00335,70,0.008,50,0.009
851,Mareep,0.00331,66,0.007,47,0.008
852,Slakoth,0.00329,58,0.006,35,0.006
853,NidoranM,0.00327,42,0.005,26,0.005
854,Sandile,0.00325,75,0.008,61,0.011
855,Sewaddle,0.00321,43,0.005,35,0.006
856,Snover,0.00319,44,0.005,37,0.007
857,Elgyem,0.00316,30,0.003,21,0.004
858,Sentret,0.00309,78,0.008,45,0.008
859,Spoink,0.00305,34,0.004,25,0.004
860,Flabebe,0.00304,61,0.007,37,0.007
861,Spearow,0.00303,93,0.010,62,0.011
862,Darumaka,0.00299,55,0.006,43,0.008
863,Litleo,0.00299,61,0.007,37,0.007
864,Helioptile,0.00293,59,0.006,42,0.007
865,Deerling,0.00289,58,0.006,45,0.008
866,Sandshrew,0.00283,72,0.008,58,0.010
867,Budew,0.00280,89,0.010,42,0.007
868,Larvesta,0.00274,62,0.007,41,0.007
869,Fletchling,0.00268,70,0.008,48,0.009
870,Grubbin,0.00267,52,0.006,44,0.008
871,Snorunt,0.00266,38,0.004,30,0.005
872,Nuzleaf,0.00265,54,0.006,31,0.005
873,Timburr,0.00257,74,0.008,50,0.009
874,Hoothoot,0.00252,43,0.005,30,0.005
875,Golett,0.00251,36,0.004,25,0.004
876,Scatterbug,0.00244,37,0.004,33,0.006
877,Cascoon,0.00240,39,0.004,27,0.005
878,Larvitar,0.00238,97,0.011,72,0.013
879,Tympole,0.00235,32,0.003,26,0.005
880,Barboach,0.00233,54,0.006,43,0.008
881,Spewpa,0.00228,36,0.004,30,0.005
882,Finneon,0.00223,37,0.004,26,0.005
883,Nidorina,0.00223,38,0.004,34,0.006
884,Lillipup,0.00219,41,0.004,22,0.004
885,Anorith,0.00213,35,0.004,25,0.004
886,Ledyba,0.00211,40,0.004,31,0.005
887,Nincada,0.00207,54,0.006,28,0.005
888,Tranquill,0.00201,66,0.007,45,0.008
889,Binacle,0.00199,27,0.003,21,0.004
890,Panpour,0.00197,86,0.009,43,0.008
891,Houndour,0.00196,58,0.006,47,0.008
892,Horsea,0.00195,44,0.005,23,0.004
893,Burmy,0.00189,42,0.005,24,0.004
894,Silcoon,0.00187,39,0.004,23,0.004
895,Electrike,0.00185,30,0.003,23,0.004
896,Kabuto,0.00177,31,0.003,27,0.005
897,Snubbull,0.00170,26,0.003,21,0.004
898,Beldum,0.00157,52,0.006,33,0.006
899,Munna,0.00140,26,0.003,21,0.004
900,Klink,0.00132,17,0.002,15,0.003
901,NidoranF,0.00128,31,0.003,25,0.004
902,Skrelp,0.00127,16,0.002,13,0.002
903,Gothita,0.00091,26,0.003,12,0.002
904,Clauncher,0.00084,25,0.003,17,0.003
905,Petilil,0.00069,17,0.002,13,0.002
906,Pumpkaboo-Small,0.00062,8,0.001,7,0.001
