 Total battles: 275502
 Avg. weight/team: 1.0
Rank,Pokemon,Usage percentage,Raw,Raw percentage,Real,Real percentage
1,Groudon-Primal,35.74929,196980,35.749,147639,40.342
2,Xerneas,25.71252,141677,25.713,90702,24.784
3,Kyogre-Primal,16.70932,92069,16.709,59844,16.352
4,Yveltal,14.65924,80773,14.659,57666,15.757
5,Lucario-Mega,12.61570,69513,12.616,45207,12.353
6,Salamence-Mega,12.51171,68940,12.512,43434,11.868
7,Arceus,12.29065,67722,12.291,44431,12.141
8,Lunala,12.06126,66458,12.061,41479,11.334
9,Aegislash,10.79430,59477,10.794,37964,10.374
10,Greninja-Ash,10.50936,57907,10.509,40566,11.085
11,Solgaleo,9.99049,55048,9.990,34285,9.368
12,Gengar-Mega,9.55964,52674,9.560,34061,9.307
13,Rayquaza,9.37235,51642,9.372,33157,9.060
14,Lugia,7.98070,43974,7.981,28353,7.747
15,Deoxys-Attack,7.91972,43638,7.920,30181,8.247
16,Zygarde,7.78434,42892,7.784,28828,7.877
17,Blaziken,7.58706,41805,7.587,29452,8.048
18,Darkrai,7.48906,41265,7.489,27357,7.475
19,Giratina-Origin,7.42790,40928,7.428,27715,7.573
20,Mewtwo,6.95548,38325,6.955,24323,6.646
21,Ho-Oh,6.72663,37064,6.727,25784,7.045
22,Mimikyu,5.95095,32790,5.951,22921,6.263
23,Kangaskhan-Mega,5.93752,32716,5.938,23064,6.302
24,Charizard-Mega-X,5.71738,31503,5.717,21508,5.877
25,Dialga,4.89506,26972,4.895,18773,5.130
26,Greninja,4.68781,25830,4.688,18126,4.953
27,Garchomp,4.53881,25009,4.539,16551,4.523
28,Kyurem-White,4.17692,23015,4.177,14138,3.863
29,Ferrothorn,4.07365,22446,4.074,17201,4.700
30,Genesect,4.00650,22076,4.007,15411,4.211
31,Deoxys-Speed,3.94607,21743,3.946,19119,5.224
32,Arceus-Ghost,3.79453,20908,3.795,13501,3.689
33,Arceus-Water,3.70778,20430,3.708,14427,3.942
34,Metagross-Mega,3.59798,19825,3.598,12594,3.441
35,Tapu Koko,3.53446,19475,3.534,12728,3.478
36,Zekrom,3.50578,19317,3.506,12192,3.331
37,Shaymin-Sky,3.48691,19213,3.487,12115,3.310
38,Arceus-Ground,3.48164,19184,3.482,14240,3.891
39,Magearna,3.40469,18760,3.405,12911,3.528
40,Dragonite,3.38727,18664,3.387,11924,3.258
41,Toxapex,3.35751,18500,3.358,12865,3.515
42,Tyranitar,3.14317,17319,3.143,12140,3.317
43,Eevee,3.13700,17285,3.137,14475,3.955
44,Smeargle,3.11831,17182,3.118,14553,3.977
45,Kartana,3.01704,16624,3.017,10740,2.935
46,Palkia,2.99090,16480,2.991,10331,2.823
47,Charizard-Mega-Y,2.89671,15961,2.897,10764,2.941
48,Celesteela,2.71886,14981,2.719,10002,2.733
49,Tapu Lele,2.60252,14340,2.603,9614,2.627
50,Pheromosa,2.46949,13607,2.469,8818,2.410
51,Scolipede,2.37385,13080,2.374,10545,2.881
52,Giratina,2.35171,12958,2.352,8783,2.400
53,Ditto,2.33628,12873,2.336,8424,2.302
54,Scizor-Mega,2.29799,12662,2.298,8196,2.240
55,Gliscor,2.26350,12472,2.264,8432,2.304
56,Serperior,2.24971,12396,2.250,7482,2.044
57,Excadrill,2.23283,12303,2.233,9510,2.599
58,Decidueye,2.21904,12227,2.219,7925,2.166
59,Marowak-Alola,2.20597,12155,2.206,7807,2.133
60,Chansey,2.17458,11982,2.175,8133,2.222
61,Deoxys-Defense,2.14372,11812,2.144,8526,2.330
62,Gengar,1.95770,10787,1.958,7113,1.944
63,Kyogre,1.92140,10587,1.921,6910,1.888
64,Arceus-Steel,1.90561,10500,1.906,7045,1.925
65,Sceptile,1.87149,10312,1.871,6613,1.807
66,Landorus-Therian,1.86931,10300,1.869,7689,2.101
67,Sableye-Mega,1.86206,10260,1.862,7907,2.161
68,Arceus-Fairy,1.85262,10208,1.853,7007,1.915
69,Talonflame,1.84935,10190,1.849,6690,1.828
70,Shuckle,1.84627,10173,1.846,8596,2.349
71,Cloyster,1.83701,10122,1.837,7240,1.978
72,Skarmory,1.82866,10076,1.829,7920,2.164
73,Snorlax,1.82267,10043,1.823,6833,1.867
74,Infernape,1.80906,9968,1.809,6130,1.675
75,Gardevoir,1.80652,9954,1.807,6205,1.696
76,Venusaur-Mega,1.80035,9920,1.800,6316,1.726
77,Alakazam-Mega,1.76242,9711,1.762,5960,1.629
78,Muk-Alola,1.76133,9705,1.761,6821,1.864
79,Volcarona,1.75316,9660,1.753,5550,1.517
80,Espeon,1.71505,9450,1.715,5473,1.495
81,Arceus-Dark,1.70071,9371,1.701,6519,1.781
82,Pikachu,1.67022,9203,1.670,6505,1.777
83,Incineroar,1.65698,9130,1.657,5993,1.638
84,Landorus,1.65208,9103,1.652,6157,1.682
85,Gyarados-Mega,1.61814,8916,1.618,6178,1.688
86,Raichu-Alola,1.59763,8803,1.598,5680,1.552
87,Ninjask,1.54336,8504,1.543,6831,1.867
88,Jolteon,1.53066,8434,1.531,5639,1.541
89,Ninetales-Alola,1.49781,8253,1.498,5574,1.523
90,Reshiram,1.48275,8170,1.483,4938,1.349
91,Weavile,1.47531,8129,1.475,5509,1.505
92,Tapu Fini,1.47367,8120,1.474,5415,1.480
93,Dugtrio,1.45589,8022,1.456,6104,1.668
94,Hoopa-Unbound,1.44445,7959,1.444,5092,1.391
95,Arcanine,1.43738,7920,1.437,5346,1.461
96,Blissey,1.42485,7851,1.425,5073,1.386
97,Umbreon,1.39527,7688,1.395,4968,1.358
98,Goodra,1.39128,7666,1.391,4895,1.338
99,Mew,1.34700,7422,1.347,5381,1.470
100,Staraptor,1.33429,7352,1.334,4707,1.286
101,Xurkitree,1.30761,7205,1.308,4613,1.261
102,Tapu Bulu,1.26877,6991,1.269,4265,1.165
103,Salamence,1.26587,6975,1.266,4431,1.211
104,Sylveon,1.25752,6929,1.258,4206,1.149
105,Krookodile,1.23738,6818,1.237,4422,1.208
106,Clefable,1.23066,6781,1.231,4262,1.165
107,Primarina,1.21778,6710,1.218,4481,1.224
108,Noivern,1.21560,6698,1.216,4366,1.193
109,Garchomp-Mega,1.20362,6632,1.204,4502,1.230
110,Magnezone,1.19818,6602,1.198,4209,1.150
111,Latios,1.18565,6533,1.186,4014,1.097
112,Electivire,1.17803,6491,1.178,4412,1.206
113,Porygon-Z,1.17513,6475,1.175,4301,1.175
114,Mamoswine,1.15934,6388,1.159,4682,1.279
115,Lucario,1.15244,6350,1.152,4090,1.118
116,Zapdos,1.14065,6285,1.141,4038,1.103
117,Togekiss,1.12685,6209,1.127,4058,1.109
118,Breloom,1.09183,6016,1.092,3891,1.063
119,Hydreigon,1.07186,5906,1.072,3933,1.075
120,Buzzwole,1.06242,5854,1.062,3637,0.994
121,Hawlucha,1.03992,5730,1.040,3797,1.038
122,Rotom-Wash,1.03593,5708,1.036,3913,1.069
123,Wobbuffet,1.01324,5583,1.013,3883,1.061
124,Salazzle,1.00689,5548,1.007,3689,1.008
125,Gyarados,0.95353,5254,0.954,3586,0.980
126,Nihilego,0.95063,5238,0.951,3973,1.086
127,Kyurem-Black,0.93194,5135,0.932,3211,0.877
128,Haxorus,0.90889,5008,0.909,3223,0.881
129,Arceus-Dragon,0.89582,4936,0.896,3299,0.901
130,Swampert,0.89527,4933,0.895,3628,0.991
131,Lapras,0.89455,4929,0.895,3445,0.941
132,Azumarill,0.88547,4879,0.885,3311,0.905
133,Charizard,0.87949,4846,0.879,3313,0.905
134,Heatran,0.87440,4818,0.874,3279,0.896
135,Shedinja,0.87096,4799,0.871,3227,0.882
136,Vaporeon,0.85208,4695,0.852,3075,0.840
137,Metagross,0.84682,4666,0.847,2926,0.800
138,Chandelure,0.84210,4640,0.842,2971,0.812
139,Venusaur,0.83302,4590,0.833,3007,0.822
140,Scizor,0.83230,4586,0.832,3009,0.822
141,Jirachi,0.81851,4510,0.819,2892,0.790
142,Milotic,0.80489,4435,0.805,2949,0.806
143,Klefki,0.80471,4434,0.805,3371,0.921
144,Zoroark,0.78947,4350,0.789,2199,0.601
145,Blastoise-Mega,0.78275,4313,0.783,2958,0.808
146,Kommo-o,0.77459,4268,0.775,2620,0.716
147,Arceus-Poison,0.77277,4258,0.773,2676,0.731
148,Groudon,0.76551,4218,0.766,3190,0.872
149,Minior,0.76515,4216,0.765,2960,0.809
150,Gallade,0.76116,4194,0.761,2787,0.762
151,Forretress,0.75335,4151,0.753,3499,0.956
152,Golisopod,0.73593,4055,0.736,2780,0.760
153,Crobat,0.72268,3982,0.723,2674,0.731
154,Arceus-Electric,0.72032,3969,0.720,2503,0.684
155,Araquanid,0.71107,3918,0.711,2547,0.696
156,Aggron,0.70961,3910,0.710,2675,0.731
157,Pyukumuku,0.69473,3828,0.695,2737,0.748
158,Bisharp,0.69092,3807,0.691,2466,0.674
159,Typhlosion,0.69074,3806,0.691,2523,0.689
160,Victini,0.68148,3755,0.681,2607,0.712
161,Aerodactyl-Mega,0.67894,3741,0.679,2725,0.745
162,Porygon2,0.67840,3738,0.678,2457,0.671
163,Blastoise,0.67676,3729,0.677,2550,0.697
164,Arceus-Rock,0.67096,3697,0.671,2485,0.679
165,Kingdra,0.66987,3691,0.670,2286,0.625
166,Machamp,0.66642,3672,0.666,2404,0.657
167,Whimsicott,0.65480,3608,0.655,2756,0.753
168,Galvantula,0.63883,3520,0.639,2892,0.790
169,Vikavolt,0.62849,3463,0.628,2265,0.619
170,Luxray,0.62831,3462,0.628,2211,0.604
171,Lycanroc,0.62686,3454,0.627,2353,0.643
172,Feraligatr,0.59455,3276,0.595,2221,0.607
173,Absol-Mega,0.58384,3217,0.584,2104,0.575
174,Thundurus-Therian,0.58021,3197,0.580,2154,0.589
175,Aron,0.57912,3191,0.579,1991,0.544
176,Heracross,0.57822,3186,0.578,1966,0.537
177,Alakazam,0.57404,3163,0.574,1980,0.541
178,Raichu,0.56951,3138,0.570,2128,0.581
179,Bronzong,0.56442,3110,0.564,2338,0.639
180,Latias,0.55989,3085,0.560,1753,0.479
181,Nidoking,0.55898,3080,0.559,2244,0.613
182,Slowbro-Mega,0.52050,2868,0.521,1943,0.531
183,Pinsir-Mega,0.51942,2862,0.519,1826,0.499
184,Golem-Alola,0.51089,2815,0.511,2056,0.562
185,Delphox,0.50163,2764,0.502,1752,0.479
186,Volcanion,0.49473,2726,0.495,1861,0.509
187,Durant,0.49455,2725,0.495,2248,0.614
188,Flygon,0.49364,2720,0.494,1799,0.492
189,Eelektross,0.48384,2666,0.484,1817,0.496
190,Articuno,0.48239,2658,0.482,1712,0.468
191,Rattata,0.47785,2633,0.478,1993,0.545
192,Exeggutor-Alola,0.46697,2573,0.467,1616,0.442
193,Torterra,0.46642,2570,0.466,1691,0.462
194,Necrozma,0.46424,2558,0.464,1583,0.433
195,Chesnaught,0.46334,2553,0.463,1563,0.427
196,Ninetales,0.46134,2542,0.461,1690,0.462
197,Empoleon,0.45989,2534,0.460,1766,0.483
198,Tyrantrum,0.45553,2510,0.456,1647,0.450
199,Lycanroc-Midnight,0.45517,2508,0.455,1713,0.468
200,Conkeldurr,0.45481,2506,0.455,1572,0.430
201,Ampharos,0.44918,2475,0.449,1683,0.460
202,Zygarde-10,0.44918,2475,0.449,1704,0.466
203,Tentacruel,0.44609,2458,0.446,1742,0.476
204,Ariados,0.42758,2356,0.428,1988,0.543
205,Wishiwashi,0.41706,2298,0.417,1544,0.422
206,Manaphy,0.41252,2273,0.413,1475,0.403
207,Arceus-Fire,0.40689,2242,0.407,1450,0.396
208,Donphan,0.40689,2242,0.407,1800,0.492
209,Guzzlord,0.40653,2240,0.407,1471,0.402
210,Ambipom,0.40290,2220,0.403,1659,0.453
211,Gastrodon,0.40272,2219,0.403,1539,0.421
212,Gigalith,0.40163,2213,0.402,1585,0.433
213,Starmie,0.40054,2207,0.401,1448,0.396
214,Drapion,0.40018,2205,0.400,1606,0.439
215,Turtonator,0.39219,2161,0.392,1429,0.390
216,Ludicolo,0.38693,2132,0.387,1365,0.373
217,Pelipper,0.38276,2109,0.383,1606,0.439
218,Arceus-Grass,0.38003,2094,0.380,1343,0.367
219,Slurpuff,0.37786,2082,0.378,1284,0.351
220,Bewear,0.37731,2079,0.377,1396,0.381
221,Mudsdale,0.37731,2079,0.377,1378,0.377
222,Froslass,0.37731,2079,0.377,1586,0.433
223,Gothitelle,0.36806,2028,0.368,1227,0.335
224,Florges,0.36642,2019,0.366,1197,0.327
225,Quagsire,0.36533,2013,0.365,1366,0.373
226,Roserade,0.36170,1993,0.362,1309,0.358
227,Suicune,0.35898,1978,0.359,1225,0.335
228,Darmanitan,0.35826,1974,0.358,1321,0.361
229,Glalie-Mega,0.35662,1965,0.357,1343,0.367
230,Sableye,0.35372,1949,0.354,1405,0.384
231,Steelix,0.35317,1946,0.353,1412,0.386
232,Mandibuzz,0.35118,1935,0.351,1362,0.372
233,Emboar,0.34882,1922,0.349,1331,0.364
234,Trevenant,0.34428,1897,0.344,1232,0.337
235,Keldeo,0.34265,1888,0.343,1275,0.348
236,Sandslash-Alola,0.34228,1886,0.342,1283,0.351
237,Toxicroak,0.33811,1863,0.338,1220,0.333
238,Deoxys,0.33049,1821,0.330,1224,0.334
239,Magmortar,0.32522,1792,0.325,1207,0.330
240,Moltres,0.32450,1788,0.324,1173,0.321
241,Diancie,0.32305,1780,0.323,1155,0.316
242,Toucannon,0.32159,1772,0.322,1113,0.304
243,Dusknoir,0.31942,1760,0.319,1243,0.340
244,Flareon,0.31742,1749,0.317,1091,0.298
245,Pidgeot,0.31615,1742,0.316,1097,0.300
246,Arceus-Ice,0.30599,1686,0.306,1042,0.285
247,Nosepass,0.30562,1684,0.306,1220,0.333
248,Leafeon,0.30526,1682,0.305,974,0.266
249,Scrafty,0.29637,1633,0.296,1102,0.301
250,Sigilyph,0.29546,1628,0.295,969,0.265
251,Glaceon,0.29310,1615,0.293,1031,0.282
252,Honchkrow,0.29074,1602,0.291,1068,0.292
253,Hippowdon,0.29020,1599,0.290,1320,0.361
254,Malamar,0.28802,1587,0.288,1090,0.298
255,Houndoom,0.28711,1582,0.287,1013,0.277
256,Torkoal,0.28639,1578,0.286,1207,0.330
257,Rhyperior,0.28548,1573,0.285,1149,0.314
258,Dhelmise,0.28439,1567,0.284,1021,0.279
259,Palossand,0.28258,1557,0.283,968,0.265
260,Braviary,0.27477,1514,0.275,1024,0.280
261,Raikou,0.27477,1514,0.275,970,0.265
262,Probopass,0.27259,1502,0.273,1135,0.310
263,Heliolisk,0.27169,1497,0.272,930,0.254
264,Absol,0.27114,1494,0.271,950,0.260
265,Aerodactyl,0.27096,1493,0.271,1064,0.291
266,Cresselia,0.26896,1482,0.269,921,0.252
267,Sharpedo-Mega,0.26787,1476,0.268,974,0.266
268,Tangrowth,0.26552,1463,0.266,928,0.254
269,Samurott,0.26461,1458,0.265,941,0.257
270,Pangoro,0.26388,1454,0.264,1024,0.280
271,Arceus-Flying,0.26225,1445,0.262,938,0.256
272,Politoed,0.26207,1444,0.262,1063,0.290
273,Slowbro,0.25934,1429,0.259,905,0.247
274,Tsareena,0.25826,1423,0.258,864,0.236
275,Cofagrigus,0.25807,1422,0.258,1020,0.279
276,Drampa,0.25626,1412,0.256,856,0.234
277,Regigigas,0.25535,1407,0.255,943,0.258
278,Meloetta,0.25517,1406,0.255,902,0.246
279,Altaria,0.25444,1402,0.254,739,0.202
280,Abomasnow,0.25408,1400,0.254,932,0.255
281,Cinccino,0.25408,1400,0.254,897,0.245
282,Lurantis,0.25281,1393,0.253,867,0.237
283,Avalugg,0.25154,1386,0.252,881,0.241
284,Celebi,0.24954,1375,0.250,969,0.265
285,Arceus-Fighting,0.24936,1374,0.249,882,0.241
286,Hitmonlee,0.24936,1374,0.249,917,0.251
287,Thundurus,0.24936,1374,0.249,919,0.251
288,Lanturn,0.24773,1365,0.248,924,0.252
289,Dragalge,0.23593,1300,0.236,836,0.228
290,Terrakion,0.23575,1299,0.236,946,0.258
291,Reuniclus,0.23466,1293,0.235,808,0.221
292,Crawdaunt,0.23430,1291,0.234,939,0.257
293,Gorebyss,0.23430,1291,0.234,941,0.257
294,Slaking,0.23285,1283,0.233,863,0.236
295,Ribombee,0.23267,1282,0.233,892,0.244
296,Crabominable,0.23248,1281,0.232,820,0.224
297,Meowstic,0.23230,1280,0.232,900,0.246
298,Golurk,0.23049,1270,0.230,869,0.237
299,Manectric,0.21887,1206,0.219,783,0.214
300,Swellow,0.21778,1200,0.218,799,0.218
301,Arceus-Psychic,0.21506,1185,0.215,722,0.197
302,Spiritomb,0.21488,1184,0.215,799,0.218
303,Magnemite,0.21161,1166,0.212,634,0.173
304,Scyther,0.20817,1147,0.208,732,0.200
305,Magikarp,0.20798,1146,0.208,708,0.193
306,Amoonguss,0.20726,1142,0.207,649,0.177
307,Lopunny,0.20544,1132,0.205,775,0.212
308,Dugtrio-Alola,0.20199,1113,0.202,746,0.204
309,Vivillon,0.20181,1112,0.202,722,0.197
310,Miltank,0.19746,1088,0.197,695,0.190
311,Rampardos,0.19728,1087,0.197,646,0.177
312,Mismagius,0.19546,1077,0.195,706,0.193
313,Clawitzer,0.19492,1074,0.195,705,0.193
314,Golduck,0.19419,1070,0.194,695,0.190
315,Accelgor,0.19328,1065,0.193,715,0.195
316,Entei,0.19183,1057,0.192,686,0.187
317,Exeggutor,0.19147,1055,0.191,670,0.183
318,Drifblim,0.19056,1050,0.191,727,0.199
319,Poliwrath,0.18929,1043,0.189,697,0.190
320,Meganium,0.18929,1043,0.189,676,0.185
321,Togedemaru,0.18802,1036,0.188,748,0.204
322,Golem,0.18421,1015,0.184,816,0.223
323,Sharpedo,0.18403,1014,0.184,713,0.195
324,Floatzel,0.18258,1006,0.183,654,0.179
325,Regice,0.18239,1005,0.182,656,0.179
326,Hariyama,0.18185,1002,0.182,694,0.190
327,Seismitoad,0.17713,976,0.177,694,0.190
328,Liepard,0.17350,956,0.174,741,0.202
329,Silvally,0.17350,956,0.174,604,0.165
330,Jellicent,0.17314,954,0.173,683,0.187
331,Rapidash,0.17223,949,0.172,571,0.156
332,Pineco,0.17205,948,0.172,755,0.206
333,Dusclops,0.17132,944,0.171,663,0.181
334,Gogoat,0.17132,944,0.171,596,0.163
335,Persian-Alola,0.17078,941,0.171,661,0.181
336,Pyroar,0.17042,939,0.170,601,0.164
337,Kyurem,0.16951,934,0.170,566,0.155
338,Hitmontop,0.16824,927,0.168,650,0.178
339,Xatu,0.16769,924,0.168,671,0.183
340,Comfey,0.16715,921,0.167,621,0.170
341,Carracosta,0.16533,911,0.165,672,0.184
342,Mienshao,0.16298,898,0.163,587,0.160
343,Diggersby,0.16279,897,0.163,577,0.158
344,Aurorus,0.16152,890,0.162,592,0.162
345,Tornadus-Therian,0.16134,889,0.161,568,0.155
346,Archeops,0.16116,888,0.161,571,0.156
347,Butterfree,0.15898,876,0.159,587,0.160
348,Rotom-Heat,0.15789,870,0.158,557,0.152
349,Cradily,0.15680,864,0.157,629,0.172
350,Yanmega,0.15299,843,0.153,565,0.154
351,Doublade,0.15172,836,0.152,528,0.144
352,Registeel,0.14791,815,0.148,546,0.149
353,Bastiodon,0.14465,797,0.145,617,0.169
354,Escavalier,0.14356,791,0.144,494,0.135
355,Crustle,0.14283,787,0.143,573,0.157
356,Exploud,0.14029,773,0.140,461,0.126
357,Regirock,0.14029,773,0.140,508,0.139
358,Unfezant,0.14029,773,0.140,511,0.140
359,Zangoose,0.13993,771,0.140,541,0.148
360,Venomoth,0.13993,771,0.140,603,0.165
361,Virizion,0.13866,764,0.139,456,0.125
362,Dedenne,0.13757,758,0.138,504,0.138
363,Ursaring,0.13285,732,0.133,519,0.142
364,Azelf,0.13230,729,0.132,623,0.170
365,Mantine,0.13212,728,0.132,505,0.138
366,Kabutops,0.13140,724,0.131,482,0.132
367,Tauros,0.13067,720,0.131,455,0.124
368,Weezing,0.13049,719,0.130,546,0.149
369,Emolga,0.12958,714,0.130,521,0.142
370,Mawile,0.12904,711,0.129,434,0.119
371,Tropius,0.12795,705,0.128,438,0.120
372,Taillow,0.12759,703,0.128,347,0.095
373,Barbaracle,0.12541,691,0.125,451,0.123
374,Wailord,0.12541,691,0.125,441,0.121
375,Type: Null,0.12523,690,0.125,463,0.127
376,Walrein,0.12486,688,0.125,481,0.131
377,Shiinotic,0.12396,683,0.124,473,0.129
378,Omastar,0.12033,663,0.120,481,0.131
379,Lilligant,0.11942,658,0.119,399,0.109
380,Rhydon,0.11833,652,0.118,488,0.133
381,Camerupt,0.11815,651,0.118,442,0.121
382,Medicham,0.11797,650,0.118,419,0.114
383,Hitmonchan,0.11670,643,0.117,457,0.125
384,Carbink,0.11633,641,0.116,493,0.135
385,Muk,0.11597,639,0.116,438,0.120
386,Shiftry,0.11488,633,0.115,374,0.102
387,Claydol,0.11343,625,0.113,465,0.127
388,Granbull,0.11143,614,0.111,426,0.116
389,Druddigon,0.11053,609,0.111,392,0.107
390,Sawk,0.10944,603,0.109,408,0.111
391,Slowking,0.10889,600,0.109,432,0.118
392,Cottonee,0.10780,594,0.108,371,0.101
393,Arbok,0.10744,592,0.107,430,0.117
394,Linoone,0.10708,590,0.107,399,0.109
395,Alomomola,0.10635,586,0.106,409,0.112
396,Masquerain,0.10508,579,0.105,502,0.137
397,Banette,0.10490,578,0.105,410,0.112
398,Noctowl,0.10254,565,0.103,375,0.102
399,Victreebel,0.10236,564,0.102,384,0.105
400,Komala,0.10181,561,0.102,335,0.092
401,Mr. Mime,0.10127,558,0.101,372,0.102
402,Cacturne,0.10036,553,0.100,382,0.104
403,Nidoqueen,0.10000,551,0.100,389,0.106
404,Cobalion,0.09982,550,0.100,343,0.094
405,Stoutland,0.09837,542,0.098,355,0.097
406,Bulbasaur,0.09764,538,0.098,403,0.110
407,Marowak,0.09746,537,0.097,391,0.107
408,Chatot,0.09492,523,0.095,366,0.100
409,Rotom-Mow,0.09455,521,0.095,316,0.086
410,Electrode,0.09437,520,0.094,379,0.104
411,Leavanny,0.09401,518,0.094,346,0.095
412,Dodrio,0.09365,516,0.094,335,0.092
413,Rattata-Alola,0.09274,511,0.093,347,0.095
414,Starly,0.09256,510,0.093,319,0.087
415,Swoobat,0.09220,508,0.092,301,0.082
416,Hoopa,0.09111,502,0.091,343,0.094
417,Arceus-Bug,0.09056,499,0.091,323,0.088
418,Volbeat,0.09020,497,0.090,400,0.109
419,Raticate,0.08984,495,0.090,333,0.091
420,Furfrou,0.08984,495,0.090,307,0.084
421,Primeape,0.08965,494,0.090,343,0.094
422,Squirtle,0.08929,492,0.089,360,0.098
423,Vileplume,0.08911,491,0.089,352,0.096
424,Silvally-Dragon,0.08857,488,0.089,300,0.082
425,Hypno,0.08838,487,0.088,309,0.084
426,Garbodor,0.08748,482,0.087,392,0.107
427,Beartic,0.08675,478,0.087,332,0.091
428,Glalie,0.08657,477,0.087,328,0.090
429,Gothorita,0.08602,474,0.086,370,0.101
430,Kangaskhan,0.08584,473,0.086,352,0.096
431,Huntail,0.08566,472,0.086,324,0.089
432,Beedrill,0.08530,470,0.085,338,0.092
433,Diglett,0.08475,467,0.085,376,0.103
434,Jumpluff,0.08457,466,0.085,351,0.096
435,Solrock,0.08348,460,0.083,323,0.088
436,Wynaut,0.08348,460,0.083,376,0.103
437,Bruxish,0.08330,459,0.083,299,0.082
438,Zebstrika,0.08058,444,0.081,306,0.084
439,Vespiquen,0.08004,441,0.080,238,0.065
440,Kecleon,0.07985,440,0.080,325,0.089
441,Persian,0.07895,435,0.079,330,0.090
442,Riolu,0.07858,433,0.079,329,0.090
443,Silvally-Fire,0.07822,431,0.078,268,0.073
444,Gourgeist-Super,0.07804,430,0.078,299,0.082
445,Caterpie,0.07659,422,0.077,257,0.070
446,Armaldo,0.07477,412,0.075,295,0.081
447,Rotom,0.07405,408,0.074,305,0.083
448,Wigglytuff,0.07387,407,0.074,279,0.076
449,Klinklang,0.07368,406,0.074,279,0.076
450,Togetic,0.07278,401,0.073,259,0.071
451,Raticate-Alola,0.07169,395,0.072,269,0.074
452,Bibarel,0.07060,389,0.071,259,0.071
453,Gumshoos,0.07005,386,0.070,255,0.070
454,Kingler,0.06860,378,0.069,244,0.067
455,Shaymin,0.06860,378,0.069,228,0.062
456,Passimian,0.06842,377,0.068,268,0.073
457,Stunfisk,0.06697,369,0.067,271,0.074
458,Vanilluxe,0.06679,368,0.067,272,0.074
459,Magcargo,0.06642,366,0.066,287,0.078
460,Sandslash,0.06588,363,0.066,238,0.065
461,Lickilicky,0.06534,360,0.065,255,0.070
462,Furret,0.06534,360,0.065,261,0.071
463,Treecko,0.06425,354,0.064,223,0.061
464,Oranguru,0.06425,354,0.064,215,0.059
465,Magneton,0.06352,350,0.064,229,0.063
466,Audino,0.06243,344,0.062,234,0.064
467,Silvally-Ghost,0.06225,343,0.062,218,0.060
468,Silvally-Electric,0.06189,341,0.062,215,0.059
469,Bouffalant,0.06171,340,0.062,212,0.058
470,Murkrow,0.06171,340,0.062,228,0.062
471,Uxie,0.06152,339,0.062,269,0.074
472,Pachirisu,0.06152,339,0.062,251,0.069
473,Rotom-Frost,0.06134,338,0.061,237,0.065
474,Dunsparce,0.06062,334,0.061,244,0.067
475,Sudowoodo,0.06007,331,0.060,217,0.059
476,Maractus,0.06007,331,0.060,167,0.046
477,Braixen,0.05844,322,0.058,208,0.057
478,Haunter,0.05808,320,0.058,248,0.068
479,Combusken,0.05626,310,0.056,228,0.062
480,Jynx,0.05499,303,0.055,194,0.053
481,Lunatone,0.05499,303,0.055,229,0.063
482,Electabuzz,0.05445,300,0.054,210,0.057
483,Pichu,0.05354,295,0.054,200,0.055
484,Tornadus,0.05172,285,0.052,207,0.057
485,Parasect,0.05009,276,0.050,200,0.055
486,Castform,0.04991,275,0.050,229,0.063
487,Mightyena,0.04955,273,0.050,172,0.047
488,Oricorio-Sensu,0.04882,269,0.049,188,0.051
489,Ferroseed,0.04846,267,0.048,204,0.056
490,Spinda,0.04828,266,0.048,223,0.061
491,Silvally-Fairy,0.04809,265,0.048,183,0.050
492,Oricorio-Pom-Pom,0.04737,261,0.047,212,0.058
493,Skuntank,0.04682,258,0.047,186,0.051
494,Charmander,0.04664,257,0.047,188,0.051
495,Gastly,0.04610,254,0.046,192,0.052
496,Fearow,0.04519,249,0.045,160,0.044
497,Bidoof,0.04519,249,0.045,198,0.054
498,Tangela,0.04501,248,0.045,156,0.043
499,Onix,0.04501,248,0.045,191,0.052
500,Qwilfish,0.04428,244,0.044,207,0.057
501,Sawsbuck,0.04410,243,0.044,172,0.047
502,Salandit,0.04301,237,0.043,156,0.043
503,Bayleef,0.04192,231,0.042,144,0.039
504,Cryogonal,0.04192,231,0.042,147,0.040
505,Pinsir,0.04120,227,0.041,143,0.039
506,Hippopotas,0.04102,226,0.041,185,0.051
507,Silvally-Water,0.04065,224,0.041,143,0.039
508,Beheeyem,0.04047,223,0.040,150,0.041
509,Buizel,0.04047,223,0.040,156,0.043
510,Delcatty,0.03993,220,0.040,133,0.036
511,Dragonair,0.03956,218,0.040,139,0.038
512,Chimecho,0.03956,218,0.040,138,0.038
513,Octillery,0.03920,216,0.039,153,0.042
514,Wartortle,0.03829,211,0.038,128,0.035
515,Aromatisse,0.03811,210,0.038,123,0.034
516,Seviper,0.03775,208,0.038,146,0.040
517,Bellossom,0.03684,203,0.037,141,0.039
518,Silvally-Steel,0.03648,201,0.036,139,0.038
519,Unown,0.03630,200,0.036,121,0.033
520,Cleffa,0.03557,196,0.036,66,0.018
521,Whiscash,0.03539,195,0.035,139,0.038
522,Shellder,0.03503,193,0.035,158,0.043
523,Oricorio,0.03485,192,0.035,130,0.036
524,Mesprit,0.03412,188,0.034,116,0.032
525,Swanna,0.03358,185,0.034,136,0.037
526,Gligar,0.03321,183,0.033,138,0.038
527,Dartrix,0.03303,182,0.033,137,0.037
528,Abra,0.03303,182,0.033,145,0.040
529,Jigglypuff,0.03285,181,0.033,128,0.035
530,Musharna,0.03267,180,0.033,126,0.034
531,Meowth,0.03249,179,0.032,148,0.040
532,Bunnelby,0.03140,173,0.031,101,0.028
533,Machoke,0.03122,172,0.031,119,0.033
534,Dewgong,0.03085,170,0.031,107,0.029
535,Litten,0.03067,169,0.031,131,0.036
536,Beautifly,0.03067,169,0.031,112,0.031
537,Silvally-Dark,0.03049,168,0.030,104,0.028
538,Clefairy,0.03013,166,0.030,115,0.031
539,Delibird,0.02995,165,0.030,125,0.034
540,Farfetch'd,0.02940,162,0.029,118,0.032
541,Silvally-Grass,0.02904,160,0.029,104,0.028
542,Girafarig,0.02867,158,0.029,85,0.023
543,Heatmor,0.02777,153,0.028,107,0.029
544,Froakie,0.02759,152,0.028,101,0.028
545,Kricketune,0.02759,152,0.028,105,0.029
546,Pawniard,0.02722,150,0.027,104,0.028
547,Grumpig,0.02704,149,0.027,94,0.026
548,Carnivine,0.02704,149,0.027,91,0.025
549,Corsola,0.02668,147,0.027,110,0.030
550,Cosmog,0.02668,147,0.027,70,0.019
551,Charmeleon,0.02668,147,0.027,111,0.030
552,Munchlax,0.02613,144,0.026,103,0.028
553,Torchic,0.02613,144,0.026,111,0.030
554,Simisear,0.02595,143,0.026,95,0.026
555,Ledian,0.02577,142,0.026,85,0.023
556,Mudkip,0.02577,142,0.026,83,0.023
557,Mareanie,0.02559,141,0.026,109,0.030
558,Ralts,0.02559,141,0.026,112,0.031
559,Popplio,0.02541,140,0.025,108,0.030
560,Trapinch,0.02541,140,0.025,96,0.026
561,Doduo,0.02523,139,0.025,75,0.020
562,Silvally-Fighting,0.02523,139,0.025,88,0.024
563,Corphish,0.02486,137,0.025,82,0.022
564,Grovyle,0.02450,135,0.025,100,0.027
565,Metang,0.02414,133,0.024,102,0.028
566,Quilava,0.02414,133,0.024,86,0.023
567,Geodude,0.02414,133,0.024,106,0.029
568,Gible,0.02414,133,0.024,85,0.023
569,Sunflora,0.02396,132,0.024,91,0.025
570,Magmar,0.02396,132,0.024,95,0.026
571,Plusle,0.02377,131,0.024,92,0.025
572,Totodile,0.02377,131,0.024,88,0.024
573,Aipom,0.02323,128,0.023,100,0.027
574,Oshawott,0.02323,128,0.023,97,0.027
575,Torracat,0.02305,127,0.023,81,0.022
576,Gourgeist,0.02305,127,0.023,85,0.023
577,Rowlet,0.02305,127,0.023,105,0.029
578,Hakamo-o,0.02269,125,0.023,80,0.022
579,Vulpix,0.02196,121,0.022,70,0.019
580,Sunkern,0.02196,121,0.022,66,0.018
581,Silvally-Ice,0.02196,121,0.022,68,0.019
582,Misdreavus,0.02160,119,0.022,89,0.024
583,Rotom-Fan,0.02160,119,0.022,88,0.024
584,Frogadier,0.02123,117,0.021,92,0.025
585,Vulpix-Alola,0.02123,117,0.021,87,0.024
586,Piplup,0.02105,116,0.021,87,0.024
587,Simisage,0.02087,115,0.021,77,0.021
588,Zorua,0.02069,114,0.021,55,0.015
589,Throh,0.02069,114,0.021,83,0.023
590,Sneasel,0.02051,113,0.021,82,0.022
591,Wooper,0.01996,110,0.020,79,0.022
592,Pignite,0.01960,108,0.020,83,0.023
593,Charjabug,0.01942,107,0.019,79,0.022
594,Psyduck,0.01924,106,0.019,66,0.018
595,Monferno,0.01924,106,0.019,84,0.023
596,Silvally-Ground,0.01906,105,0.019,75,0.020
597,Dewott,0.01906,105,0.019,73,0.020
598,Relicanth,0.01887,104,0.019,73,0.020
599,Snivy,0.01887,104,0.019,74,0.020
600,Amaura,0.01869,103,0.019,84,0.023
601,Cosmoem,0.01869,103,0.019,63,0.017
602,Nuzleaf,0.01869,103,0.019,75,0.020
603,Fletchinder,0.01851,102,0.019,66,0.018
604,Clamperl,0.01851,102,0.019,71,0.019
605,Brionne,0.01851,102,0.019,69,0.019
606,Graveler,0.01851,102,0.019,74,0.020
607,Chikorita,0.01833,101,0.018,78,0.021
608,Weedle,0.01833,101,0.018,80,0.022
609,Silvally-Poison,0.01815,100,0.018,65,0.018
610,Graveler-Alola,0.01797,99,0.018,71,0.019
611,Lumineon,0.01797,99,0.018,78,0.021
612,Seaking,0.01797,99,0.018,64,0.017
613,Basculin,0.01779,98,0.018,69,0.019
614,Minun,0.01779,98,0.018,75,0.020
615,Ivysaur,0.01779,98,0.018,66,0.018
616,Mothim,0.01779,98,0.018,60,0.016
617,Darumaka,0.01779,98,0.018,73,0.020
618,Gothita,0.01742,96,0.017,69,0.019
619,Gabite,0.01724,95,0.017,69,0.019
620,Geodude-Alola,0.01724,95,0.017,81,0.022
621,Staravia,0.01724,95,0.017,61,0.017
622,Kakuna,0.01706,94,0.017,72,0.020
623,Chimchar,0.01706,94,0.017,57,0.016
624,Porygon,0.01706,94,0.017,69,0.019
625,Swalot,0.01706,94,0.017,69,0.019
626,Kadabra,0.01688,93,0.017,60,0.016
627,Togepi,0.01688,93,0.017,56,0.015
628,Baltoy,0.01688,93,0.017,86,0.023
629,Solosis,0.01688,93,0.017,40,0.011
630,Pidgey,0.01688,93,0.017,71,0.019
631,Metapod,0.01670,92,0.017,68,0.019
632,Dustox,0.01652,91,0.017,51,0.014
633,Buneary,0.01597,88,0.016,47,0.013
634,Wurmple,0.01579,87,0.016,60,0.016
635,Pidgeotto,0.01561,86,0.016,53,0.014
636,Golbat,0.01561,86,0.016,61,0.017
637,Silvally-Flying,0.01506,83,0.015,49,0.013
638,Shellos,0.01506,83,0.015,39,0.011
639,Phanpy,0.01488,82,0.015,61,0.017
640,Vigoroth,0.01488,82,0.015,45,0.012
641,Dwebble,0.01488,82,0.015,66,0.018
642,Luvdisc,0.01452,80,0.015,42,0.011
643,Purugly,0.01397,77,0.014,54,0.015
644,Chespin,0.01397,77,0.014,55,0.015
645,Zubat,0.01397,77,0.014,58,0.016
646,Carvanha,0.01379,76,0.014,52,0.014
647,Silvally-Psychic,0.01343,74,0.013,50,0.014
648,Nidorino,0.01307,72,0.013,46,0.013
649,Illumise,0.01307,72,0.013,65,0.018
650,Rockruff,0.01307,72,0.013,41,0.011
651,Weepinbell,0.01270,70,0.013,48,0.013
652,Omanyte,0.01270,70,0.013,60,0.016
653,Koffing,0.01252,69,0.013,54,0.015
654,Goomy,0.01216,67,0.012,42,0.011
655,Trubbish,0.01198,66,0.012,59,0.016
656,Stantler,0.01198,66,0.012,46,0.013
657,Feebas,0.01198,66,0.012,52,0.014
658,Cherrim,0.01180,65,0.012,48,0.013
659,Lampent,0.01180,65,0.012,49,0.013
660,Lairon,0.01180,65,0.012,38,0.010
661,Yamask,0.01143,63,0.011,50,0.014
662,Fennekin,0.01143,63,0.011,47,0.013
663,Boldore,0.01125,62,0.011,51,0.014
664,Patrat,0.01125,62,0.011,34,0.009
665,Luxio,0.01107,61,0.011,33,0.009
666,Marshtomp,0.01089,60,0.011,50,0.014
667,Honedge,0.01089,60,0.011,44,0.012
668,Palpitoad,0.01089,60,0.011,45,0.012
669,Oricorio-Pa'u,0.01071,59,0.011,41,0.011
670,Hoppip,0.01071,59,0.011,51,0.014
671,Archen,0.01053,58,0.011,31,0.008
672,Simipour,0.01053,58,0.011,44,0.012
673,Minccino,0.01034,57,0.010,42,0.011
674,Voltorb,0.01034,57,0.010,44,0.012
675,Duskull,0.01016,56,0.010,37,0.010
676,Axew,0.00998,55,0.010,29,0.008
677,Krokorok,0.00998,55,0.010,42,0.011
678,Seadra,0.00998,55,0.010,31,0.008
679,Cubone,0.00998,55,0.010,38,0.010
680,Gurdurr,0.00980,54,0.010,38,0.010
681,Bergmite,0.00962,53,0.010,26,0.007
682,Sandshrew-Alola,0.00962,53,0.010,41,0.011
683,Lickitung,0.00962,53,0.010,45,0.012
684,Dratini,0.00962,53,0.010,35,0.010
685,Crabrawler,0.00962,53,0.010,36,0.010
686,Zweilous,0.00944,52,0.009,40,0.011
687,Marill,0.00926,51,0.009,38,0.010
688,Watchog,0.00926,51,0.009,31,0.008
689,Combee,0.00926,51,0.009,41,0.011
690,Gourgeist-Large,0.00926,51,0.009,26,0.007
691,Elekid,0.00907,50,0.009,32,0.009
692,Servine,0.00889,49,0.009,39,0.011
693,Bonsly,0.00871,48,0.009,33,0.009
694,Gourgeist-Small,0.00853,47,0.009,31,0.008
695,Slowpoke,0.00853,47,0.009,32,0.009
696,Tyrunt,0.00853,47,0.009,33,0.009
697,Pancham,0.00835,46,0.008,33,0.009
698,Tentacool,0.00835,46,0.008,39,0.011
699,Igglybuff,0.00817,45,0.008,27,0.007
700,Roselia,0.00817,45,0.008,28,0.008
701,Vullaby,0.00817,45,0.008,34,0.009
702,Whirlipede,0.00799,44,0.008,42,0.011
703,Mudbray,0.00799,44,0.008,33,0.009
704,Machop,0.00799,44,0.008,28,0.008
705,Larvitar,0.00799,44,0.008,35,0.010
706,Pansage,0.00780,43,0.008,35,0.010
707,Tepig,0.00780,43,0.008,33,0.009
708,Lileep,0.00780,43,0.008,35,0.010
709,Poliwhirl,0.00780,43,0.008,30,0.008
710,Croconaw,0.00780,43,0.008,29,0.008
711,Mienfoo,0.00780,43,0.008,29,0.008
712,Phione,0.00762,42,0.008,25,0.007
713,Diglett-Alola,0.00744,41,0.007,32,0.009
714,Noibat,0.00744,41,0.007,30,0.008
715,Turtwig,0.00744,41,0.007,30,0.008
716,Skitty,0.00744,41,0.007,31,0.008
717,Pupitar,0.00744,41,0.007,36,0.010
718,Shuppet,0.00726,40,0.007,32,0.009
719,Shroomish,0.00708,39,0.007,31,0.008
720,Scraggy,0.00708,39,0.007,30,0.008
721,Swadloon,0.00708,39,0.007,32,0.009
722,Piloswine,0.00690,38,0.007,26,0.007
723,Cyndaquil,0.00690,38,0.007,32,0.009
724,Shelgon,0.00690,38,0.007,30,0.008
725,Snover,0.00690,38,0.007,27,0.007
726,Loudred,0.00690,38,0.007,21,0.006
727,Numel,0.00690,38,0.007,30,0.008
728,Rhyhorn,0.00672,37,0.007,24,0.007
729,Yanma,0.00653,36,0.007,26,0.007
730,Pikipek,0.00653,36,0.007,24,0.007
731,Vanillite,0.00653,36,0.007,23,0.006
732,Whismur,0.00653,36,0.007,24,0.007
733,Duosion,0.00635,35,0.006,18,0.005
734,Venipede,0.00635,35,0.006,29,0.008
735,Shinx,0.00635,35,0.006,26,0.007
736,Jangmo-o,0.00617,34,0.006,23,0.006
737,Hoothoot,0.00617,34,0.006,27,0.007
738,Glameow,0.00617,34,0.006,27,0.007
739,Wimpod,0.00599,33,0.006,18,0.005
740,Silvally-Bug,0.00599,33,0.006,24,0.007
741,Quilladin,0.00599,33,0.006,27,0.007
742,Wormadam-Trash,0.00581,32,0.006,23,0.006
743,Croagunk,0.00581,32,0.006,23,0.006
744,Fraxure,0.00581,32,0.006,25,0.007
745,Scatterbug,0.00581,32,0.006,28,0.008
746,Fletchling,0.00563,31,0.006,13,0.004
747,Gloom,0.00563,31,0.006,19,0.005
748,Mime Jr.,0.00563,31,0.006,24,0.007
749,Grotle,0.00544,30,0.005,22,0.006
750,Teddiursa,0.00544,30,0.005,15,0.004
751,Cacnea,0.00544,30,0.005,15,0.004
752,Exeggcute,0.00544,30,0.005,21,0.006
753,Azurill,0.00526,29,0.005,23,0.006
754,Mankey,0.00526,29,0.005,18,0.005
755,Espurr,0.00526,29,0.005,11,0.003
756,Grubbin,0.00526,29,0.005,26,0.007
757,Bagon,0.00526,29,0.005,21,0.006
758,Eelektrik,0.00508,28,0.005,12,0.003
759,Meowth-Alola,0.00508,28,0.005,25,0.007
760,Sandile,0.00508,28,0.005,21,0.006
761,Stufful,0.00508,28,0.005,15,0.004
762,Steenee,0.00508,28,0.005,18,0.005
763,Zigzagoon,0.00508,28,0.005,22,0.006
764,Growlithe,0.00508,28,0.005,22,0.006
765,Magby,0.00490,27,0.005,23,0.006
766,Staryu,0.00472,26,0.005,18,0.005
767,Frillish,0.00472,26,0.005,17,0.005
768,Inkay,0.00472,26,0.005,16,0.004
769,Yungoos,0.00472,26,0.005,15,0.004
770,Natu,0.00472,26,0.005,17,0.005
771,Bellsprout,0.00454,25,0.005,20,0.005
772,Phantump,0.00454,25,0.005,22,0.006
773,Tyrogue,0.00454,25,0.005,18,0.005
774,Mantyke,0.00454,25,0.005,14,0.004
775,Flabebe,0.00454,25,0.005,18,0.005
776,Kirlia,0.00436,24,0.004,17,0.005
777,Sewaddle,0.00436,24,0.004,21,0.006
778,Drowzee,0.00436,24,0.004,15,0.004
779,Silcoon,0.00436,24,0.004,17,0.005
780,Grimer,0.00436,24,0.004,20,0.005
781,Litwick,0.00436,24,0.004,21,0.006
782,Makuhita,0.00436,24,0.004,18,0.005
783,NidoranM,0.00417,23,0.004,21,0.006
784,Sandygast,0.00417,23,0.004,14,0.004
785,Shieldon,0.00417,23,0.004,21,0.006
786,Lombre,0.00399,22,0.004,13,0.004
787,Pidove,0.00399,22,0.004,17,0.005
788,Pumpkaboo-Super,0.00399,22,0.004,15,0.004
789,Spoink,0.00399,22,0.004,16,0.004
790,Poochyena,0.00399,22,0.004,17,0.005
791,Vibrava,0.00399,22,0.004,17,0.005
792,NidoranF,0.00381,21,0.004,19,0.005
793,Mareep,0.00381,21,0.004,13,0.004
794,Flaaffy,0.00381,21,0.004,14,0.004
795,Drifloon,0.00381,21,0.004,17,0.005
796,Wailmer,0.00363,20,0.004,15,0.004
797,Paras,0.00363,20,0.004,13,0.004
798,Tranquill,0.00363,20,0.004,16,0.004
799,Tirtouga,0.00363,20,0.004,14,0.004
800,Spritzee,0.00345,19,0.003,11,0.003
801,Sentret,0.00345,19,0.003,18,0.005
802,Beldum,0.00345,19,0.003,18,0.005
803,Prinplup,0.00345,19,0.003,16,0.004
804,Spewpa,0.00345,19,0.003,17,0.005
805,Morelull,0.00345,19,0.003,13,0.004
806,Spinarak,0.00345,19,0.003,16,0.004
807,Litleo,0.00345,19,0.003,13,0.004
808,Cranidos,0.00345,19,0.003,13,0.004
809,Cutiefly,0.00327,18,0.003,14,0.004
810,Wingull,0.00327,18,0.003,15,0.004
811,Grimer-Alola,0.00327,18,0.003,16,0.004
812,Smoochum,0.00327,18,0.003,15,0.004
813,Roggenrola,0.00309,17,0.003,11,0.003
814,Klang,0.00309,17,0.003,14,0.004
815,Cubchoo,0.00309,17,0.003,11,0.003
816,Bronzor,0.00290,16,0.003,13,0.004
817,Snubbull,0.00290,16,0.003,9,0.002
818,Swirlix,0.00290,16,0.003,9,0.002
819,Pansear,0.00290,16,0.003,13,0.004
820,Gulpin,0.00290,16,0.003,7,0.002
821,Chingling,0.00290,16,0.003,15,0.004
822,Kricketot,0.00290,16,0.003,15,0.004
823,Timburr,0.00290,16,0.003,11,0.003
824,Swinub,0.00290,16,0.003,13,0.004
825,Ponyta,0.00290,16,0.003,11,0.003
826,Remoraid,0.00272,15,0.003,9,0.002
827,Snorunt,0.00272,15,0.003,13,0.004
828,Venonat,0.00272,15,0.003,12,0.003
829,Chinchou,0.00272,15,0.003,9,0.002
830,Slugma,0.00272,15,0.003,12,0.003
831,Trumbeak,0.00272,15,0.003,11,0.003
832,Deino,0.00254,14,0.003,12,0.003
833,Tympole,0.00254,14,0.003,8,0.002
834,Sandshrew,0.00254,14,0.003,9,0.002
835,Wormadam,0.00254,14,0.003,10,0.003
836,Woobat,0.00254,14,0.003,10,0.003
837,Silvally-Rock,0.00254,14,0.003,8,0.002
838,Slakoth,0.00236,13,0.002,10,0.003
839,Horsea,0.00236,13,0.002,7,0.002
840,Finneon,0.00236,13,0.002,10,0.003
841,Golett,0.00236,13,0.002,5,0.001
842,Sliggoo,0.00236,13,0.002,9,0.002
843,Surskit,0.00236,13,0.002,11,0.003
844,Herdier,0.00236,13,0.002,7,0.002
845,Houndour,0.00236,13,0.002,12,0.003
846,Goldeen,0.00218,12,0.002,10,0.003
847,Oddish,0.00218,12,0.002,7,0.002
848,Helioptile,0.00218,12,0.002,5,0.001
849,Binacle,0.00200,11,0.002,7,0.002
850,Seel,0.00200,11,0.002,9,0.002
851,Vanillish,0.00200,11,0.002,10,0.003
852,Lotad,0.00200,11,0.002,10,0.003
853,Spearow,0.00200,11,0.002,11,0.003
854,Munna,0.00200,11,0.002,11,0.003
855,Krabby,0.00200,11,0.002,9,0.002
856,Nidorina,0.00200,11,0.002,11,0.003
857,Seedot,0.00181,10,0.002,9,0.002
858,Rufflet,0.00181,10,0.002,5,0.001
859,Poliwag,0.00181,10,0.002,9,0.002
860,Skiddo,0.00181,10,0.002,7,0.002
861,Sealeo,0.00181,10,0.002,7,0.002
862,Spheal,0.00181,10,0.002,8,0.002
863,Happiny,0.00181,10,0.002,8,0.002
864,Lillipup,0.00163,9,0.002,6,0.002
865,Skiploom,0.00163,9,0.002,8,0.002
866,Larvesta,0.00163,9,0.002,7,0.002
867,Budew,0.00163,9,0.002,6,0.002
868,Cascoon,0.00163,9,0.002,7,0.002
869,Deerling,0.00163,9,0.002,4,0.001
870,Elgyem,0.00163,9,0.002,7,0.002
871,Floette,0.00163,9,0.002,7,0.002
872,Electrike,0.00163,9,0.002,7,0.002
873,Bounsweet,0.00163,9,0.002,7,0.002
874,Ekans,0.00163,9,0.002,6,0.002
875,Kabuto,0.00163,9,0.002,7,0.002
876,Drilbur,0.00163,9,0.002,6,0.002
877,Fomantis,0.00163,9,0.002,8,0.002
878,Ledyba,0.00163,9,0.002,3,0.001
879,Wormadam-Sandy,0.00145,8,0.001,7,0.002
880,Skorupi,0.00145,8,0.001,6,0.002
881,Purrloin,0.00127,7,0.001,5,0.001
882,Tynamo,0.00127,7,0.001,5,0.001
883,Meditite,0.00127,7,0.001,6,0.002
884,Skrelp,0.00109,6,0.001,4,0.001
885,Joltik,0.00109,6,0.001,5,0.001
886,Foongus,0.00109,6,0.001,4,0.001
887,Petilil,0.00109,6,0.001,4,0.001
888,Pumpkaboo,0.00091,5,0.001,4,0.001
889,Blitzle,0.00091,5,0.001,4,0.001
890,Panpour,0.00091,5,0.001,5,0.001
891,Stunky,0.00091,5,0.001,5,0.001
892,Karrablast,0.00091,5,0.001,4,0.001
893,Nincada,0.00091,5,0.001,4,0.001
894,Dewpider,0.00091,5,0.001,4,0.001
895,Pumpkaboo-Large,0.00073,4,0.001,4,0.001
896,Ducklett,0.00073,4,0.001,4,0.001
897,Clauncher,0.00073,4,0.001,2,0.001
898,Klink,0.00054,3,0.001,3,0.001
899,Pumpkaboo-Small,0.00054,3,0.001,3,0.001
900,Swablu,0.00054,3,0.001,1,0.000
901,Anorith,0.00054,3,0.001,3,0.001
902,Cherubi,0.00036,2,0.000,1,0.000
903,Burmy,0.00036,2,0.000,2,0.001
904,Shelmet,0.00036,2,0.000,2,0.001
905,Barboach,0.00018,1,0.000,1,0.000
