 Total battles: 41433
 Avg. weight/team: 0.545
Rank,Pokemon,Usage percentage,Raw,Raw percentage,Real,Real percentage
1,Groudon-Primal,22.34565,15954,19.253,11755,21.234
2,Dragonite,15.35314,9443,11.396,5911,10.678
3,Pheromosa,13.98073,7022,8.474,4560,8.237
4,Mimikyu,13.57797,8713,10.515,6191,11.184
5,Charizard-Mega-X,12.96756,15968,19.270,11327,20.461
6,Greninja-Ash,12.84693,16703,20.157,12482,22.548
7,Weavile,11.54734,6038,7.286,4189,7.567
8,Golisopod,11.41991,5735,6.921,3894,7.034
9,Zygarde,11.04737,9193,11.094,6151,11.111
10,Kartana,10.86810,5920,7.144,3535,6.386
11,Blissey,9.15498,4903,5.917,3216,5.809
12,Lucario-Mega,9.11851,9830,11.863,6651,12.014
13,Tapu Koko,9.06839,5850,7.060,4069,7.350
14,Kyogre-Primal,8.87656,8773,10.587,5875,10.613
15,Xerneas,8.69881,6087,7.346,3919,7.079
16,Gengar-Mega,8.50830,8336,10.060,5494,9.924
17,Genesect,7.53828,4015,4.845,2652,4.791
18,Tapu Lele,7.18041,3751,4.527,2252,4.068
19,Zapdos,6.37665,4011,4.840,2867,5.179
20,Hoopa-Unbound,5.91139,4427,5.342,2827,5.107
21,Salamence-Mega,5.60661,5856,7.067,3896,7.038
22,Metagross-Mega,5.55112,5857,7.068,3806,6.875
23,Rayquaza-Mega,5.52693,6210,7.494,4195,7.578
24,Darkrai,5.49583,4288,5.175,2842,5.134
25,Alakazam-Mega,5.39065,5566,6.717,3656,6.604
26,Lunala,5.33635,5153,6.218,3368,6.084
27,Raikou,5.28236,2781,3.356,2009,3.629
28,Garchomp,5.13776,4056,4.895,2714,4.903
29,Charizard-Mega-Y,4.89357,5617,6.778,3846,6.947
30,Magearna,4.74578,2532,3.056,1709,3.087
31,Gyarados-Mega,4.28888,4709,5.683,3301,5.963
32,Manaphy,4.26804,2181,2.632,1430,2.583
33,Celesteela,4.23809,2750,3.319,1777,3.210
34,Venusaur-Mega,4.00449,4617,5.572,2967,5.360
35,Volcarona,3.99226,2432,2.935,1463,2.643
36,Mewtwo,3.96056,4768,5.754,3078,5.560
37,Skarmory,3.86619,2203,2.659,1677,3.029
38,Tyranitar,3.86300,3577,4.317,2463,4.449
39,Arceus-Ghost,3.81077,2103,2.538,1272,2.298
40,Xurkitree,3.74275,2089,2.521,1262,2.280
41,Kangaskhan-Mega,3.70841,2802,3.381,1966,3.551
42,Ferrothorn,3.67710,2234,2.696,1676,3.028
43,Noivern,3.48160,3146,3.796,2141,3.868
44,Toxapex,3.45861,2172,2.621,1588,2.869
45,Entei,3.43374,1901,2.294,1159,2.094
46,Deoxys-Speed,3.39902,2093,2.526,1669,3.015
47,Terrakion,3.34693,1797,2.169,1039,1.877
48,Solgaleo,3.25086,3667,4.425,2392,4.321
49,Greninja,3.19564,3059,3.692,2213,3.998
50,Blaziken,3.16702,3085,3.723,2074,3.747
51,Yveltal,3.09386,2773,3.346,1892,3.418
52,Cresselia,3.08672,1650,1.991,1049,1.895
53,Aegislash,2.92758,2664,3.215,1823,3.293
54,Landorus-Therian,2.82816,1818,2.194,1264,2.283
55,Latios,2.76737,2366,2.855,1511,2.729
56,Victini,2.74360,2006,2.421,1340,2.421
57,Garchomp-Mega,2.54384,2994,3.613,2048,3.700
58,Scizor-Mega,2.52114,2645,3.192,1696,3.064
59,Gyarados,2.52078,1468,1.772,914,1.651
60,Archeops,2.48351,1323,1.597,796,1.438
61,Mamoswine,2.45845,1511,1.823,1111,2.007
62,Giratina-Origin,2.45301,2239,2.702,1472,2.659
63,Lugia,2.44163,2527,3.050,1676,3.028
64,Buzzwole,2.43371,1684,2.032,1034,1.868
65,Decidueye,2.38638,2859,3.450,1891,3.416
66,Arceus,2.37337,2313,2.791,1568,2.832
67,Blastoise-Mega,2.30828,3155,3.807,2186,3.949
68,Gardevoir,2.26142,2176,2.626,1392,2.515
69,Zekrom,2.22227,2520,3.041,1633,2.950
70,Dialga,2.18417,2288,2.761,1502,2.713
71,Ho-Oh,2.16806,1899,2.292,1365,2.466
72,Mew,2.16758,1852,2.235,1281,2.314
73,Lucario,2.14604,1553,1.874,998,1.803
74,Sceptile,2.12461,2652,3.200,1798,3.248
75,Rayquaza,2.03623,2512,3.031,1659,2.997
76,Arceus-Rock,1.99930,969,1.169,546,0.986
77,Snorlax,1.97981,1876,2.264,1322,2.388
78,Tapu Bulu,1.93589,1275,1.539,743,1.342
79,Nihilego,1.92198,1145,1.382,853,1.541
80,Excadrill,1.82194,1392,1.680,897,1.620
81,Shuckle,1.80884,1008,1.216,886,1.600
82,Deoxys-Defense,1.80280,1117,1.348,763,1.378
83,Infernape,1.79594,1680,2.027,1135,2.050
84,Arcanine,1.79407,1297,1.565,878,1.586
85,Muk-Alola,1.70525,1148,1.385,732,1.322
86,Arceus-Fairy,1.69733,871,1.051,609,1.100
87,Porygon-Z,1.68039,1210,1.460,705,1.274
88,Suicune,1.67890,1078,1.301,696,1.257
89,Metagross,1.65415,1079,1.302,753,1.360
90,Marowak-Alola,1.62147,1649,1.990,1124,2.030
91,Deoxys-Attack,1.59506,1459,1.761,924,1.669
92,Milotic,1.57996,997,1.203,628,1.134
93,Clefable,1.55041,872,1.052,608,1.098
94,Kyurem-White,1.54600,1614,1.948,982,1.774
95,Pikachu,1.53827,3123,3.769,2222,4.014
96,Ditto,1.53169,1703,2.055,1297,2.343
97,Aerodactyl-Mega,1.52611,1449,1.749,1005,1.815
98,Incineroar,1.52404,2059,2.485,1437,2.596
99,Flygon,1.50311,965,1.165,680,1.228
100,Heatran,1.49385,1060,1.279,711,1.284
101,Raichu-Alola,1.48945,2055,2.480,1448,2.616
102,Scizor,1.48565,853,1.029,573,1.035
103,Mandibuzz,1.48113,753,0.909,471,0.851
104,Vaporeon,1.47830,1085,1.309,669,1.208
105,Serperior,1.47746,1304,1.574,842,1.521
106,Palkia,1.47081,1784,2.153,1163,2.101
107,Salamence,1.46051,1236,1.492,800,1.445
108,Gengar,1.44919,1311,1.582,946,1.709
109,Thundurus-Therian,1.44778,1077,1.300,761,1.375
110,Togekiss,1.41466,934,1.127,653,1.180
111,Hydreigon,1.40676,1030,1.243,680,1.228
112,Tapu Fini,1.39249,935,1.128,648,1.171
113,Talonflame,1.37060,2195,2.649,1572,2.840
114,Arceus-Ground,1.34496,657,0.793,439,0.793
115,Landorus,1.34227,723,0.872,412,0.744
116,Roserade,1.33420,751,0.906,475,0.858
117,Haxorus,1.33257,1046,1.262,642,1.160
118,Cobalion,1.31100,733,0.885,464,0.838
119,Krookodile,1.30492,1104,1.332,742,1.340
120,Goodra,1.28394,1957,2.362,1385,2.502
121,Shaymin-Sky,1.27349,789,0.952,490,0.885
122,Kyurem-Black,1.24932,1662,2.006,1114,2.012
123,Ninetales-Alola,1.24728,1237,1.493,810,1.463
124,Electivire,1.24564,1153,1.391,846,1.528
125,Klinklang,1.24525,600,0.724,362,0.654
126,Feraligatr,1.22845,1120,1.352,786,1.420
127,Staraptor,1.17743,1051,1.268,707,1.277
128,Gliscor,1.15801,1093,1.319,725,1.310
129,Rotom-Wash,1.15479,802,0.968,524,0.947
130,Jolteon,1.15457,973,1.174,669,1.208
131,Keldeo,1.14891,782,0.944,493,0.891
132,Primarina,1.14732,1224,1.477,910,1.644
133,Crobat,1.09339,724,0.874,465,0.840
134,Umbreon,1.08725,888,1.072,596,1.077
135,Articuno,1.08354,1127,1.360,774,1.398
136,Sylveon,1.07415,1102,1.330,764,1.380
137,Sableye-Mega,1.05195,1213,1.464,902,1.629
138,Aggron,1.05121,889,1.073,628,1.134
139,Hawlucha,1.03813,1815,2.190,1313,2.372
140,Absol-Mega,1.02995,1118,1.349,744,1.344
141,Magnezone,1.00856,924,1.115,616,1.113
142,Arceus-Water,1.00835,621,0.749,411,0.742
143,Jirachi,1.00660,758,0.915,496,0.896
144,Dugtrio,0.99839,657,0.793,437,0.789
145,Luxray,0.95297,939,1.133,687,1.241
146,Chandelure,0.92946,735,0.887,461,0.833
147,Reshiram,0.92529,1175,1.418,755,1.364
148,Kyurem,0.91772,567,0.684,345,0.623
149,Cloyster,0.87784,668,0.806,474,0.856
150,Aerodactyl,0.87728,527,0.636,396,0.715
151,Giratina,0.85066,959,1.157,625,1.129
152,Lycanroc,0.84524,658,0.794,470,0.849
153,Vikavolt,0.84119,706,0.852,437,0.789
154,Venusaur,0.81290,718,0.866,485,0.876
155,Latias,0.81102,599,0.723,345,0.623
156,Zoroark,0.80702,803,0.969,371,0.670
157,Volcanion,0.80234,730,0.881,532,0.961
158,Pinsir-Mega,0.79861,895,1.080,612,1.106
159,Scolipede,0.79658,544,0.656,350,0.632
160,Guzzlord,0.79269,552,0.666,364,0.658
161,Glalie-Mega,0.77574,927,1.119,580,1.048
162,Lapras,0.76937,889,1.073,653,1.180
163,Escavalier,0.76612,405,0.489,267,0.482
164,Hippowdon,0.75608,405,0.489,301,0.544
165,Arceus-Steel,0.74420,418,0.504,279,0.504
166,Kyogre,0.74379,644,0.777,438,0.791
167,Azelf,0.74064,426,0.514,302,0.546
168,Arceus-Dragon,0.71707,734,0.886,487,0.880
169,Tangrowth,0.70708,409,0.494,224,0.405
170,Gallade,0.70694,788,0.951,541,0.977
171,Swampert,0.70537,838,1.011,633,1.143
172,Charizard,0.70119,861,1.039,596,1.077
173,Breloom,0.69882,753,0.909,502,0.907
174,Typhlosion,0.66843,624,0.753,427,0.771
175,Sharpedo,0.65838,377,0.455,258,0.466
176,Exeggutor-Alola,0.64681,668,0.806,440,0.795
177,Swellow,0.64230,419,0.506,330,0.596
178,Sharpedo-Mega,0.63581,684,0.825,476,0.860
179,Arceus-Electric,0.63251,445,0.537,300,0.542
180,Bisharp,0.62859,650,0.784,438,0.791
181,Salazzle,0.62589,583,0.704,372,0.672
182,Durant,0.61512,309,0.373,214,0.387
183,Chansey,0.57353,620,0.748,423,0.764
184,Dusknoir,0.57191,388,0.468,291,0.526
185,Delphox,0.56898,652,0.787,442,0.798
186,Reuniclus,0.56397,327,0.395,188,0.340
187,Torterra,0.56309,568,0.685,410,0.741
188,Gigalith,0.56223,466,0.562,330,0.596
189,Florges,0.54749,385,0.465,259,0.468
190,Kommo-o,0.54067,529,0.638,325,0.587
191,Chesnaught,0.53243,641,0.774,443,0.800
192,Vanilluxe,0.53215,278,0.335,158,0.285
193,Blastoise,0.52598,642,0.775,461,0.833
194,Bewear,0.52099,506,0.611,322,0.582
195,Steelix,0.51277,451,0.544,364,0.658
196,Shedinja,0.50899,433,0.523,346,0.625
197,Avalugg,0.50433,318,0.384,243,0.439
198,Espeon,0.49634,507,0.612,326,0.589
199,Cofagrigus,0.49199,306,0.369,211,0.381
200,Alakazam,0.48754,419,0.506,265,0.479
201,Regice,0.48730,456,0.550,275,0.497
202,Moltres,0.48623,636,0.768,414,0.748
203,Galvantula,0.48477,354,0.427,280,0.506
204,Smeargle,0.48434,406,0.490,336,0.607
205,Rhyperior,0.47925,435,0.525,313,0.565
206,Empoleon,0.47894,444,0.536,336,0.607
207,Kingdra,0.47036,551,0.665,397,0.717
208,Tornadus-Therian,0.46041,357,0.431,248,0.448
209,Ninjask,0.45714,314,0.379,223,0.403
210,Araquanid,0.45639,340,0.410,228,0.412
211,Tyrantrum,0.45464,506,0.611,327,0.591
212,Raichu,0.44733,791,0.955,560,1.012
213,Meganium,0.44532,361,0.436,240,0.434
214,Celebi,0.43451,396,0.478,262,0.473
215,Diancie,0.43043,396,0.478,280,0.506
216,Drampa,0.42656,278,0.335,179,0.323
217,Ambipom,0.42652,266,0.321,196,0.354
218,Mantine,0.42635,253,0.305,166,0.300
219,Drapion,0.42155,423,0.510,301,0.544
220,Lycanroc-Midnight,0.42044,543,0.655,379,0.685
221,Necrozma,0.41650,373,0.450,250,0.452
222,Starmie,0.41091,268,0.323,178,0.322
223,Machamp,0.40811,500,0.603,352,0.636
224,Slowbro-Mega,0.40443,490,0.591,347,0.627
225,Toxicroak,0.39750,292,0.352,195,0.352
226,Slowbro,0.39615,318,0.384,211,0.381
227,Golem-Alola,0.38946,448,0.541,343,0.620
228,Magmortar,0.38926,349,0.421,237,0.428
229,Porygon2,0.38730,212,0.256,151,0.273
230,Arceus-Poison,0.38668,260,0.314,174,0.314
231,Azumarill,0.38653,323,0.390,218,0.394
232,Lurantis,0.38424,256,0.309,161,0.291
233,Mismagius,0.37875,285,0.344,195,0.352
234,Houndoom,0.37531,406,0.490,277,0.500
235,Rampardos,0.37263,233,0.281,148,0.267
236,Thundurus,0.37045,255,0.308,178,0.322
237,Eelektross,0.36982,335,0.404,231,0.417
238,Conkeldurr,0.36496,295,0.356,191,0.345
239,Kabutops,0.36150,230,0.278,154,0.278
240,Froslass,0.36039,288,0.348,199,0.359
241,Rattata,0.35177,446,0.538,365,0.659
242,Zygarde-10,0.34784,396,0.478,255,0.461
243,Zebstrika,0.34522,194,0.234,131,0.237
244,Glaceon,0.34277,331,0.399,222,0.401
245,Mienshao,0.33946,265,0.320,155,0.280
246,Donphan,0.33793,254,0.307,173,0.313
247,Registeel,0.33422,346,0.418,209,0.378
248,Wishiwashi,0.33300,497,0.600,365,0.659
249,Regigigas,0.33191,541,0.653,388,0.701
250,Amoonguss,0.33059,201,0.243,105,0.190
251,Samurott,0.32906,444,0.536,328,0.593
252,Palossand,0.32824,229,0.276,152,0.275
253,Darmanitan,0.31942,348,0.420,255,0.461
254,Meloetta,0.31804,265,0.320,176,0.318
255,Nidoqueen,0.31475,183,0.221,153,0.276
256,Accelgor,0.31341,207,0.250,130,0.235
257,Emboar,0.30846,394,0.475,280,0.506
258,Tsareena,0.30836,206,0.249,128,0.231
259,Hitmonlee,0.30833,305,0.368,205,0.370
260,Scrafty,0.30207,262,0.316,172,0.311
261,Arceus-Dark,0.29931,328,0.396,219,0.396
262,Minior,0.29831,284,0.343,195,0.352
263,Floatzel,0.29827,206,0.249,136,0.246
264,Gastrodon,0.29806,289,0.349,211,0.381
265,Toucannon,0.29338,358,0.432,235,0.425
266,Chatot,0.29141,156,0.188,84,0.152
267,Dragalge,0.29047,230,0.278,165,0.298
268,Nidoking,0.28689,337,0.407,233,0.421
269,Heracross,0.28561,394,0.475,256,0.462
270,Alomomola,0.28423,199,0.240,106,0.191
271,Cinccino,0.28378,208,0.251,148,0.267
272,Silvally,0.27934,192,0.232,132,0.238
273,Pelipper,0.27905,204,0.246,158,0.285
274,Dhelmise,0.27698,182,0.220,131,0.237
275,Crawdaunt,0.27665,218,0.263,171,0.309
276,Hariyama,0.27586,231,0.279,158,0.285
277,Pyukumuku,0.27506,189,0.228,110,0.199
278,Groudon,0.27275,417,0.503,276,0.499
279,Pangoro,0.27068,289,0.349,206,0.372
280,Ribombee,0.26812,156,0.188,92,0.166
281,Forretress,0.26756,156,0.188,125,0.226
282,Mudsdale,0.26018,210,0.253,138,0.249
283,Ampharos,0.25832,411,0.496,320,0.578
284,Poliwrath,0.25768,243,0.293,162,0.293
285,Arceus-Fire,0.24980,277,0.334,187,0.338
286,Granbull,0.24969,247,0.298,174,0.314
287,Arbok,0.24894,226,0.273,177,0.320
288,Masquerain,0.24875,117,0.141,99,0.179
289,Spiritomb,0.24828,255,0.308,200,0.361
290,Sandslash-Alola,0.24171,315,0.380,212,0.383
291,Clawitzer,0.24139,237,0.286,152,0.275
292,Flareon,0.24092,335,0.404,247,0.446
293,Bruxish,0.24089,143,0.173,101,0.182
294,Hitmonchan,0.24053,175,0.211,124,0.224
295,Abomasnow,0.23567,277,0.334,201,0.363
296,Trevenant,0.22937,256,0.309,176,0.318
297,Qwilfish,0.22579,116,0.140,89,0.161
298,Leafeon,0.22106,332,0.401,254,0.459
299,Shiinotic,0.21773,118,0.142,85,0.154
300,Crabominable,0.21751,251,0.303,170,0.307
301,Ursaring,0.21440,159,0.192,124,0.224
302,Turtonator,0.20814,260,0.314,185,0.334
303,Malamar,0.20377,190,0.229,132,0.238
304,Wobbuffet,0.20238,166,0.200,126,0.228
305,Ludicolo,0.20148,237,0.286,187,0.338
306,Bronzong,0.19907,185,0.223,121,0.219
307,Slaking,0.19394,189,0.228,141,0.255
308,Braviary,0.19298,262,0.316,178,0.322
309,Arceus-Psychic,0.19197,171,0.206,106,0.191
310,Tentacruel,0.18955,136,0.164,108,0.195
311,Dugtrio-Alola,0.18737,156,0.188,100,0.181
312,Gourgeist-Super,0.18644,130,0.157,80,0.145
313,Regirock,0.18637,277,0.334,183,0.331
314,Honchkrow,0.18440,140,0.169,102,0.184
315,Pidgeot,0.18061,275,0.332,192,0.347
316,Wailord,0.18014,181,0.218,133,0.240
317,Arceus-Grass,0.17937,185,0.223,104,0.188
318,Hoopa,0.17510,222,0.268,151,0.273
319,Quagsire,0.17476,122,0.147,93,0.168
320,Bastiodon,0.17395,142,0.171,110,0.199
321,Heliolisk,0.17232,178,0.215,133,0.240
322,Deoxys,0.17021,189,0.228,131,0.237
323,Exploud,0.16494,189,0.228,141,0.255
324,Banette,0.16438,174,0.210,103,0.186
325,Golurk,0.16092,158,0.191,118,0.213
326,Togedemaru,0.15888,114,0.138,88,0.159
327,Ninetales,0.15887,173,0.209,126,0.228
328,Aurorus,0.15869,171,0.206,126,0.228
329,Yanmega,0.15418,104,0.126,73,0.132
330,Virizion,0.14888,138,0.167,76,0.137
331,Jynx,0.14840,95,0.115,59,0.107
332,Sigilyph,0.14656,168,0.203,121,0.219
333,Bibarel,0.14197,80,0.097,34,0.061
334,Whimsicott,0.14176,119,0.144,79,0.143
335,Tropius,0.14059,162,0.195,103,0.186
336,Camerupt,0.13859,152,0.183,113,0.204
337,Tauros,0.13657,116,0.140,68,0.123
338,Beartic,0.13536,143,0.173,100,0.181
339,Primeape,0.13471,121,0.146,82,0.148
340,Kingler,0.13405,114,0.138,76,0.137
341,Cradily,0.13404,115,0.139,81,0.146
342,Jellicent,0.13200,143,0.173,108,0.195
343,Doublade,0.13194,111,0.134,67,0.121
344,Torkoal,0.13028,144,0.174,110,0.199
345,Arceus-Ice,0.12866,131,0.158,87,0.157
346,Electrode,0.12834,111,0.134,80,0.145
347,Cryogonal,0.12775,75,0.091,46,0.083
348,Absol,0.12705,145,0.175,96,0.173
349,Exeggutor,0.12622,176,0.212,123,0.222
350,Carracosta,0.12548,183,0.221,122,0.220
351,Stoutland,0.12526,93,0.112,66,0.119
352,Lanturn,0.12412,97,0.117,66,0.119
353,Golem,0.12257,127,0.153,107,0.193
354,Shaymin,0.12102,79,0.095,54,0.098
355,Barbaracle,0.12069,144,0.174,104,0.188
356,Leavanny,0.12022,95,0.115,67,0.121
357,Zangoose,0.11952,120,0.145,92,0.166
358,Komala,0.11512,65,0.078,52,0.094
359,Manectric,0.11429,188,0.227,143,0.258
360,Tornadus,0.11402,83,0.100,57,0.103
361,Muk,0.11291,103,0.124,78,0.141
362,Eevee,0.11268,178,0.215,125,0.226
363,Persian-Alola,0.11203,91,0.110,66,0.119
364,Altaria,0.11200,153,0.185,114,0.206
365,Emolga,0.11128,104,0.126,71,0.128
366,Drifblim,0.11055,84,0.101,59,0.107
367,Shiftry,0.10957,139,0.168,101,0.182
368,Butterfree,0.10848,145,0.175,98,0.177
369,Rotom-Heat,0.10800,99,0.119,65,0.117
370,Slurpuff,0.10747,88,0.106,58,0.105
371,Mawile,0.10291,186,0.224,122,0.220
372,Scyther,0.09669,81,0.098,57,0.103
373,Lilligant,0.09496,80,0.097,50,0.090
374,Pyroar,0.09452,136,0.164,91,0.164
375,Dodrio,0.09396,120,0.145,84,0.152
376,Oranguru,0.09222,59,0.071,32,0.058
377,Crustle,0.09182,75,0.091,46,0.083
378,Heatmor,0.08881,59,0.071,43,0.078
379,Lopunny,0.08668,101,0.122,66,0.119
380,Vespiquen,0.08631,69,0.083,35,0.063
381,Slowking,0.08604,80,0.097,64,0.116
382,Dedenne,0.08498,123,0.148,96,0.173
383,Arceus-Fighting,0.08495,111,0.134,78,0.141
384,Walrein,0.08469,83,0.100,57,0.103
385,Kecleon,0.08390,95,0.115,78,0.141
386,Hitmontop,0.08325,62,0.075,38,0.069
387,Ariados,0.08292,66,0.080,42,0.076
388,Sawk,0.08289,118,0.142,72,0.130
389,Linoone,0.08216,49,0.059,39,0.070
390,Rotom,0.08210,89,0.107,65,0.117
391,Rotom-Frost,0.08194,91,0.110,52,0.094
392,Druddigon,0.08155,97,0.117,72,0.130
393,Gogoat,0.08078,55,0.066,30,0.054
394,Seismitoad,0.07970,94,0.113,69,0.125
395,Uxie,0.07896,80,0.097,62,0.112
396,Beedrill,0.07725,109,0.132,68,0.123
397,Sableye,0.07435,81,0.098,56,0.101
398,Golduck,0.06961,105,0.127,72,0.130
399,Politoed,0.06879,75,0.091,55,0.099
400,Maractus,0.06772,36,0.043,27,0.049
401,Whiscash,0.06763,34,0.041,24,0.043
402,Victreebel,0.06719,97,0.117,66,0.119
403,Seaking,0.06634,38,0.046,21,0.038
404,Cacturne,0.06618,90,0.109,71,0.128
405,Dunsparce,0.06464,34,0.041,28,0.051
406,Passimian,0.06412,61,0.074,47,0.085
407,Meowstic,0.06394,96,0.116,72,0.130
408,Vileplume,0.06189,61,0.074,45,0.081
409,Mr. Mime,0.06056,75,0.091,56,0.101
410,Miltank,0.05961,104,0.126,61,0.110
411,Mightyena,0.05941,68,0.082,41,0.074
412,Rattata-Alola,0.05809,114,0.138,101,0.182
413,Silvally-Electric,0.05762,56,0.068,40,0.072
414,Lickilicky,0.05713,54,0.065,42,0.076
415,Silvally-Fire,0.05533,63,0.076,37,0.067
416,Illumise,0.05379,27,0.033,17,0.031
417,Bouffalant,0.05368,62,0.075,42,0.076
418,Unfezant,0.05360,156,0.188,110,0.199
419,Omastar,0.05358,45,0.054,32,0.058
420,Diggersby,0.05279,76,0.092,55,0.099
421,Silvally-Ice,0.05221,34,0.041,16,0.029
422,Vivillon,0.05113,63,0.076,42,0.076
423,Armaldo,0.05072,92,0.111,43,0.078
424,Volbeat,0.05068,24,0.029,21,0.038
425,Liepard,0.05025,41,0.049,33,0.060
426,Lairon,0.05012,59,0.071,36,0.065
427,Claydol,0.05008,51,0.062,33,0.060
428,Magikarp,0.04998,62,0.075,53,0.096
429,Weezing,0.04948,71,0.086,56,0.101
430,Abra,0.04932,41,0.049,29,0.052
431,Rotom-Mow,0.04740,65,0.078,33,0.060
432,Sudowoodo,0.04730,69,0.083,49,0.089
433,Silvally-Water,0.04644,30,0.036,18,0.033
434,Seviper,0.04635,41,0.049,27,0.049
435,Carbink,0.04632,33,0.040,22,0.040
436,Magcargo,0.04565,60,0.072,44,0.079
437,Wigglytuff,0.04555,74,0.089,56,0.101
438,Klefki,0.04419,38,0.046,20,0.036
439,Silvally-Dragon,0.04389,63,0.076,41,0.074
440,Aron,0.04371,54,0.065,45,0.081
441,Marowak,0.04291,68,0.082,54,0.098
442,Castform,0.04284,51,0.062,36,0.065
443,Rapidash,0.04260,57,0.069,37,0.067
444,Bellossom,0.04201,26,0.031,13,0.023
445,Stunfisk,0.04073,28,0.034,28,0.051
446,Comfey,0.04020,30,0.036,17,0.031
447,Garbodor,0.04017,28,0.034,22,0.040
448,Arceus-Flying,0.03986,48,0.058,25,0.045
449,Raticate,0.03853,38,0.046,29,0.052
450,Sawsbuck,0.03817,38,0.046,23,0.042
451,Bulbasaur,0.03801,110,0.133,85,0.154
452,Medicham,0.03715,60,0.072,33,0.060
453,Glalie,0.03648,52,0.063,43,0.078
454,Carnivine,0.03642,57,0.069,42,0.076
455,Litten,0.03625,80,0.097,52,0.094
456,Zorua,0.03596,53,0.064,21,0.038
457,Throh,0.03569,33,0.040,28,0.051
458,Noctowl,0.03565,69,0.083,49,0.089
459,Silvally-Ghost,0.03557,37,0.045,24,0.043
460,Beheeyem,0.03554,29,0.035,22,0.040
461,Persian,0.03509,59,0.071,40,0.072
462,Audino,0.03492,37,0.045,22,0.040
463,Gothitelle,0.03349,32,0.039,23,0.042
464,Skuntank,0.03255,18,0.022,12,0.022
465,Haunter,0.03255,88,0.106,73,0.132
466,Musharna,0.03246,36,0.043,29,0.052
467,Silvally-Fairy,0.03216,45,0.054,33,0.060
468,Torracat,0.03171,46,0.056,28,0.051
469,Silvally-Flying,0.03146,15,0.018,9,0.016
470,Rhydon,0.03126,44,0.053,32,0.058
471,Purugly,0.03027,16,0.019,15,0.027
472,Type: Null,0.03017,30,0.036,20,0.036
473,Mesprit,0.02997,44,0.053,30,0.054
474,Buizel,0.02990,88,0.106,61,0.110
475,Charmeleon,0.02955,59,0.071,46,0.083
476,Oricorio-Pom-Pom,0.02944,30,0.036,22,0.040
477,Girafarig,0.02934,22,0.027,15,0.027
478,Kangaskhan,0.02898,26,0.031,17,0.031
479,Hypno,0.02856,75,0.091,52,0.094
480,Swanna,0.02811,29,0.035,21,0.038
481,Squirtle,0.02810,81,0.098,62,0.112
482,Corsola,0.02801,22,0.027,21,0.038
483,Jigglypuff,0.02770,67,0.081,43,0.078
484,Gumshoos,0.02769,49,0.059,36,0.065
485,Mothim,0.02761,25,0.030,17,0.031
486,Octillery,0.02726,24,0.029,22,0.040
487,Stantler,0.02725,17,0.021,14,0.025
488,Onix,0.02680,51,0.062,45,0.081
489,Silvally-Dark,0.02608,39,0.047,27,0.049
490,Pichu,0.02603,45,0.054,38,0.069
491,Xatu,0.02596,22,0.027,14,0.025
492,Togetic,0.02574,32,0.039,26,0.047
493,Arceus-Bug,0.02515,39,0.047,28,0.051
494,Totodile,0.02463,64,0.077,47,0.085
495,Probopass,0.02421,45,0.054,34,0.061
496,Frogadier,0.02407,54,0.065,36,0.065
497,Silvally-Poison,0.02372,22,0.027,16,0.029
498,Fletchinder,0.02331,88,0.106,39,0.070
499,Cherrim,0.02329,17,0.021,10,0.018
500,Dartrix,0.02307,39,0.047,28,0.051
501,Huntail,0.02226,25,0.030,18,0.033
502,Oricorio-Sensu,0.02176,16,0.019,13,0.023
503,Charmander,0.02161,65,0.078,51,0.092
504,Grumpig,0.02150,26,0.031,20,0.036
505,Machoke,0.02146,38,0.046,25,0.045
506,Starly,0.02099,58,0.070,46,0.083
507,Vulpix-Alola,0.02036,49,0.059,37,0.067
508,Parasect,0.01907,41,0.049,31,0.056
509,Dusclops,0.01894,19,0.023,15,0.027
510,Chimecho,0.01853,19,0.023,15,0.027
511,Simisage,0.01839,24,0.029,18,0.033
512,Silvally-Steel,0.01816,18,0.022,13,0.023
513,Sneasel,0.01814,24,0.029,20,0.036
514,Delibird,0.01812,18,0.022,12,0.022
515,Braixen,0.01793,27,0.033,16,0.029
516,Dragonair,0.01787,36,0.043,25,0.045
517,Unown,0.01784,20,0.024,17,0.031
518,Furfrou,0.01743,18,0.022,11,0.020
519,Gabite,0.01736,26,0.031,20,0.036
520,Magnemite,0.01731,21,0.025,14,0.025
521,Bayleef,0.01722,38,0.046,31,0.056
522,Dewgong,0.01697,28,0.034,18,0.033
523,Gorebyss,0.01661,15,0.018,10,0.018
524,Silvally-Psychic,0.01651,18,0.022,14,0.025
525,Sliggoo,0.01642,27,0.033,10,0.018
526,Rotom-Fan,0.01629,38,0.046,21,0.038
527,Pinsir,0.01618,14,0.017,11,0.020
528,Hippopotas,0.01588,12,0.014,10,0.018
529,Tyrunt,0.01565,44,0.053,36,0.065
530,Raticate-Alola,0.01565,34,0.041,20,0.036
531,Swoobat,0.01538,15,0.018,6,0.011
532,Sandslash,0.01522,53,0.064,39,0.070
533,Froakie,0.01484,36,0.043,32,0.058
534,Electabuzz,0.01476,37,0.045,32,0.058
535,Caterpie,0.01475,27,0.033,23,0.042
536,Minun,0.01456,14,0.017,9,0.016
537,Beautifly,0.01447,35,0.042,23,0.042
538,Dustox,0.01414,16,0.019,13,0.023
539,Fearow,0.01382,32,0.039,28,0.051
540,Rowlet,0.01377,38,0.046,31,0.056
541,Lunatone,0.01354,19,0.023,14,0.025
542,Jumpluff,0.01348,20,0.024,15,0.027
543,Ivysaur,0.01348,26,0.031,21,0.038
544,Basculin,0.01338,17,0.021,6,0.011
545,Relicanth,0.01308,9,0.011,6,0.011
546,Farfetch'd,0.01286,19,0.023,13,0.023
547,Solrock,0.01281,10,0.012,8,0.014
548,Pachirisu,0.01267,18,0.022,10,0.018
549,Monferno,0.01253,11,0.013,9,0.016
550,Furret,0.01243,13,0.016,11,0.020
551,Happiny,0.01235,16,0.019,13,0.023
552,Grovyle,0.01223,45,0.054,30,0.054
553,Sunflora,0.01210,16,0.019,9,0.016
554,Vulpix,0.01170,14,0.017,11,0.020
555,Ledian,0.01146,10,0.012,6,0.011
556,Poochyena,0.01130,12,0.014,5,0.009
557,Magneton,0.01109,20,0.024,19,0.034
558,Servine,0.01084,27,0.033,18,0.033
559,Simipour,0.01062,14,0.017,7,0.013
560,Noibat,0.01053,14,0.017,10,0.018
561,Torchic,0.01052,11,0.013,8,0.014
562,Weedle,0.01024,21,0.025,19,0.034
563,Silvally-Rock,0.01016,10,0.012,7,0.013
564,Gourgeist-Small,0.00977,7,0.008,3,0.005
565,Oricorio-Pa'u,0.00976,9,0.011,8,0.014
566,Wartortle,0.00974,21,0.025,14,0.025
567,Croconaw,0.00974,18,0.022,16,0.029
568,Metang,0.00955,15,0.018,14,0.025
569,Cosmoem,0.00949,16,0.019,15,0.027
570,Pignite,0.00945,39,0.047,33,0.060
571,Ralts,0.00944,7,0.008,4,0.007
572,Mareep,0.00928,8,0.010,6,0.011
573,Gourgeist,0.00926,15,0.018,11,0.020
574,Electrike,0.00922,5,0.006,4,0.007
575,Golbat,0.00877,15,0.018,13,0.023
576,Treecko,0.00870,39,0.047,23,0.042
577,Togepi,0.00870,15,0.018,9,0.016
578,Hakamo-o,0.00866,16,0.019,14,0.025
579,Palpitoad,0.00865,21,0.025,17,0.031
580,Mudkip,0.00856,12,0.014,10,0.018
581,Snivy,0.00850,41,0.049,38,0.069
582,Simisear,0.00847,11,0.013,9,0.016
583,Popplio,0.00840,17,0.021,15,0.027
584,Machop,0.00839,14,0.017,11,0.020
585,Magmar,0.00836,16,0.019,13,0.023
586,Taillow,0.00832,22,0.027,11,0.020
587,Gible,0.00808,62,0.075,53,0.096
588,Exeggcute,0.00807,19,0.023,19,0.034
589,Graveler-Alola,0.00800,11,0.013,8,0.014
590,Steenee,0.00798,13,0.016,8,0.014
591,Shinx,0.00797,8,0.010,6,0.011
592,Bonsly,0.00794,4,0.005,4,0.007
593,Krokorok,0.00781,25,0.030,23,0.042
594,Meowth,0.00778,33,0.040,23,0.042
595,Munchlax,0.00770,11,0.013,9,0.016
596,Bunnelby,0.00768,15,0.018,13,0.023
597,Axew,0.00760,11,0.013,9,0.016
598,Metapod,0.00759,12,0.014,9,0.016
599,Psyduck,0.00754,12,0.014,10,0.018
600,Fennekin,0.00739,20,0.024,15,0.027
601,Nosepass,0.00739,9,0.011,7,0.013
602,Kricketune,0.00734,7,0.008,4,0.007
603,Cyndaquil,0.00713,24,0.029,15,0.027
604,Riolu,0.00713,12,0.014,6,0.011
605,Venomoth,0.00709,32,0.039,21,0.038
606,Dewott,0.00703,13,0.016,10,0.018
607,Silvally-Ground,0.00699,7,0.008,5,0.009
608,Flabebe,0.00699,4,0.005,3,0.005
609,Rockruff,0.00686,13,0.016,10,0.018
610,Larvitar,0.00659,7,0.008,6,0.011
611,Nidorino,0.00648,11,0.013,6,0.011
612,Plusle,0.00645,12,0.014,11,0.020
613,Kakuna,0.00637,13,0.016,10,0.018
614,Aromatisse,0.00632,11,0.013,6,0.011
615,Quilava,0.00629,42,0.051,30,0.054
616,Porygon,0.00627,7,0.008,6,0.011
617,Silvally-Fighting,0.00617,5,0.006,3,0.005
618,Gastly,0.00610,17,0.021,15,0.027
619,Jangmo-o,0.00595,9,0.011,7,0.013
620,Oshawott,0.00586,15,0.018,11,0.020
621,Chespin,0.00583,16,0.019,14,0.025
622,Murkrow,0.00578,4,0.005,2,0.004
623,Cosmog,0.00572,13,0.016,11,0.020
624,Eelektrik,0.00569,9,0.011,6,0.011
625,Boldore,0.00568,15,0.018,14,0.025
626,Minccino,0.00557,6,0.007,5,0.009
627,Beldum,0.00547,9,0.011,8,0.014
628,Zweilous,0.00529,11,0.013,6,0.011
629,Venipede,0.00520,12,0.014,10,0.018
630,Spinda,0.00506,7,0.008,3,0.005
631,Pidgey,0.00501,13,0.016,7,0.013
632,Diglett-Alola,0.00498,7,0.008,6,0.011
633,Geodude-Alola,0.00486,11,0.013,9,0.016
634,Sealeo,0.00481,6,0.007,2,0.004
635,Brionne,0.00478,5,0.006,3,0.005
636,Charjabug,0.00476,12,0.014,4,0.007
637,Clefairy,0.00471,8,0.010,7,0.013
638,Stunky,0.00466,7,0.008,6,0.011
639,Kadabra,0.00465,20,0.024,19,0.034
640,Sandile,0.00462,7,0.008,5,0.009
641,Crabrawler,0.00460,6,0.007,4,0.007
642,Herdier,0.00457,7,0.008,6,0.011
643,Magby,0.00446,6,0.007,4,0.007
644,Trapinch,0.00440,2,0.002,1,0.002
645,Meowth-Alola,0.00439,9,0.011,8,0.014
646,Piloswine,0.00435,7,0.008,7,0.013
647,Geodude,0.00434,7,0.008,6,0.011
648,Phantump,0.00426,6,0.007,6,0.011
649,Silvally-Grass,0.00426,5,0.006,3,0.005
650,Gligar,0.00425,11,0.013,9,0.016
651,Kirlia,0.00420,5,0.006,4,0.007
652,Voltorb,0.00417,8,0.010,7,0.013
653,Wormadam,0.00417,5,0.006,5,0.009
654,Flaaffy,0.00415,4,0.005,2,0.004
655,Seadra,0.00408,4,0.005,2,0.004
656,Pancham,0.00405,20,0.024,15,0.027
657,Pineco,0.00395,10,0.012,5,0.009
658,Lickitung,0.00383,9,0.011,7,0.013
659,Silvally-Bug,0.00379,6,0.007,4,0.007
660,Oricorio,0.00375,11,0.013,8,0.014
661,Smoochum,0.00374,5,0.006,3,0.005
662,Piplup,0.00350,8,0.010,7,0.013
663,Pikipek,0.00343,12,0.014,9,0.016
664,Cherubi,0.00340,3,0.004,3,0.005
665,Gothorita,0.00338,4,0.005,2,0.004
666,Elekid,0.00337,4,0.005,3,0.005
667,Cubone,0.00334,12,0.014,10,0.018
668,Whirlipede,0.00332,3,0.004,1,0.002
669,Salandit,0.00323,7,0.008,4,0.007
670,Lumineon,0.00317,4,0.005,3,0.005
671,Purrloin,0.00307,5,0.006,2,0.004
672,Pupitar,0.00307,10,0.012,8,0.014
673,Clauncher,0.00300,3,0.004,3,0.005
674,Petilil,0.00300,9,0.011,9,0.016
675,Tranquill,0.00296,5,0.006,5,0.009
676,Dwebble,0.00290,3,0.004,0,0.000
677,Vanillite,0.00290,3,0.004,0,0.000
678,Aipom,0.00288,6,0.007,6,0.011
679,Grimer-Alola,0.00286,3,0.004,2,0.004
680,Zubat,0.00279,3,0.004,2,0.004
681,Slowpoke,0.00273,2,0.002,1,0.002
682,Tyrogue,0.00264,14,0.017,10,0.018
683,Tangela,0.00263,13,0.016,11,0.020
684,Pumpkaboo-Super,0.00261,6,0.007,4,0.007
685,Bidoof,0.00260,2,0.002,1,0.002
686,Yamask,0.00253,2,0.002,1,0.002
687,Roselia,0.00252,3,0.004,3,0.005
688,Quilladin,0.00246,10,0.012,7,0.013
689,Lampent,0.00244,9,0.011,6,0.011
690,Staryu,0.00243,5,0.006,4,0.007
691,Swalot,0.00242,18,0.022,15,0.027
692,Litleo,0.00241,3,0.004,3,0.005
693,Fletchling,0.00236,3,0.004,2,0.004
694,Sandshrew-Alola,0.00236,4,0.005,3,0.005
695,Litwick,0.00232,3,0.004,2,0.004
696,Chimchar,0.00231,5,0.006,4,0.007
697,Shieldon,0.00230,2,0.002,2,0.004
698,Makuhita,0.00225,2,0.002,2,0.004
699,Azurill,0.00223,3,0.004,3,0.005
700,Fraxure,0.00222,5,0.006,3,0.005
701,Spearow,0.00222,3,0.004,2,0.004
702,Cleffa,0.00215,2,0.002,2,0.004
703,Combee,0.00214,6,0.007,3,0.005
704,Ponyta,0.00207,7,0.008,5,0.009
705,Mudbray,0.00206,2,0.002,1,0.002
706,Pidgeotto,0.00204,7,0.008,6,0.011
707,Graveler,0.00202,6,0.007,4,0.007
708,Tepig,0.00199,4,0.005,4,0.007
709,Hoothoot,0.00196,3,0.004,1,0.002
710,Poliwhirl,0.00193,8,0.010,6,0.011
711,Goomy,0.00192,16,0.019,14,0.025
712,Phione,0.00187,7,0.008,7,0.013
713,Combusken,0.00187,9,0.011,7,0.013
714,Gurdurr,0.00186,6,0.007,3,0.005
715,Stufful,0.00184,5,0.006,5,0.009
716,Feebas,0.00184,3,0.004,3,0.005
717,Drifloon,0.00183,4,0.005,3,0.005
718,Sandygast,0.00182,4,0.005,2,0.004
719,Growlithe,0.00180,5,0.006,5,0.009
720,Pansear,0.00175,8,0.010,6,0.011
721,Doduo,0.00175,23,0.028,11,0.020
722,Kabuto,0.00174,3,0.004,1,0.002
723,Lombre,0.00173,1,0.001,0,0.000
724,Deino,0.00169,4,0.005,3,0.005
725,Pawniard,0.00167,3,0.004,3,0.005
726,Vullaby,0.00164,8,0.010,7,0.013
727,Cottonee,0.00164,8,0.010,2,0.004
728,Rhyhorn,0.00162,3,0.004,1,0.002
729,Chikorita,0.00162,8,0.010,7,0.013
730,Croagunk,0.00161,2,0.002,2,0.004
731,Wailmer,0.00160,2,0.002,1,0.002
732,Yanma,0.00158,2,0.002,1,0.002
733,Delcatty,0.00152,10,0.012,9,0.016
734,Scraggy,0.00146,4,0.005,3,0.005
735,Poliwag,0.00144,3,0.004,3,0.005
736,Rufflet,0.00137,1,0.001,1,0.002
737,Koffing,0.00133,6,0.007,6,0.011
738,Spritzee,0.00128,3,0.004,1,0.002
739,Corphish,0.00127,16,0.019,15,0.027
740,Marshtomp,0.00125,3,0.004,3,0.005
741,Wormadam-Sandy,0.00125,17,0.021,4,0.007
742,Clamperl,0.00124,1,0.001,1,0.002
743,Spheal,0.00123,2,0.002,2,0.004
744,Horsea,0.00122,3,0.004,3,0.005
745,Whismur,0.00120,2,0.002,2,0.004
746,Remoraid,0.00117,1,0.001,1,0.002
747,Woobat,0.00116,2,0.002,1,0.002
748,Pidove,0.00113,3,0.004,2,0.004
749,Bounsweet,0.00111,1,0.001,1,0.002
750,Buneary,0.00110,6,0.007,4,0.007
751,Cacnea,0.00107,11,0.013,8,0.014
752,Scatterbug,0.00103,1,0.001,1,0.002
753,Inkay,0.00103,9,0.011,7,0.013
754,Mime Jr.,0.00100,3,0.004,3,0.005
755,Phanpy,0.00099,11,0.013,10,0.018
756,Turtwig,0.00097,5,0.006,5,0.009
757,Nuzleaf,0.00092,3,0.004,2,0.004
758,Gourgeist-Large,0.00085,1,0.001,1,0.002
759,Prinplup,0.00084,5,0.006,5,0.009
760,Bagon,0.00084,5,0.006,5,0.009
761,Igglybuff,0.00083,2,0.002,1,0.002
762,Seedot,0.00082,1,0.001,1,0.002
763,Grubbin,0.00082,1,0.001,1,0.002
764,Bellsprout,0.00082,1,0.001,1,0.002
765,Shroomish,0.00082,1,0.001,1,0.002
766,Nincada,0.00082,1,0.001,1,0.002
767,Wormadam-Trash,0.00082,1,0.001,1,0.002
768,Solosis,0.00081,1,0.001,1,0.002
769,Sandshrew,0.00079,3,0.004,3,0.005
770,Omanyte,0.00079,1,0.001,0,0.000
771,Blitzle,0.00078,1,0.001,1,0.002
772,Tympole,0.00078,2,0.002,2,0.004
773,Cascoon,0.00077,1,0.001,0,0.000
774,Spewpa,0.00077,1,0.001,0,0.000
775,Silcoon,0.00077,1,0.001,0,0.000
776,Honedge,0.00076,3,0.004,3,0.005
777,Swirlix,0.00074,2,0.002,2,0.004
778,Morelull,0.00072,1,0.001,1,0.002
779,Staravia,0.00071,6,0.007,4,0.007
780,Glameow,0.00071,3,0.004,2,0.004
781,Teddiursa,0.00071,4,0.005,4,0.007
782,Archen,0.00070,5,0.006,3,0.005
783,Gothita,0.00068,2,0.002,1,0.002
784,Joltik,0.00067,2,0.002,2,0.004
785,Seel,0.00064,1,0.001,1,0.002
786,Amaura,0.00064,7,0.008,2,0.004
787,Trubbish,0.00062,1,0.001,1,0.002
788,Swablu,0.00059,1,0.001,0,0.000
789,Vibrava,0.00059,1,0.001,0,0.000
790,Skitty,0.00059,1,0.001,0,0.000
791,Nidorina,0.00059,1,0.001,0,0.000
792,Snubbull,0.00056,2,0.002,2,0.004
793,Slugma,0.00054,1,0.001,1,0.002
794,Frillish,0.00053,1,0.001,0,0.000
795,Goldeen,0.00045,3,0.004,2,0.004
796,Pansage,0.00041,7,0.008,5,0.009
797,Panpour,0.00030,7,0.008,5,0.009
798,Gulpin,0.00029,9,0.011,5,0.009
799,Ducklett,0.00029,2,0.002,1,0.002
800,Shuppet,0.00028,1,0.001,0,0.000
801,Dratini,0.00025,1,0.001,0,0.000
802,Mankey,0.00023,1,0.001,1,0.002
803,Mareanie,0.00023,3,0.004,2,0.004
804,Pumpkaboo-Large,0.00022,1,0.001,1,0.002
805,Ferroseed,0.00020,2,0.002,2,0.004
806,Bergmite,0.00020,1,0.001,1,0.002
807,Patrat,0.00020,1,0.001,1,0.002
808,Paras,0.00019,2,0.002,2,0.004
809,Yungoos,0.00019,2,0.002,2,0.004
810,Ekans,0.00015,6,0.007,6,0.011
811,Krabby,0.00011,2,0.002,1,0.002
812,Marill,0.00004,1,0.001,1,0.002
813,Elgyem,0.00004,1,0.001,1,0.002
814,Meditite,0.00002,1,0.001,1,0.002
815,Luxio,0.00002,2,0.002,2,0.004
816,Vanillish,0.00002,1,0.001,1,0.002
817,Diglett,0.00002,2,0.002,2,0.004
818,Sunkern,0.00001,1,0.001,0,0.000
819,Wurmple,0.00001,1,0.001,1,0.002
820,Trumbeak,0.00001,2,0.002,1,0.002
821,Skorupi,0.00001,1,0.001,1,0.002
822,Tentacool,0.00001,1,0.001,1,0.002
823,Drowzee,0.00000,1,0.001,1,0.002
824,Grimer,0.00000,1,0.001,1,0.002
825,Swadloon,0.00000,1,0.001,1,0.002
826,Carvanha,0.00000,3,0.004,3,0.005
827,Luvdisc,0.00000,3,0.004,3,0.005
828,Larvesta,0.00000,3,0.004,2,0.004
829,Mantyke,0.00000,1,0.001,1,0.002
830,Roggenrola,0.00000,4,0.005,4,0.007
831,Misdreavus,0.00000,1,0.001,1,0.002
832,Cubchoo,0.00000,3,0.004,3,0.005
