 Total battles: 30201
 Avg. weight/team: 1.0
Rank,Pokemon,Usage percentage,Raw,Raw percentage,Real,Real percentage
1,Groudon-Primal,31.96417,19307,31.964,11713,35.093
2,Kyogre-Primal,26.48422,15997,26.484,9194,27.546
3,Xerneas,24.56376,14837,24.564,7652,22.926
4,Rayquaza-Mega,20.31224,12269,20.312,6334,18.977
5,Magearna,10.80262,6525,10.803,3790,11.355
6,Darkrai,9.49472,5735,9.495,2966,8.886
7,Greninja-Ash,8.63713,5217,8.637,2861,8.572
8,Kangaskhan-Mega,7.71498,4660,7.715,2491,7.463
9,Mewtwo,7.70008,4651,7.700,2200,6.591
10,Zygarde,7.35075,4440,7.351,2537,7.601
11,Lunala,7.13718,4311,7.137,2369,7.098
12,Arceus,7.03785,4251,7.038,2385,7.146
13,Aegislash,6.01636,3634,6.016,2154,6.454
14,Eevee,5.99483,3621,5.995,1980,5.932
15,Yveltal,5.84914,3533,5.849,1981,5.935
16,Oranguru,5.81769,3514,5.818,2117,6.343
17,Ho-Oh,5.73160,3462,5.732,2122,6.358
18,Tapu Koko,5.66538,3422,5.665,1866,5.591
19,Solgaleo,5.65379,3415,5.654,1825,5.468
20,Smeargle,5.51968,3334,5.520,1872,5.609
21,Lugia,5.47664,3308,5.477,1820,5.453
22,Gengar-Mega,5.46340,3300,5.463,1761,5.276
23,Mimikyu,5.44187,3287,5.442,1902,5.699
24,Salamence-Mega,5.30115,3202,5.301,1734,5.195
25,Lucario-Mega,4.83593,2921,4.836,1512,4.530
26,Mew,4.77302,2883,4.773,1843,5.522
27,Shedinja,4.47502,2703,4.475,1543,4.623
28,Dialga,4.32436,2612,4.324,1539,4.611
29,Garchomp,4.25317,2569,4.253,1393,4.174
30,Tapu Lele,4.22171,2550,4.222,1394,4.177
31,Greninja,4.05119,2447,4.051,1319,3.952
32,Charizard-Mega-X,4.02139,2429,4.021,1356,4.063
33,Charizard-Mega-Y,3.92040,2368,3.920,1207,3.616
34,Tapu Fini,3.91709,2366,3.917,1397,4.186
35,Whimsicott,3.89722,2354,3.897,1167,3.496
36,Giratina-Origin,3.82769,2312,3.828,1373,4.114
37,Celesteela,3.56942,2156,3.569,1348,4.039
38,Kartana,3.55121,2145,3.551,1162,3.481
39,Zekrom,3.51147,2121,3.511,1141,3.419
40,Blaziken,3.48995,2108,3.490,1226,3.673
41,Palkia,3.42207,2067,3.422,1144,3.428
42,Arcanine,3.41048,2060,3.410,1258,3.769
43,Genesect,3.29294,1989,3.293,1138,3.410
44,Metagross-Mega,3.29128,1988,3.291,1188,3.559
45,Marowak-Alola,3.23168,1952,3.232,1206,3.613
46,Toxapex,3.01977,1824,3.020,1063,3.185
47,Volcarona,2.94361,1778,2.944,847,2.538
48,Muk-Alola,2.84924,1721,2.849,961,2.879
49,Alakazam-Mega,2.73004,1649,2.730,899,2.693
50,Arceus-Ghost,2.72508,1646,2.725,956,2.864
51,Ferrothorn,2.62409,1585,2.624,899,2.693
52,Shaymin-Sky,2.62243,1584,2.622,912,2.732
53,Golem-Alola,2.61581,1580,2.616,1048,3.140
54,Kyurem-White,2.49826,1509,2.498,874,2.619
55,Landorus-Therian,2.49329,1506,2.493,891,2.670
56,Deoxys-Attack,2.43038,1468,2.430,759,2.274
57,Xurkitree,2.31780,1400,2.318,771,2.310
58,Reshiram,2.24993,1359,2.250,737,2.208
59,Ninetales-Alola,2.19695,1327,2.197,677,2.028
60,Raichu-Alola,2.15887,1304,2.159,724,2.169
61,Audino,2.13569,1290,2.136,793,2.376
62,Togekiss,2.13404,1289,2.134,805,2.412
63,Dragonite,2.13072,1287,2.131,797,2.388
64,Cresselia,2.12245,1282,2.122,752,2.253
65,Weavile,2.08271,1258,2.083,689,2.064
66,Gardevoir,2.08106,1257,2.081,709,2.124
67,Sylveon,2.07775,1255,2.078,752,2.253
68,Tapu Bulu,2.07112,1251,2.071,696,2.085
69,Pheromosa,1.97676,1194,1.977,627,1.879
70,Hoopa-Unbound,1.95358,1180,1.954,662,1.983
71,Clefable,1.94861,1177,1.949,686,2.055
72,Comfey,1.90888,1153,1.909,601,1.801
73,Kyogre,1.90888,1153,1.909,691,2.070
74,Snorlax,1.90557,1151,1.906,702,2.103
75,Venusaur-Mega,1.88404,1138,1.884,649,1.944
76,Gyarados-Mega,1.82941,1105,1.829,622,1.864
77,Tyranitar,1.80789,1092,1.808,608,1.822
78,Espeon,1.80789,1092,1.808,577,1.729
79,Pelipper,1.73670,1049,1.737,575,1.723
80,Shuckle,1.69862,1026,1.699,598,1.792
81,Serperior,1.68869,1020,1.689,541,1.621
82,Clefairy,1.62909,984,1.629,638,1.912
83,Scizor-Mega,1.62412,981,1.624,577,1.729
84,Chansey,1.61418,975,1.614,573,1.717
85,Jirachi,1.60260,968,1.603,585,1.753
86,Linoone,1.58770,959,1.588,720,2.157
87,Decidueye,1.58107,955,1.581,576,1.726
88,Sableye-Mega,1.51485,915,1.515,507,1.519
89,Victini,1.50161,907,1.502,467,1.399
90,Arceus-Steel,1.47677,892,1.477,487,1.459
91,Bronzong,1.46518,885,1.465,437,1.309
92,Araquanid,1.46022,882,1.460,539,1.615
93,Zapdos,1.44863,875,1.449,500,1.498
94,Gastrodon,1.44035,870,1.440,541,1.621
95,Hitmontop,1.39730,844,1.397,578,1.732
96,Porygon-Z,1.34764,814,1.348,481,1.441
97,Ditto,1.33439,806,1.334,456,1.366
98,Deoxys-Defense,1.27479,770,1.275,377,1.130
99,Landorus,1.26817,766,1.268,400,1.198
100,Porygon2,1.22678,741,1.227,402,1.204
101,Oricorio-Pom-Pom,1.21354,733,1.214,403,1.207
102,Primarina,1.19864,724,1.199,426,1.276
103,Giratina,1.19698,723,1.197,436,1.306
104,Venusaur,1.19367,721,1.194,484,1.450
105,Lickilicky,1.18042,713,1.180,424,1.270
106,Raichu,1.16884,706,1.169,417,1.249
107,Kyurem-Black,1.15890,700,1.159,394,1.180
108,Latios,1.15559,698,1.156,372,1.115
109,Scolipede,1.14566,692,1.146,422,1.264
110,Talonflame,1.14566,692,1.146,392,1.174
111,Incineroar,1.14400,691,1.144,433,1.297
112,Rotom-Wash,1.13572,686,1.136,418,1.252
113,Buzzwole,1.12413,679,1.124,387,1.159
114,Gengar,1.11917,676,1.119,358,1.073
115,Umbreon,1.09268,660,1.093,376,1.127
116,Spinda,1.08937,658,1.089,394,1.180
117,Thundurus-Therian,1.08606,656,1.086,363,1.088
118,Sceptile,1.07943,652,1.079,350,1.049
119,Salamence,1.04963,634,1.050,363,1.088
120,Noivern,1.04632,632,1.046,352,1.055
121,Gyarados,1.04301,630,1.043,381,1.142
122,Infernape,1.04301,630,1.043,348,1.043
123,Jolteon,1.03805,627,1.038,360,1.079
124,Gliscor,1.02646,620,1.026,384,1.151
125,Golduck,1.02149,617,1.021,365,1.094
126,Excadrill,1.01652,614,1.017,350,1.049
127,Manaphy,1.01487,613,1.015,349,1.046
128,Salazzle,1.00493,607,1.005,246,0.737
129,Nihilego,0.99500,601,0.995,312,0.935
130,Volcanion,0.99334,600,0.993,369,1.106
131,Electivire,0.97679,590,0.977,352,1.055
132,Cloyster,0.97513,589,0.975,424,1.270
133,Breloom,0.93209,563,0.932,318,0.953
134,Ninetales,0.92215,557,0.922,284,0.851
135,Staraptor,0.91222,551,0.912,295,0.884
136,Politoed,0.89898,543,0.899,291,0.872
137,Magnezone,0.89401,540,0.894,320,0.959
138,Krookodile,0.88573,535,0.886,318,0.953
139,Lucario,0.87911,531,0.879,307,0.920
140,Sableye,0.87745,530,0.877,298,0.893
141,Lapras,0.87249,527,0.872,316,0.947
142,Pikachu,0.87249,527,0.872,257,0.770
143,Typhlosion,0.87083,526,0.871,307,0.920
144,Garchomp-Mega,0.87083,526,0.871,313,0.938
145,Arceus-Fairy,0.86255,521,0.863,296,0.887
146,Blissey,0.86090,520,0.861,328,0.983
147,Terrakion,0.85924,519,0.859,237,0.710
148,Thundurus,0.84434,510,0.844,265,0.794
149,Nidoking,0.83938,507,0.839,323,0.968
150,Palossand,0.83110,502,0.831,244,0.731
151,Lilligant,0.82282,497,0.823,214,0.641
152,Heatran,0.81454,492,0.815,307,0.920
153,Exeggutor-Alola,0.81123,490,0.811,272,0.815
154,Kingdra,0.80792,488,0.808,269,0.806
155,Milotic,0.80295,485,0.803,286,0.857
156,Ninjask,0.79468,480,0.795,261,0.782
157,Golisopod,0.78805,476,0.788,314,0.941
158,Charizard,0.78805,476,0.788,244,0.731
159,Eelektross,0.78474,474,0.785,271,0.812
160,Hawlucha,0.77812,470,0.778,259,0.776
161,Gigalith,0.77812,470,0.778,279,0.836
162,Goodra,0.77481,468,0.775,287,0.860
163,Crobat,0.77150,466,0.771,237,0.710
164,Deoxys-Speed,0.76653,463,0.767,218,0.653
165,Ribombee,0.76322,461,0.763,240,0.719
166,Skarmory,0.75991,459,0.760,247,0.740
167,Slaking,0.74998,453,0.750,244,0.731
168,Rayquaza,0.74335,449,0.743,257,0.770
169,Blastoise-Mega,0.74004,447,0.740,258,0.773
170,Regigigas,0.73176,442,0.732,200,0.599
171,Heliolisk,0.73011,441,0.730,283,0.848
172,Oricorio,0.72680,439,0.727,247,0.740
173,Zygarde-10,0.72183,436,0.722,294,0.881
174,Trevenant,0.71686,433,0.717,249,0.746
175,Alakazam,0.70859,428,0.709,265,0.794
176,Toxicroak,0.70196,424,0.702,241,0.722
177,Meowstic,0.70031,423,0.700,225,0.674
178,Metagross,0.69534,420,0.695,281,0.842
179,Amoonguss,0.69369,419,0.694,233,0.698
180,Vaporeon,0.69037,417,0.690,243,0.728
181,Mamoswine,0.67547,408,0.675,240,0.719
182,Cradily,0.67382,407,0.674,227,0.680
183,Oricorio-Sensu,0.67382,407,0.674,255,0.764
184,Wishiwashi,0.66554,402,0.666,240,0.719
185,Gallade,0.65726,397,0.657,209,0.626
186,Luxray,0.65726,397,0.657,268,0.803
187,Arceus-Ground,0.63905,386,0.639,195,0.584
188,Blastoise,0.63740,385,0.637,236,0.707
189,Chandelure,0.63243,382,0.632,234,0.701
190,Azumarill,0.62415,377,0.624,224,0.671
191,Aerodactyl-Mega,0.62250,376,0.622,211,0.632
192,Slowbro-Mega,0.61587,372,0.616,224,0.671
193,Vikavolt,0.61091,369,0.611,248,0.743
194,Carbink,0.60760,367,0.608,200,0.599
195,Delphox,0.60428,365,0.604,202,0.605
196,Pyukumuku,0.60263,364,0.603,222,0.665
197,Hydreigon,0.60097,363,0.601,192,0.575
198,Aggron,0.59766,361,0.598,226,0.677
199,Articuno,0.59104,357,0.591,228,0.683
200,Bisharp,0.58773,355,0.588,203,0.608
201,Necrozma,0.58607,354,0.586,218,0.653
202,Klefki,0.58607,354,0.586,226,0.677
203,Liepard,0.58276,352,0.583,195,0.584
204,Heracross,0.58111,351,0.581,195,0.584
205,Torkoal,0.57448,347,0.574,203,0.608
206,Exploud,0.57283,346,0.573,196,0.587
207,Cofagrigus,0.57117,345,0.571,222,0.665
208,Mudsdale,0.56952,344,0.570,191,0.572
209,Accelgor,0.56952,344,0.570,209,0.626
210,Minior,0.56621,342,0.566,181,0.542
211,Froslass,0.56124,339,0.561,201,0.602
212,Latias,0.54965,332,0.550,168,0.503
213,Scrafty,0.54634,330,0.546,180,0.539
214,Kommo-o,0.54137,327,0.541,182,0.545
215,Ludicolo,0.53806,325,0.538,192,0.575
216,Arceus-Water,0.53144,321,0.531,187,0.560
217,Swampert,0.51819,313,0.518,206,0.617
218,Galvantula,0.51157,309,0.512,138,0.413
219,Drampa,0.50992,308,0.510,170,0.509
220,Pachirisu,0.49667,300,0.497,185,0.554
221,Groudon,0.48177,291,0.482,136,0.407
222,Arceus-Poison,0.47515,287,0.475,145,0.434
223,Dusknoir,0.47349,286,0.473,153,0.458
224,Meloetta,0.47184,285,0.472,156,0.467
225,Mr. Mime,0.47184,285,0.472,172,0.515
226,Glalie-Mega,0.46025,278,0.460,156,0.467
227,Tentacruel,0.45694,276,0.457,135,0.404
228,Persian-Alola,0.45528,275,0.455,155,0.464
229,Machamp,0.45032,272,0.450,182,0.545
230,Togedemaru,0.44866,271,0.449,150,0.449
231,Omastar,0.44038,266,0.440,136,0.407
232,Zoroark,0.44038,266,0.440,99,0.297
233,Guzzlord,0.43873,265,0.439,159,0.476
234,Flygon,0.43873,265,0.439,148,0.443
235,Passimian,0.43045,260,0.430,150,0.449
236,Lycanroc,0.42879,259,0.429,151,0.452
237,Malamar,0.42714,258,0.427,141,0.422
238,Honchkrow,0.42383,256,0.424,159,0.476
239,Murkrow,0.42383,256,0.424,98,0.294
240,Togetic,0.42052,254,0.421,169,0.506
241,Rhyperior,0.42052,254,0.421,158,0.473
242,Sandslash-Alola,0.41720,252,0.417,168,0.503
243,Scizor,0.41555,251,0.416,165,0.494
244,Swoobat,0.41224,249,0.412,119,0.357
245,Pyroar,0.41058,248,0.411,130,0.389
246,Florges,0.40893,247,0.409,127,0.381
247,Pinsir-Mega,0.40396,244,0.404,140,0.419
248,Starmie,0.40065,242,0.401,117,0.351
249,Aurorus,0.40065,242,0.401,122,0.366
250,Dugtrio,0.40065,242,0.401,143,0.428
251,Lycanroc-Midnight,0.38906,235,0.389,151,0.452
252,Dhelmise,0.38575,233,0.386,139,0.416
253,Xatu,0.38409,232,0.384,162,0.485
254,Hariyama,0.38244,231,0.382,117,0.351
255,Arceus-Electric,0.38078,230,0.381,125,0.375
256,Torterra,0.37582,227,0.376,120,0.360
257,Mienshao,0.37250,225,0.373,147,0.440
258,Durant,0.37085,224,0.371,116,0.348
259,Ambipom,0.37085,224,0.371,123,0.369
260,Tauros,0.36919,223,0.369,99,0.297
261,Haxorus,0.36588,221,0.366,108,0.324
262,Vivillon,0.36423,220,0.364,107,0.321
263,Suicune,0.36423,220,0.364,125,0.375
264,Dugtrio-Alola,0.36257,219,0.363,108,0.324
265,Steelix,0.35760,216,0.358,147,0.440
266,Meganium,0.35760,216,0.358,134,0.401
267,Lurantis,0.35429,214,0.354,142,0.425
268,Sudowoodo,0.35429,214,0.354,153,0.458
269,Lanturn,0.35429,214,0.354,134,0.401
270,Clawitzer,0.34933,211,0.349,124,0.372
271,Seismitoad,0.34436,208,0.344,134,0.401
272,Absol-Mega,0.34436,208,0.344,109,0.327
273,Turtonator,0.34270,207,0.343,137,0.410
274,Shiftry,0.34270,207,0.343,115,0.345
275,Cinccino,0.33939,205,0.339,130,0.389
276,Moltres,0.33774,204,0.338,119,0.357
277,Aron,0.33774,204,0.338,80,0.240
278,Magmortar,0.33111,200,0.331,107,0.321
279,Arceus-Flying,0.33111,200,0.331,106,0.318
280,Raikou,0.32780,198,0.328,99,0.297
281,Dusclops,0.32449,196,0.324,104,0.312
282,Tsareena,0.32449,196,0.324,116,0.348
283,Wobbuffet,0.32284,195,0.323,101,0.303
284,Slowking,0.32118,194,0.321,106,0.318
285,Escavalier,0.31787,192,0.318,112,0.336
286,Crabominable,0.31456,190,0.315,114,0.342
287,Arceus-Dragon,0.31125,188,0.311,125,0.375
288,Bewear,0.30794,186,0.308,104,0.312
289,Jellicent,0.30628,185,0.306,131,0.392
290,Empoleon,0.30463,184,0.305,111,0.333
291,Gothitelle,0.29800,180,0.298,93,0.279
292,Drapion,0.29800,180,0.298,93,0.279
293,Leafeon,0.29635,179,0.296,102,0.306
294,Absol,0.29304,177,0.293,101,0.303
295,Aerodactyl,0.29304,177,0.293,92,0.276
296,Abomasnow,0.28973,175,0.290,92,0.276
297,Regice,0.28807,174,0.288,113,0.339
298,Diancie,0.28641,173,0.286,97,0.291
299,Conkeldurr,0.28641,173,0.286,111,0.333
300,Flareon,0.28641,173,0.286,119,0.357
301,Tyrantrum,0.28310,171,0.283,105,0.315
302,Slowbro,0.28145,170,0.281,92,0.276
303,Spiritomb,0.28145,170,0.281,102,0.306
304,Stoutland,0.28145,170,0.281,107,0.321
305,Keldeo,0.27979,169,0.280,100,0.300
306,Exeggutor,0.26820,162,0.268,104,0.312
307,Toucannon,0.26655,161,0.267,87,0.261
308,Lopunny,0.26655,161,0.267,85,0.255
309,Dragalge,0.26324,159,0.263,91,0.273
310,Houndoom,0.26324,159,0.263,89,0.267
311,Mismagius,0.26324,159,0.263,104,0.312
312,Swellow,0.26158,158,0.262,90,0.270
313,Charjabug,0.26158,158,0.262,72,0.216
314,Mandibuzz,0.26158,158,0.262,93,0.279
315,Medicham,0.25993,157,0.260,111,0.333
316,Manectric,0.25661,155,0.257,99,0.297
317,Furret,0.25330,153,0.253,102,0.306
318,Poliwrath,0.25165,152,0.252,88,0.264
319,Feraligatr,0.25165,152,0.252,76,0.228
320,Glaceon,0.25165,152,0.252,97,0.291
321,Roserade,0.24999,151,0.250,82,0.246
322,Alomomola,0.24834,150,0.248,85,0.255
323,Pangoro,0.24668,149,0.247,92,0.276
324,Zebstrika,0.24502,148,0.245,72,0.216
325,Deoxys,0.24171,146,0.242,76,0.228
326,Braviary,0.24006,145,0.240,88,0.264
327,Armaldo,0.23840,144,0.238,97,0.291
328,Emboar,0.23675,143,0.237,86,0.258
329,Plusle,0.23675,143,0.237,77,0.231
330,Chesnaught,0.23509,142,0.235,75,0.225
331,Cherrim,0.23344,141,0.233,92,0.276
332,Entei,0.23344,141,0.233,87,0.261
333,Musharna,0.23012,139,0.230,71,0.213
334,Ampharos,0.22847,138,0.228,99,0.297
335,Darmanitan,0.22847,138,0.228,89,0.267
336,Castform,0.22847,138,0.228,80,0.240
337,Sigilyph,0.22681,137,0.227,92,0.276
338,Arceus-Grass,0.22681,137,0.227,58,0.174
339,Floatzel,0.22516,136,0.225,67,0.201
340,Wigglytuff,0.22350,135,0.224,87,0.261
341,Tornadus-Therian,0.22019,133,0.220,69,0.207
342,Golurk,0.21854,132,0.219,84,0.252
343,Miltank,0.21854,132,0.219,81,0.243
344,Tangrowth,0.21688,131,0.217,75,0.225
345,Samurott,0.21688,131,0.217,76,0.228
346,Kabutops,0.21191,128,0.212,64,0.192
347,Vanilluxe,0.21026,127,0.210,74,0.222
348,Bruxish,0.21026,127,0.210,62,0.186
349,Celebi,0.20860,126,0.209,69,0.207
350,Kecleon,0.20860,126,0.209,72,0.216
351,Sharpedo-Mega,0.20695,125,0.207,78,0.234
352,Shiinotic,0.20529,124,0.205,66,0.198
353,Cobalion,0.20364,123,0.204,56,0.168
354,Golem,0.20364,123,0.204,74,0.222
355,Altaria,0.19867,120,0.199,77,0.231
356,Zangoose,0.19701,119,0.197,75,0.225
357,Registeel,0.19701,119,0.197,77,0.231
358,Arceus-Fire,0.19536,118,0.195,76,0.228
359,Hippowdon,0.19536,118,0.195,52,0.156
360,Dedenne,0.19370,117,0.194,64,0.192
361,Quagsire,0.19370,117,0.194,82,0.246
362,Camerupt,0.19205,116,0.192,73,0.219
363,Forretress,0.19205,116,0.192,67,0.201
364,Regirock,0.19039,115,0.190,45,0.135
365,Arceus-Dark,0.18874,114,0.189,53,0.159
366,Electrode,0.18874,114,0.189,80,0.240
367,Leavanny,0.18874,114,0.189,81,0.243
368,Avalugg,0.18874,114,0.189,65,0.195
369,Marowak,0.18708,113,0.187,79,0.237
370,Mantine,0.18542,112,0.185,61,0.183
371,Bastiodon,0.18377,111,0.184,67,0.201
372,Arceus-Ice,0.18211,110,0.182,57,0.171
373,Jumpluff,0.18211,110,0.182,74,0.222
374,Primeape,0.17880,108,0.179,63,0.189
375,Reuniclus,0.17384,105,0.174,66,0.198
376,Victreebel,0.17384,105,0.174,69,0.207
377,Doublade,0.17384,105,0.174,61,0.183
378,Parasect,0.17218,104,0.172,60,0.180
379,Beartic,0.17218,104,0.172,72,0.216
380,Cacturne,0.17052,103,0.171,60,0.180
381,Slurpuff,0.17052,103,0.171,40,0.120
382,Masquerain,0.16887,102,0.169,57,0.171
383,Seaking,0.16887,102,0.169,63,0.189
384,Rampardos,0.16887,102,0.169,64,0.192
385,Oricorio-Pa'u,0.16721,101,0.167,74,0.222
386,Azelf,0.16721,101,0.167,52,0.156
387,Gumshoos,0.16556,100,0.166,70,0.210
388,Pidgeot,0.16390,99,0.164,66,0.198
389,Arceus-Psychic,0.16225,98,0.162,62,0.186
390,Druddigon,0.16059,97,0.161,38,0.114
391,Rotom-Heat,0.16059,97,0.161,56,0.168
392,Emolga,0.15894,96,0.159,52,0.156
393,Kyurem,0.15894,96,0.159,51,0.153
394,Archeops,0.15894,96,0.159,50,0.150
395,Ursaring,0.15894,96,0.159,57,0.171
396,Delcatty,0.15728,95,0.157,60,0.180
397,Diggersby,0.15562,94,0.156,49,0.147
398,Crawdaunt,0.15066,91,0.151,62,0.186
399,Maractus,0.15066,91,0.151,61,0.183
400,Ariados,0.15066,91,0.151,44,0.132
401,Bibarel,0.15066,91,0.151,43,0.129
402,Stantler,0.15066,91,0.151,59,0.177
403,Wailord,0.15066,91,0.151,48,0.144
404,Chimecho,0.14238,86,0.142,58,0.174
405,Solrock,0.13907,84,0.139,53,0.159
406,Walrein,0.13741,83,0.137,55,0.165
407,Hitmonlee,0.13741,83,0.137,44,0.132
408,Dewgong,0.13410,81,0.134,40,0.120
409,Tornadus,0.13245,80,0.132,42,0.126
410,Minun,0.13245,80,0.132,53,0.159
411,Gogoat,0.13245,80,0.132,40,0.120
412,Jynx,0.12913,78,0.129,45,0.135
413,Haunter,0.12417,75,0.124,45,0.135
414,Yanmega,0.12417,75,0.124,42,0.126
415,Tropius,0.12086,73,0.121,51,0.153
416,Sunflora,0.12086,73,0.121,46,0.138
417,Drifblim,0.12086,73,0.121,39,0.117
418,Sharpedo,0.11920,72,0.119,45,0.135
419,Rattata,0.11920,72,0.119,38,0.114
420,Arceus-Fighting,0.11920,72,0.119,36,0.108
421,Uxie,0.11920,72,0.119,31,0.093
422,Mawile,0.11755,71,0.118,45,0.135
423,Vileplume,0.11258,68,0.113,37,0.111
424,Rotom-Mow,0.11092,67,0.111,34,0.102
425,Carracosta,0.11092,67,0.111,46,0.138
426,Klinklang,0.11092,67,0.111,42,0.126
427,Silvally,0.10927,66,0.109,35,0.105
428,Sawsbuck,0.10927,66,0.109,41,0.123
429,Weezing,0.10596,64,0.106,33,0.099
430,Virizion,0.10596,64,0.106,26,0.078
431,Venomoth,0.10430,63,0.104,30,0.090
432,Probopass,0.10430,63,0.104,33,0.099
433,Claydol,0.10099,61,0.101,41,0.123
434,Komala,0.10099,61,0.101,34,0.102
435,Raticate-Alola,0.10099,61,0.101,28,0.084
436,Hypno,0.09933,60,0.099,36,0.108
437,Aromatisse,0.09933,60,0.099,29,0.087
438,Hoopa,0.09933,60,0.099,28,0.084
439,Girafarig,0.09768,59,0.098,30,0.090
440,Rhydon,0.09602,58,0.096,31,0.093
441,Hitmonchan,0.09602,58,0.096,27,0.081
442,Nidoqueen,0.09602,58,0.096,34,0.102
443,Scyther,0.09602,58,0.096,34,0.102
444,Illumise,0.09602,58,0.096,36,0.108
445,Trumbeak,0.09602,58,0.096,31,0.093
446,Banette,0.09437,57,0.094,32,0.096
447,Surskit,0.09271,56,0.093,39,0.117
448,Rapidash,0.09271,56,0.093,29,0.087
449,Kangaskhan,0.09106,55,0.091,41,0.123
450,Chatot,0.09106,55,0.091,29,0.087
451,Donphan,0.09106,55,0.091,36,0.108
452,Butterfree,0.08940,54,0.089,26,0.078
453,Staravia,0.08940,54,0.089,48,0.144
454,Lunatone,0.08443,51,0.084,23,0.069
455,Dodrio,0.08278,50,0.083,24,0.072
456,Vespiquen,0.08278,50,0.083,33,0.099
457,Unfezant,0.08278,50,0.083,31,0.093
458,Arbok,0.08112,49,0.081,34,0.102
459,Gourgeist-Super,0.07781,47,0.078,32,0.096
460,Rotom-Frost,0.07616,46,0.076,32,0.096
461,Squirtle,0.07616,46,0.076,24,0.072
462,Throh,0.07450,45,0.075,28,0.084
463,Silvally-Fairy,0.07450,45,0.075,23,0.069
464,Beheeyem,0.07450,45,0.075,23,0.069
465,Furfrou,0.07450,45,0.075,23,0.069
466,Shuppet,0.07285,44,0.073,15,0.045
467,Arceus-Bug,0.07285,44,0.073,23,0.069
468,Skuntank,0.07119,43,0.071,23,0.069
469,Arceus-Rock,0.07119,43,0.071,20,0.060
470,Luvdisc,0.07119,43,0.071,22,0.066
471,Diglett,0.06953,42,0.070,22,0.066
472,Granbull,0.06953,42,0.070,21,0.063
473,Beautifly,0.06953,42,0.070,24,0.072
474,Dunsparce,0.06788,41,0.068,27,0.081
475,Type: Null,0.06788,41,0.068,27,0.081
476,Silvally-Dragon,0.06788,41,0.068,28,0.084
477,Kricketune,0.06788,41,0.068,26,0.078
478,Jigglypuff,0.06622,40,0.066,21,0.063
479,Gorebyss,0.06622,40,0.066,32,0.096
480,Volbeat,0.06457,39,0.065,20,0.060
481,Bellossom,0.06126,37,0.061,20,0.060
482,Bouffalant,0.06126,37,0.061,20,0.060
483,Beedrill,0.06126,37,0.061,21,0.063
484,Riolu,0.05960,36,0.060,24,0.072
485,Cryogonal,0.05960,36,0.060,18,0.054
486,Octillery,0.05795,35,0.058,13,0.039
487,Grumpig,0.05795,35,0.058,25,0.075
488,Barbaracle,0.05795,35,0.058,17,0.051
489,Porygon,0.05795,35,0.058,15,0.045
490,Sneasel,0.05795,35,0.058,30,0.090
491,Crustle,0.05629,34,0.056,19,0.057
492,Hakamo-o,0.05463,33,0.055,15,0.045
493,Rotom-Fan,0.05463,33,0.055,22,0.066
494,Hippopotas,0.05463,33,0.055,18,0.054
495,Glalie,0.05132,31,0.051,20,0.060
496,Magikarp,0.05132,31,0.051,14,0.042
497,Fearow,0.05132,31,0.051,14,0.042
498,Silvally-Psychic,0.04967,30,0.050,14,0.042
499,Shaymin,0.04967,30,0.050,18,0.054
500,Whiscash,0.04801,29,0.048,14,0.042
501,Braixen,0.04801,29,0.048,16,0.048
502,Wartortle,0.04636,28,0.046,16,0.048
503,Bidoof,0.04636,28,0.046,17,0.051
504,Huntail,0.04470,27,0.045,21,0.063
505,Onix,0.04470,27,0.045,18,0.054
506,Lumineon,0.04470,27,0.045,17,0.051
507,Muk,0.04470,27,0.045,16,0.048
508,Ferroseed,0.04470,27,0.045,23,0.069
509,Rotom,0.04304,26,0.043,18,0.054
510,Numel,0.04304,26,0.043,5,0.015
511,Cosmoem,0.04304,26,0.043,7,0.021
512,Dustox,0.04139,25,0.041,17,0.051
513,Corsola,0.03973,24,0.040,10,0.030
514,Silvally-Fire,0.03973,24,0.040,8,0.024
515,Gothorita,0.03808,23,0.038,17,0.051
516,Sawk,0.03808,23,0.038,13,0.039
517,Gourgeist-Large,0.03808,23,0.038,18,0.054
518,Kingler,0.03808,23,0.038,12,0.036
519,Graveler-Alola,0.03642,22,0.036,12,0.036
520,Magneton,0.03642,22,0.036,11,0.033
521,Dragonair,0.03642,22,0.036,16,0.048
522,Phione,0.03642,22,0.036,14,0.042
523,Silvally-Poison,0.03477,21,0.035,11,0.033
524,Silvally-Ground,0.03477,21,0.035,14,0.042
525,Raticate,0.03311,20,0.033,11,0.033
526,Swanna,0.03311,20,0.033,11,0.033
527,Rattata-Alola,0.03311,20,0.033,14,0.042
528,Persian,0.03311,20,0.033,8,0.024
529,Mightyena,0.03311,20,0.033,13,0.039
530,Buizel,0.03311,20,0.033,11,0.033
531,Silvally-Steel,0.03311,20,0.033,16,0.048
532,Frogadier,0.03146,19,0.031,10,0.030
533,Seviper,0.03146,19,0.031,11,0.033
534,Silvally-Water,0.03146,19,0.031,11,0.033
535,Misdreavus,0.03146,19,0.031,8,0.024
536,Piloswine,0.03146,19,0.031,4,0.012
537,Silvally-Electric,0.03146,19,0.031,9,0.027
538,Wormadam-Trash,0.03146,19,0.031,12,0.036
539,Tangela,0.02980,18,0.030,14,0.042
540,Ekans,0.02980,18,0.030,8,0.024
541,Charmeleon,0.02980,18,0.030,11,0.033
542,Noctowl,0.02980,18,0.030,15,0.045
543,Caterpie,0.02980,18,0.030,12,0.036
544,Torracat,0.02814,17,0.028,5,0.015
545,Magnemite,0.02814,17,0.028,9,0.027
546,Sandslash,0.02814,17,0.028,13,0.039
547,Mesprit,0.02814,17,0.028,10,0.030
548,Bulbasaur,0.02814,17,0.028,8,0.024
549,Carnivine,0.02814,17,0.028,10,0.030
550,Fletchinder,0.02649,16,0.026,9,0.027
551,Charmander,0.02649,16,0.026,8,0.024
552,Kirlia,0.02649,16,0.026,13,0.039
553,Krokorok,0.02649,16,0.026,11,0.033
554,Silvally-Dark,0.02483,15,0.025,9,0.027
555,Magmar,0.02483,15,0.025,9,0.027
556,Flabebe,0.02483,15,0.025,10,0.030
557,Vulpix-Alola,0.02318,14,0.023,9,0.027
558,Klang,0.02318,14,0.023,3,0.009
559,Minccino,0.02318,14,0.023,10,0.030
560,Farfetch'd,0.02318,14,0.023,6,0.018
561,Litten,0.02318,14,0.023,8,0.024
562,Ralts,0.02318,14,0.023,4,0.012
563,Marshtomp,0.02318,14,0.023,11,0.033
564,Mothim,0.02318,14,0.023,6,0.018
565,Delibird,0.02318,14,0.023,5,0.015
566,Cubone,0.02318,14,0.023,4,0.012
567,Doduo,0.02152,13,0.022,8,0.024
568,Bergmite,0.02152,13,0.022,8,0.024
569,Bunnelby,0.02152,13,0.022,10,0.030
570,Qwilfish,0.02152,13,0.022,10,0.030
571,Bayleef,0.02152,13,0.022,9,0.027
572,Golbat,0.02152,13,0.022,7,0.021
573,Pichu,0.02152,13,0.022,7,0.021
574,Heatmor,0.02152,13,0.022,7,0.021
575,Happiny,0.02152,13,0.022,7,0.021
576,Aipom,0.02152,13,0.022,7,0.021
577,Kadabra,0.01987,12,0.020,5,0.015
578,Gourgeist,0.01987,12,0.020,11,0.033
579,Treecko,0.01987,12,0.020,7,0.021
580,Gourgeist-Small,0.01987,12,0.020,2,0.006
581,Nosepass,0.01987,12,0.020,5,0.015
582,Magcargo,0.01987,12,0.020,6,0.018
583,Sandshrew-Alola,0.01987,12,0.020,9,0.027
584,Purugly,0.01987,12,0.020,7,0.021
585,Snivy,0.01987,12,0.020,11,0.033
586,Chinchou,0.01821,11,0.018,6,0.018
587,Basculin,0.01821,11,0.018,10,0.030
588,Duskull,0.01821,11,0.018,11,0.033
589,Ivysaur,0.01821,11,0.018,5,0.015
590,Starly,0.01821,11,0.018,6,0.018
591,Unown,0.01821,11,0.018,8,0.024
592,Silvally-Ice,0.01821,11,0.018,6,0.018
593,Rowlet,0.01821,11,0.018,6,0.018
594,Meditite,0.01821,11,0.018,3,0.009
595,Weepinbell,0.01656,10,0.017,4,0.012
596,Electabuzz,0.01656,10,0.017,3,0.009
597,Oddish,0.01656,10,0.017,6,0.018
598,Abra,0.01656,10,0.017,3,0.009
599,Pinsir,0.01656,10,0.017,4,0.012
600,Servine,0.01656,10,0.017,9,0.027
601,Kricketot,0.01656,10,0.017,2,0.006
602,Teddiursa,0.01656,10,0.017,7,0.021
603,Froakie,0.01656,10,0.017,3,0.009
604,Wynaut,0.01656,10,0.017,5,0.015
605,Wurmple,0.01656,10,0.017,8,0.024
606,Fennekin,0.01656,10,0.017,3,0.009
607,Popplio,0.01490,9,0.015,6,0.018
608,Clamperl,0.01490,9,0.015,6,0.018
609,Piplup,0.01490,9,0.015,6,0.018
610,Vigoroth,0.01490,9,0.015,7,0.021
611,Cyndaquil,0.01490,9,0.015,7,0.021
612,Pancham,0.01490,9,0.015,8,0.024
613,Dewott,0.01490,9,0.015,3,0.009
614,Swalot,0.01490,9,0.015,3,0.009
615,Pikipek,0.01490,9,0.015,6,0.018
616,Scatterbug,0.01490,9,0.015,8,0.024
617,Natu,0.01490,9,0.015,3,0.009
618,Zorua,0.01324,8,0.013,4,0.012
619,Silvally-Flying,0.01324,8,0.013,4,0.012
620,Poliwag,0.01324,8,0.013,4,0.012
621,Togepi,0.01324,8,0.013,5,0.015
622,Geodude-Alola,0.01324,8,0.013,3,0.009
623,Lickitung,0.01324,8,0.013,5,0.015
624,Smoochum,0.01324,8,0.013,6,0.018
625,Oshawott,0.01324,8,0.013,4,0.012
626,Garbodor,0.01324,8,0.013,4,0.012
627,Inkay,0.01324,8,0.013,5,0.015
628,Combusken,0.01324,8,0.013,8,0.024
629,Azurill,0.01159,7,0.012,3,0.009
630,Pignite,0.01159,7,0.012,4,0.012
631,Igglybuff,0.01159,7,0.012,4,0.012
632,Gurdurr,0.01159,7,0.012,7,0.021
633,Bronzor,0.01159,7,0.012,4,0.012
634,Brionne,0.01159,7,0.012,7,0.021
635,Purrloin,0.01159,7,0.012,2,0.006
636,Fletchling,0.01159,7,0.012,5,0.015
637,Monferno,0.01159,7,0.012,3,0.009
638,Weedle,0.01159,7,0.012,5,0.015
639,Spritzee,0.00993,6,0.010,5,0.015
640,Ledian,0.00993,6,0.010,4,0.012
641,Espurr,0.00993,6,0.010,2,0.006
642,Metang,0.00993,6,0.010,4,0.012
643,Pumpkaboo,0.00993,6,0.010,1,0.003
644,Marill,0.00993,6,0.010,5,0.015
645,Magby,0.00993,6,0.010,3,0.009
646,Skorupi,0.00993,6,0.010,3,0.009
647,Pineco,0.00993,6,0.010,5,0.015
648,Roselia,0.00993,6,0.010,4,0.012
649,Hoothoot,0.00993,6,0.010,1,0.003
650,Trubbish,0.00993,6,0.010,1,0.003
651,Scraggy,0.00993,6,0.010,5,0.015
652,Croagunk,0.00993,6,0.010,5,0.015
653,Cosmog,0.00993,6,0.010,3,0.009
654,Cottonee,0.00993,6,0.010,3,0.009
655,Totodile,0.00993,6,0.010,4,0.012
656,Gligar,0.00993,6,0.010,3,0.009
657,Chespin,0.00993,6,0.010,5,0.015
658,Growlithe,0.00993,6,0.010,4,0.012
659,Graveler,0.00993,6,0.010,4,0.012
660,Meowth,0.00993,6,0.010,3,0.009
661,Silvally-Fighting,0.00993,6,0.010,2,0.006
662,Torchic,0.00993,6,0.010,2,0.006
663,Gabite,0.00828,5,0.008,2,0.006
664,Dartrix,0.00828,5,0.008,2,0.006
665,Salandit,0.00828,5,0.008,3,0.009
666,Paras,0.00828,5,0.008,2,0.006
667,Boldore,0.00828,5,0.008,1,0.003
668,Chingling,0.00828,5,0.008,0,0.000
669,Larvitar,0.00828,5,0.008,3,0.009
670,Kakuna,0.00828,5,0.008,5,0.015
671,Wormadam,0.00828,5,0.008,4,0.012
672,Simisage,0.00828,5,0.008,4,0.012
673,Frillish,0.00828,5,0.008,3,0.009
674,Chimchar,0.00828,5,0.008,3,0.009
675,Sandile,0.00828,5,0.008,2,0.006
676,Machoke,0.00828,5,0.008,3,0.009
677,Silvally-Rock,0.00828,5,0.008,5,0.015
678,Grovyle,0.00828,5,0.008,4,0.012
679,Darumaka,0.00828,5,0.008,2,0.006
680,Tynamo,0.00828,5,0.008,3,0.009
681,Simisear,0.00828,5,0.008,1,0.003
682,Silvally-Grass,0.00828,5,0.008,4,0.012
683,Sandygast,0.00662,4,0.007,2,0.006
684,Pumpkaboo-Super,0.00662,4,0.007,2,0.006
685,Corphish,0.00662,4,0.007,1,0.003
686,Metapod,0.00662,4,0.007,3,0.009
687,Quilava,0.00662,4,0.007,3,0.009
688,Taillow,0.00662,4,0.007,2,0.006
689,Floette,0.00662,4,0.007,2,0.006
690,Gible,0.00662,4,0.007,2,0.006
691,Omanyte,0.00662,4,0.007,2,0.006
692,Karrablast,0.00662,4,0.007,4,0.012
693,Kabuto,0.00662,4,0.007,3,0.009
694,Skitty,0.00662,4,0.007,4,0.012
695,Palpitoad,0.00662,4,0.007,2,0.006
696,Stunfisk,0.00662,4,0.007,3,0.009
697,Munchlax,0.00662,4,0.007,4,0.012
698,Pupitar,0.00662,4,0.007,2,0.006
699,Buneary,0.00497,3,0.005,0,0.000
700,Duosion,0.00497,3,0.005,1,0.003
701,Electrike,0.00497,3,0.005,2,0.006
702,Goldeen,0.00497,3,0.005,3,0.009
703,Yanma,0.00497,3,0.005,3,0.009
704,Simipour,0.00497,3,0.005,1,0.003
705,Cutiefly,0.00497,3,0.005,1,0.003
706,Mudbray,0.00497,3,0.005,2,0.006
707,Tympole,0.00497,3,0.005,3,0.009
708,Cherubi,0.00497,3,0.005,2,0.006
709,Lotad,0.00497,3,0.005,1,0.003
710,Watchog,0.00497,3,0.005,2,0.006
711,Spoink,0.00497,3,0.005,0,0.000
712,Wormadam-Sandy,0.00497,3,0.005,2,0.006
713,Elgyem,0.00497,3,0.005,2,0.006
714,Lampent,0.00497,3,0.005,3,0.009
715,Shelgon,0.00497,3,0.005,1,0.003
716,Geodude,0.00497,3,0.005,3,0.009
717,Gastly,0.00497,3,0.005,0,0.000
718,Cacnea,0.00497,3,0.005,3,0.009
719,Silvally-Ghost,0.00497,3,0.005,2,0.006
720,Litleo,0.00497,3,0.005,3,0.009
721,Tyrunt,0.00497,3,0.005,2,0.006
722,Anorith,0.00497,3,0.005,1,0.003
723,Exeggcute,0.00497,3,0.005,2,0.006
724,Vanillite,0.00497,3,0.005,1,0.003
725,Lairon,0.00497,3,0.005,1,0.003
726,Seadra,0.00497,3,0.005,3,0.009
727,Lombre,0.00331,2,0.003,2,0.006
728,Rufflet,0.00331,2,0.003,1,0.003
729,Whirlipede,0.00331,2,0.003,1,0.003
730,Remoraid,0.00331,2,0.003,0,0.000
731,Zweilous,0.00331,2,0.003,2,0.006
732,Diglett-Alola,0.00331,2,0.003,1,0.003
733,Gulpin,0.00331,2,0.003,2,0.006
734,Mareanie,0.00331,2,0.003,0,0.000
735,Prinplup,0.00331,2,0.003,0,0.000
736,Machop,0.00331,2,0.003,0,0.000
737,Pidgeotto,0.00331,2,0.003,2,0.006
738,Vulpix,0.00331,2,0.003,0,0.000
739,Bellsprout,0.00331,2,0.003,2,0.006
740,Shroomish,0.00331,2,0.003,1,0.003
741,Carvanha,0.00331,2,0.003,2,0.006
742,Grimer-Alola,0.00331,2,0.003,0,0.000
743,Shellder,0.00331,2,0.003,2,0.006
744,Dratini,0.00331,2,0.003,1,0.003
745,Shellos,0.00331,2,0.003,0,0.000
746,Slugma,0.00331,2,0.003,1,0.003
747,Noibat,0.00331,2,0.003,2,0.006
748,Relicanth,0.00331,2,0.003,1,0.003
749,Tyrogue,0.00331,2,0.003,2,0.006
750,Meowth-Alola,0.00331,2,0.003,2,0.006
751,Voltorb,0.00331,2,0.003,2,0.006
752,Lileep,0.00331,2,0.003,2,0.006
753,Solosis,0.00331,2,0.003,1,0.003
754,Timburr,0.00331,2,0.003,2,0.006
755,Swinub,0.00331,2,0.003,2,0.006
756,Dwebble,0.00331,2,0.003,2,0.006
757,Morelull,0.00331,2,0.003,1,0.003
758,Rockruff,0.00331,2,0.003,1,0.003
759,Helioptile,0.00331,2,0.003,0,0.000
760,Trapinch,0.00331,2,0.003,1,0.003
761,Honedge,0.00331,2,0.003,0,0.000
762,Snover,0.00331,2,0.003,2,0.006
763,Ponyta,0.00331,2,0.003,0,0.000
764,Chikorita,0.00331,2,0.003,1,0.003
765,Feebas,0.00331,2,0.003,0,0.000
766,Drilbur,0.00331,2,0.003,2,0.006
767,Quilladin,0.00331,2,0.003,2,0.006
768,Fomantis,0.00331,2,0.003,2,0.006
769,Axew,0.00331,2,0.003,2,0.006
770,Whismur,0.00331,2,0.003,2,0.006
771,Mankey,0.00166,1,0.002,1,0.003
772,Swirlix,0.00166,1,0.002,1,0.003
773,Wimpod,0.00166,1,0.002,0,0.000
774,Skiddo,0.00166,1,0.002,1,0.003
775,Cleffa,0.00166,1,0.002,1,0.003
776,Mareep,0.00166,1,0.002,1,0.003
777,Grotle,0.00166,1,0.002,1,0.003
778,Slowpoke,0.00166,1,0.002,1,0.003
779,Barboach,0.00166,1,0.002,1,0.003
780,Budew,0.00166,1,0.002,1,0.003
781,Mudkip,0.00166,1,0.002,0,0.000
782,Klink,0.00166,1,0.002,0,0.000
783,Tepig,0.00166,1,0.002,1,0.003
784,Sentret,0.00166,1,0.002,1,0.003
785,Cubchoo,0.00166,1,0.002,0,0.000
786,Eelektrik,0.00166,1,0.002,1,0.003
787,Amaura,0.00166,1,0.002,1,0.003
788,Blitzle,0.00166,1,0.002,0,0.000
789,Spewpa,0.00166,1,0.002,1,0.003
790,Silvally-Bug,0.00166,1,0.002,1,0.003
791,Loudred,0.00166,1,0.002,1,0.003
792,Ducklett,0.00166,1,0.002,0,0.000
793,Poliwhirl,0.00166,1,0.002,1,0.003
794,Sunkern,0.00166,1,0.002,0,0.000
795,Koffing,0.00166,1,0.002,1,0.003
796,Bonsly,0.00166,1,0.002,0,0.000
797,Gloom,0.00166,1,0.002,1,0.003
798,Clauncher,0.00166,1,0.002,0,0.000
799,Flaaffy,0.00166,1,0.002,0,0.000
800,Tranquill,0.00166,1,0.002,1,0.003
801,Gothita,0.00166,1,0.002,1,0.003
802,Stufful,0.00166,1,0.002,1,0.003
803,Nincada,0.00166,1,0.002,1,0.003
804,Fraxure,0.00166,1,0.002,1,0.003
805,Glameow,0.00166,1,0.002,1,0.003
806,Petilil,0.00166,1,0.002,1,0.003
807,Sliggoo,0.00166,1,0.002,0,0.000
808,Zigzagoon,0.00166,1,0.002,1,0.003
809,Dewpider,0.00166,1,0.002,1,0.003
810,Goomy,0.00166,1,0.002,1,0.003
811,Tentacool,0.00166,1,0.002,0,0.000
812,Vullaby,0.00166,1,0.002,0,0.000
813,Yamask,0.00166,1,0.002,1,0.003
814,Croconaw,0.00166,1,0.002,1,0.003
815,Luxio,0.00166,1,0.002,1,0.003
816,Snorunt,0.00166,1,0.002,1,0.003
817,Herdier,0.00166,1,0.002,1,0.003
818,Makuhita,0.00166,1,0.002,0,0.000
819,Shieldon,0.00166,1,0.002,1,0.003
820,Elekid,0.00166,1,0.002,0,0.000
821,Nidorino,0.00166,1,0.002,1,0.003
822,Cranidos,0.00166,1,0.002,1,0.003
