 Total battles: 54172
 Avg. weight/team: 0.013
Rank,Pokemon,Usage percentage,Raw,Raw percentage,Real,Real percentage
1,Qwilfish,1.04879,820,0.757,580,0.769
2,Garbodor,1.03196,812,0.749,564,0.747
3,Fennekin,1.02939,821,0.758,559,0.741
4,Lilligant,1.02779,866,0.799,597,0.791
5,Aron,1.02392,844,0.779,598,0.792
6,Mewtwo,0.99697,822,0.759,561,0.743
7,Wimpod,0.99149,881,0.813,603,0.799
8,Tapu Lele,0.99072,823,0.760,569,0.754
9,Golisopod,0.99038,819,0.756,596,0.790
10,Heatmor,0.98590,856,0.790,594,0.787
11,Klefki,0.98274,825,0.761,610,0.808
12,Phione,0.98224,842,0.777,586,0.776
13,Flaaffy,0.98102,813,0.750,594,0.787
14,Banette,0.97716,786,0.725,552,0.731
15,Pidove,0.96718,836,0.772,594,0.787
16,Chandelure,0.96613,805,0.743,553,0.733
17,Kirlia,0.96582,820,0.757,548,0.726
18,Tangrowth,0.96128,805,0.743,554,0.734
19,Pichu,0.96087,822,0.759,557,0.738
20,Medicham,0.95067,850,0.785,597,0.791
21,Rampardos,0.94899,805,0.743,545,0.722
22,Virizion,0.94883,796,0.735,563,0.746
23,Audino,0.94827,840,0.775,590,0.782
24,Staravia,0.94609,840,0.775,600,0.795
25,Staraptor,0.94596,845,0.780,599,0.794
26,Lunala,0.94512,811,0.749,555,0.735
27,Magearna,0.94463,835,0.771,597,0.791
28,Scolipede,0.94218,830,0.766,600,0.795
29,Gengar,0.93942,781,0.721,572,0.758
30,Wailord,0.93691,833,0.769,604,0.800
31,Slowpoke,0.93415,844,0.779,599,0.794
32,Torterra,0.93408,788,0.727,552,0.731
33,Toucannon,0.93326,822,0.759,568,0.753
34,Krabby,0.93189,839,0.774,576,0.763
35,Bruxish,0.93150,796,0.735,526,0.697
36,Purrloin,0.92645,813,0.750,560,0.742
37,Regirock,0.91502,805,0.743,565,0.749
38,Vaporeon,0.90961,790,0.729,537,0.712
39,Exploud,0.90899,774,0.714,553,0.733
40,Slaking,0.90818,836,0.772,607,0.804
41,Gastly,0.90764,775,0.715,542,0.718
42,Xurkitree,0.90720,855,0.789,600,0.795
43,Simisage,0.90683,830,0.766,585,0.775
44,Azurill,0.90673,854,0.788,589,0.780
45,Cinccino,0.90666,819,0.756,559,0.741
46,Buizel,0.90576,828,0.764,593,0.786
47,Skuntank,0.90572,860,0.794,594,0.787
48,Skarmory,0.90503,799,0.737,592,0.784
49,Klink,0.90485,807,0.745,608,0.806
50,Nincada,0.90431,810,0.748,529,0.701
51,Drilbur,0.90424,804,0.742,584,0.774
52,Rayquaza,0.90200,830,0.766,591,0.783
53,Clawitzer,0.90177,819,0.756,559,0.741
54,Gloom,0.90129,811,0.749,545,0.722
55,Landorus,0.90103,807,0.745,569,0.754
56,Shieldon,0.89890,773,0.713,578,0.766
57,Machop,0.89758,794,0.733,541,0.717
58,Talonflame,0.89726,866,0.799,625,0.828
59,Poliwrath,0.89664,829,0.765,603,0.799
60,Bidoof,0.89557,856,0.790,604,0.800
61,Trubbish,0.89504,837,0.773,577,0.765
62,Swellow,0.89385,829,0.765,610,0.808
63,Tropius,0.89285,862,0.796,581,0.770
64,Terrakion,0.89243,799,0.737,534,0.708
65,Swanna,0.89162,820,0.757,607,0.804
66,Piloswine,0.89112,832,0.768,552,0.731
67,Bellsprout,0.89100,844,0.779,546,0.723
68,Jigglypuff,0.88965,834,0.770,559,0.741
69,Throh,0.88899,866,0.799,607,0.804
70,Jumpluff,0.88815,796,0.735,552,0.731
71,Yamask,0.88788,781,0.721,569,0.754
72,Aipom,0.88668,784,0.724,540,0.716
73,Pikachu,0.88611,861,0.795,587,0.778
74,Exeggcute,0.88561,830,0.766,535,0.709
75,Masquerain,0.88537,824,0.761,573,0.759
76,Zapdos,0.88479,782,0.722,559,0.741
77,Pidgeot,0.88373,843,0.778,602,0.798
78,Cacturne,0.88269,808,0.746,571,0.757
79,Porygon-Z,0.88186,829,0.765,563,0.746
80,Gabite,0.88142,811,0.749,555,0.735
81,Crabominable,0.88112,793,0.732,540,0.716
82,Magmar,0.88037,805,0.743,589,0.780
83,Salandit,0.88014,854,0.788,621,0.823
84,Happiny,0.87959,846,0.781,572,0.758
85,Mandibuzz,0.87929,848,0.783,589,0.780
86,Spearow,0.87864,869,0.802,597,0.791
87,Jirachi,0.87596,795,0.734,561,0.743
88,Gourgeist,0.87582,795,0.734,555,0.735
89,Grotle,0.87580,809,0.747,559,0.741
90,Duosion,0.87305,777,0.717,531,0.704
91,Lurantis,0.87186,804,0.742,542,0.718
92,Mienfoo,0.87135,842,0.777,550,0.729
93,Hoppip,0.87105,804,0.742,579,0.767
94,Koffing,0.87060,793,0.732,559,0.741
95,Teddiursa,0.86984,764,0.705,505,0.669
96,Staryu,0.86903,797,0.736,542,0.718
97,Caterpie,0.86761,822,0.759,585,0.775
98,Drampa,0.86693,831,0.767,562,0.745
99,Tsareena,0.86661,766,0.707,529,0.701
100,Binacle,0.86633,816,0.753,564,0.747
101,Herdier,0.86571,830,0.766,556,0.737
102,Murkrow,0.86561,771,0.712,544,0.721
103,Zorua,0.86475,830,0.766,577,0.765
104,Yveltal,0.86463,831,0.767,602,0.798
105,Golbat,0.86422,869,0.802,627,0.831
106,Politoed,0.86311,859,0.793,608,0.806
107,Lugia,0.86177,814,0.751,567,0.751
108,Buneary,0.86066,878,0.810,615,0.815
109,Cottonee,0.86060,807,0.745,550,0.729
110,Serperior,0.86026,830,0.766,560,0.742
111,Noibat,0.86015,797,0.736,535,0.709
112,Mew,0.85983,843,0.778,584,0.774
113,Ivysaur,0.85938,829,0.765,565,0.749
114,Gothita,0.85933,852,0.786,557,0.738
115,Espeon,0.85922,843,0.778,603,0.799
116,Passimian,0.85864,857,0.791,589,0.780
117,Sneasel,0.85815,839,0.774,563,0.746
118,Omanyte,0.85776,828,0.764,562,0.745
119,Glameow,0.85749,849,0.784,588,0.779
120,Doublade,0.85738,828,0.764,624,0.827
121,Rhyhorn,0.85683,830,0.766,580,0.769
122,Illumise,0.85672,838,0.773,567,0.751
123,Weepinbell,0.85485,798,0.737,546,0.723
124,Abomasnow,0.85434,774,0.714,515,0.682
125,Monferno,0.85362,781,0.721,561,0.743
126,Regice,0.85355,832,0.768,561,0.743
127,Archeops,0.85280,788,0.727,552,0.731
128,Pelipper,0.85229,840,0.775,598,0.792
129,Combee,0.85112,810,0.748,557,0.738
130,Tranquill,0.85035,827,0.763,590,0.782
131,Corphish,0.84982,837,0.773,571,0.757
132,Scrafty,0.84972,827,0.763,563,0.746
133,Morelull,0.84959,873,0.806,597,0.791
134,Garchomp,0.84953,786,0.725,558,0.739
135,Litten,0.84895,829,0.765,591,0.783
136,Foongus,0.84818,821,0.758,581,0.770
137,Beedrill,0.84785,807,0.745,550,0.729
138,Eelektross,0.84760,740,0.683,538,0.713
139,Barboach,0.84668,838,0.773,613,0.812
140,Cacnea,0.84613,841,0.776,579,0.767
141,Heatran,0.84509,773,0.713,559,0.741
142,Sawsbuck,0.84498,875,0.808,603,0.799
143,Electivire,0.84483,849,0.784,594,0.787
144,Espurr,0.84470,782,0.722,535,0.709
145,Mantine,0.84406,796,0.735,547,0.725
146,Lucario,0.84297,824,0.761,587,0.778
147,Ralts,0.84273,866,0.799,586,0.776
148,Hoothoot,0.84199,811,0.749,570,0.755
149,Ferrothorn,0.84197,797,0.736,586,0.776
150,Lopunny,0.84183,862,0.796,599,0.794
151,Bisharp,0.84149,830,0.766,588,0.779
152,Slugma,0.84125,789,0.728,542,0.718
153,Zweilous,0.84083,802,0.740,565,0.749
154,Claydol,0.84075,788,0.727,559,0.741
155,Wigglytuff,0.83935,816,0.753,547,0.725
156,Grumpig,0.83852,805,0.743,557,0.738
157,Sylveon,0.83788,833,0.769,570,0.755
158,Scizor,0.83701,833,0.769,579,0.767
159,Gurdurr,0.83691,808,0.746,569,0.754
160,Type: Null,0.83691,772,0.713,535,0.709
161,Nuzleaf,0.83590,813,0.750,569,0.754
162,Stunfisk,0.83502,798,0.737,570,0.755
163,Toxapex,0.83444,865,0.798,624,0.827
164,Cosmog,0.83409,797,0.736,552,0.731
165,Rhydon,0.83385,797,0.736,570,0.755
166,Alakazam,0.83351,854,0.788,591,0.783
167,Sandile,0.83342,793,0.732,554,0.734
168,Mudkip,0.83132,810,0.748,568,0.753
169,Pansage,0.83023,823,0.760,559,0.741
170,Pheromosa,0.82975,773,0.713,518,0.686
171,Finneon,0.82930,832,0.768,564,0.747
172,Minun,0.82856,813,0.750,558,0.739
173,Riolu,0.82825,767,0.708,507,0.672
174,Dodrio,0.82797,798,0.737,557,0.738
175,Whismur,0.82673,838,0.773,579,0.767
176,Charizard,0.82594,849,0.784,620,0.822
177,Salamence,0.82584,744,0.687,511,0.677
178,Emolga,0.82496,742,0.685,534,0.708
179,Castform,0.82458,722,0.666,520,0.689
180,Chimchar,0.82458,807,0.745,554,0.734
181,Omastar,0.82457,790,0.729,543,0.720
182,Pyroar,0.82380,863,0.797,608,0.806
183,Spritzee,0.82353,830,0.766,560,0.742
184,Goldeen,0.82200,795,0.734,567,0.751
185,Nidorina,0.82075,812,0.749,581,0.770
186,Malamar,0.82042,817,0.754,586,0.776
187,Sunkern,0.82006,842,0.777,574,0.761
188,Scyther,0.81974,813,0.750,554,0.734
189,Relicanth,0.81930,771,0.712,538,0.713
190,Azumarill,0.81895,787,0.726,558,0.739
191,Whimsicott,0.81796,771,0.712,540,0.716
192,Hypno,0.81787,848,0.783,595,0.788
193,Mamoswine,0.81780,786,0.725,548,0.726
194,Cobalion,0.81698,782,0.722,561,0.743
195,Cubone,0.81692,810,0.748,540,0.716
196,Kangaskhan,0.81604,848,0.783,586,0.776
197,Lillipup,0.81562,806,0.744,554,0.734
198,Shroomish,0.81535,800,0.738,552,0.731
199,Tapu Bulu,0.81505,805,0.743,585,0.775
200,Tepig,0.81430,864,0.797,606,0.803
201,Shellos,0.81418,782,0.722,524,0.694
202,Cranidos,0.81342,801,0.739,538,0.713
203,Stunky,0.81328,840,0.775,585,0.775
204,Meloetta,0.81254,874,0.807,599,0.794
205,Magmortar,0.81224,772,0.713,519,0.688
206,Hippopotas,0.81148,835,0.771,549,0.727
207,Pyukumuku,0.81126,808,0.746,585,0.775
208,Victreebel,0.81059,825,0.761,570,0.755
209,Thundurus,0.81034,814,0.751,571,0.757
210,Mudsdale,0.80984,844,0.779,585,0.775
211,Chansey,0.80879,836,0.772,578,0.766
212,Abra,0.80851,784,0.724,529,0.701
213,Pineco,0.80830,850,0.785,571,0.757
214,Vileplume,0.80766,816,0.753,578,0.766
215,Diggersby,0.80729,839,0.774,595,0.788
216,Shelgon,0.80691,858,0.792,594,0.787
217,Marill,0.80637,833,0.769,590,0.782
218,Vivillon,0.80629,825,0.761,551,0.730
219,Ursaring,0.80609,841,0.776,587,0.778
220,Zygarde,0.80588,790,0.729,552,0.731
221,Wingull,0.80528,794,0.733,549,0.727
222,Latios,0.80455,859,0.793,597,0.791
223,Conkeldurr,0.80453,784,0.724,544,0.721
224,Dewott,0.80436,793,0.732,580,0.769
225,Dewpider,0.80436,794,0.733,526,0.697
226,Drapion,0.80431,775,0.715,566,0.750
227,Sealeo,0.80353,833,0.769,578,0.766
228,Floatzel,0.80299,795,0.734,579,0.767
229,Bergmite,0.80274,821,0.758,566,0.750
230,Probopass,0.80162,770,0.711,542,0.718
231,Goomy,0.79980,807,0.745,545,0.722
232,Phanpy,0.79954,826,0.762,568,0.753
233,Cherubi,0.79910,816,0.753,556,0.737
234,Feebas,0.79879,843,0.778,581,0.770
235,Dragonite,0.79869,822,0.759,591,0.783
236,Togekiss,0.79862,813,0.750,578,0.766
237,Solrock,0.79845,802,0.740,565,0.749
238,Ledian,0.79757,805,0.743,568,0.753
239,Roggenrola,0.79716,793,0.732,567,0.751
240,Magnemite,0.79700,860,0.794,594,0.787
241,Mankey,0.79551,792,0.731,556,0.737
242,Vikavolt,0.79545,783,0.723,542,0.718
243,Golduck,0.79531,805,0.743,555,0.735
244,Lotad,0.79473,775,0.715,509,0.674
245,Amoonguss,0.79442,823,0.760,557,0.738
246,Chatot,0.79433,802,0.740,556,0.737
247,Drifblim,0.79410,788,0.727,556,0.737
248,Venipede,0.79402,809,0.747,536,0.710
249,Decidueye,0.79310,825,0.761,583,0.773
250,Bayleef,0.79278,856,0.790,606,0.803
251,Roselia,0.79230,789,0.728,547,0.725
252,Magnezone,0.79203,836,0.772,581,0.770
253,Primeape,0.79196,811,0.749,550,0.729
254,Watchog,0.79186,845,0.780,599,0.794
255,Frogadier,0.79179,789,0.728,539,0.714
256,Genesect,0.79129,804,0.742,590,0.782
257,Seadra,0.79113,825,0.761,577,0.765
258,Cherrim,0.79112,807,0.745,554,0.734
259,Infernape,0.79100,848,0.783,585,0.775
260,Shiftry,0.79075,804,0.742,553,0.733
261,Sceptile,0.79053,812,0.749,587,0.778
262,Joltik,0.79030,771,0.712,549,0.727
263,Kingler,0.79022,822,0.759,590,0.782
264,Altaria,0.78961,791,0.730,563,0.746
265,Slakoth,0.78936,826,0.762,571,0.757
266,Karrablast,0.78916,787,0.726,531,0.704
267,Taillow,0.78905,850,0.785,590,0.782
268,Rockruff,0.78898,819,0.756,551,0.730
269,Spiritomb,0.78835,786,0.725,572,0.758
270,Flabebe,0.78760,847,0.782,569,0.754
271,Xerneas,0.78702,868,0.801,619,0.820
272,Zubat,0.78696,801,0.739,583,0.773
273,Ducklett,0.78532,769,0.710,502,0.665
274,Wartortle,0.78440,807,0.745,571,0.757
275,Swampert,0.78393,789,0.728,535,0.709
276,Roserade,0.78371,804,0.742,538,0.713
277,Pansear,0.78350,813,0.750,564,0.747
278,Guzzlord,0.78350,828,0.764,588,0.779
279,Smoochum,0.78346,867,0.800,566,0.750
280,Kartana,0.78317,831,0.767,584,0.774
281,Tentacruel,0.78290,827,0.763,589,0.780
282,Metang,0.78186,800,0.738,560,0.742
283,Sentret,0.78088,795,0.734,536,0.710
284,Absol,0.78051,812,0.749,552,0.731
285,Mimikyu,0.78021,787,0.726,566,0.750
286,Florges,0.78002,750,0.692,495,0.656
287,Slowbro,0.77991,771,0.712,541,0.717
288,Silvally,0.77981,785,0.725,555,0.735
289,Aegislash,0.77923,821,0.758,607,0.804
290,Mightyena,0.77803,768,0.709,549,0.727
291,Nihilego,0.77798,817,0.754,569,0.754
292,Shuckle,0.77766,798,0.737,570,0.755
293,Minccino,0.77753,781,0.721,537,0.712
294,Brionne,0.77727,792,0.731,561,0.743
295,Bounsweet,0.77675,769,0.710,511,0.677
296,Toxicroak,0.77604,788,0.727,542,0.718
297,Haxorus,0.77588,803,0.741,575,0.762
298,Pikipek,0.77562,884,0.816,608,0.806
299,Ditto,0.77443,821,0.758,597,0.791
300,Kabutops,0.77432,814,0.751,572,0.758
301,Galvantula,0.77376,839,0.774,600,0.795
302,Flareon,0.77305,830,0.766,588,0.779
303,Dragalge,0.77238,805,0.743,566,0.750
304,Sharpedo,0.77223,838,0.773,601,0.796
305,Scraggy,0.77136,811,0.749,557,0.738
306,Cradily,0.77130,830,0.766,564,0.747
307,Phantump,0.77100,808,0.746,580,0.769
308,Volcanion,0.77053,830,0.766,566,0.750
309,Hippowdon,0.77014,785,0.725,552,0.731
310,Remoraid,0.76993,776,0.716,545,0.722
311,Whiscash,0.76929,817,0.754,561,0.743
312,Octillery,0.76878,795,0.734,550,0.729
313,Huntail,0.76831,797,0.736,553,0.733
314,Chesnaught,0.76785,775,0.715,527,0.698
315,Gible,0.76746,836,0.772,591,0.783
316,Bagon,0.76664,828,0.764,562,0.745
317,Hoopa,0.76610,831,0.767,592,0.784
318,Klang,0.76608,804,0.742,576,0.763
319,Cryogonal,0.76528,855,0.789,584,0.774
320,Timburr,0.76380,799,0.737,561,0.743
321,Fraxure,0.76376,810,0.748,553,0.733
322,Slurpuff,0.76303,875,0.808,604,0.800
323,Donphan,0.76279,841,0.776,594,0.787
324,Honchkrow,0.76231,828,0.764,571,0.757
325,Munna,0.76229,790,0.729,551,0.730
326,Lickilicky,0.76191,807,0.745,571,0.757
327,Clauncher,0.76179,848,0.783,572,0.758
328,Zebstrika,0.76172,825,0.761,604,0.800
329,Swinub,0.76146,771,0.712,514,0.681
330,Trumbeak,0.76138,838,0.773,596,0.790
331,Rowlet,0.76039,850,0.785,578,0.766
332,Solosis,0.76023,852,0.786,626,0.829
333,Grovyle,0.75971,759,0.701,518,0.686
334,Archen,0.75935,804,0.742,540,0.716
335,Kingdra,0.75915,870,0.803,622,0.824
336,Leavanny,0.75904,821,0.758,562,0.745
337,Seismitoad,0.75873,775,0.715,557,0.738
338,Darkrai,0.75808,770,0.711,538,0.713
339,Swablu,0.75793,808,0.746,574,0.761
340,Porygon2,0.75757,838,0.773,563,0.746
341,Rapidash,0.75755,803,0.741,566,0.750
342,Furfrou,0.75717,795,0.734,555,0.735
343,Gastrodon,0.75693,805,0.743,591,0.783
344,Druddigon,0.75614,866,0.799,609,0.807
345,Onix,0.75592,794,0.733,552,0.731
346,Dusknoir,0.75585,791,0.730,561,0.743
347,Bellossom,0.75560,795,0.734,544,0.721
348,Azelf,0.75491,853,0.787,588,0.779
349,Vibrava,0.75480,775,0.715,553,0.733
350,Flygon,0.75457,769,0.710,526,0.697
351,Quagsire,0.75384,804,0.742,565,0.749
352,Parasect,0.75326,749,0.691,515,0.682
353,Bouffalant,0.75325,817,0.754,572,0.758
354,Ledyba,0.75273,831,0.767,579,0.767
355,Tirtouga,0.75269,811,0.749,566,0.750
356,Dragonair,0.75231,779,0.719,555,0.735
357,Venusaur,0.75194,827,0.763,593,0.786
358,Charjabug,0.75188,788,0.727,551,0.730
359,Electabuzz,0.75188,804,0.742,581,0.770
360,Barbaracle,0.75187,867,0.800,596,0.790
361,Rufflet,0.75162,792,0.731,569,0.754
362,Blaziken,0.75096,834,0.770,600,0.795
363,Celebi,0.74950,827,0.763,563,0.746
364,Swadloon,0.74934,855,0.789,616,0.816
365,Munchlax,0.74933,802,0.740,556,0.737
366,Furret,0.74861,808,0.746,593,0.786
367,Linoone,0.74837,822,0.759,566,0.750
368,Togedemaru,0.74789,840,0.775,604,0.800
369,Weavile,0.74789,789,0.728,537,0.712
370,Ambipom,0.74772,781,0.721,557,0.738
371,Duskull,0.74712,782,0.722,557,0.738
372,Articuno,0.74702,857,0.791,600,0.795
373,Mareep,0.74683,836,0.772,581,0.770
374,Froakie,0.74656,786,0.725,534,0.708
375,Makuhita,0.74646,809,0.747,531,0.704
376,Treecko,0.74546,804,0.742,559,0.741
377,Mareanie,0.74537,816,0.753,576,0.763
378,Skorupi,0.74467,800,0.738,540,0.716
379,Cleffa,0.74458,792,0.731,541,0.717
380,Clefairy,0.74418,815,0.752,589,0.780
381,Sawk,0.74376,808,0.746,564,0.747
382,Torkoal,0.74367,831,0.767,586,0.776
383,Kricketot,0.74365,804,0.742,540,0.716
384,Suicune,0.74324,864,0.797,615,0.815
385,Tauros,0.74320,828,0.764,568,0.753
386,Kadabra,0.74292,824,0.761,553,0.733
387,Vespiquen,0.74269,823,0.760,576,0.763
388,Crawdaunt,0.74242,835,0.771,578,0.766
389,Voltorb,0.74238,794,0.733,544,0.721
390,Growlithe,0.74235,772,0.713,548,0.726
391,Tyrunt,0.74228,843,0.778,582,0.771
392,Marshadow,0.74145,762,0.703,550,0.729
393,Gigalith,0.74143,815,0.752,558,0.739
394,Ariados,0.74098,771,0.712,535,0.709
395,Minior,0.74087,745,0.688,533,0.706
396,Steenee,0.74054,839,0.774,561,0.743
397,Darmanitan,0.74026,775,0.715,534,0.708
398,Seaking,0.74015,759,0.701,516,0.684
399,NidoranF,0.73998,837,0.773,578,0.766
400,Blitzle,0.73949,849,0.784,602,0.798
401,Stantler,0.73909,812,0.749,558,0.739
402,Magby,0.73871,795,0.734,565,0.749
403,Swirlix,0.73853,781,0.721,541,0.717
404,Doduo,0.73827,818,0.755,569,0.754
405,Stoutland,0.73803,773,0.713,522,0.692
406,Tornadus,0.73802,862,0.796,608,0.806
407,Togetic,0.73787,830,0.766,583,0.773
408,Zoroark,0.73761,841,0.776,590,0.782
409,Lairon,0.73730,834,0.770,573,0.759
410,Gogoat,0.73718,792,0.731,562,0.745
411,Gliscor,0.73707,820,0.757,580,0.769
412,Shellder,0.73703,807,0.745,565,0.749
413,Litleo,0.73666,770,0.711,538,0.713
414,Basculin,0.73645,845,0.780,596,0.790
415,Metagross,0.73631,804,0.742,560,0.742
416,Gligar,0.73629,847,0.782,606,0.803
417,Glaceon,0.73627,800,0.738,511,0.677
418,Machamp,0.73581,780,0.720,520,0.689
419,Bewear,0.73572,745,0.688,528,0.700
420,Oranguru,0.73516,827,0.763,566,0.750
421,Noivern,0.73492,806,0.744,566,0.750
422,Empoleon,0.73491,792,0.731,583,0.773
423,Alomomola,0.73435,812,0.749,569,0.754
424,Darumaka,0.73418,818,0.755,574,0.761
425,Ninjask,0.73306,780,0.720,549,0.727
426,Durant,0.73140,812,0.749,576,0.763
427,Hitmonchan,0.73102,788,0.727,563,0.746
428,Camerupt,0.73083,834,0.770,570,0.755
429,Granbull,0.73080,789,0.728,527,0.698
430,Torracat,0.72974,834,0.770,586,0.776
431,Silcoon,0.72929,813,0.750,591,0.783
432,Simisear,0.72914,794,0.733,592,0.784
433,Larvesta,0.72870,840,0.775,579,0.767
434,Kecleon,0.72865,825,0.761,576,0.763
435,Spinda,0.72857,813,0.750,561,0.743
436,Zekrom,0.72830,800,0.738,571,0.757
437,Smeargle,0.72828,831,0.767,566,0.750
438,Gorebyss,0.72819,808,0.746,563,0.746
439,Kyogre,0.72810,788,0.727,551,0.730
440,Moltres,0.72795,796,0.735,583,0.773
441,Plusle,0.72725,799,0.737,576,0.763
442,Weezing,0.72618,784,0.724,577,0.765
443,Carbink,0.72616,787,0.726,556,0.737
444,Pinsir,0.72615,790,0.729,545,0.722
445,Purugly,0.72565,797,0.736,550,0.729
446,Tangela,0.72548,843,0.778,571,0.757
447,Magcargo,0.72543,789,0.728,543,0.720
448,Manectric,0.72448,795,0.734,553,0.733
449,Mawile,0.72427,835,0.771,596,0.790
450,Bronzor,0.72420,836,0.772,601,0.796
451,Shuppet,0.72366,835,0.771,589,0.780
452,Beartic,0.72346,792,0.731,538,0.713
453,Sudowoodo,0.72320,801,0.739,570,0.755
454,Volbeat,0.72309,799,0.737,546,0.723
455,Horsea,0.72287,851,0.785,580,0.769
456,Bronzong,0.72267,844,0.779,606,0.803
457,Dedenne,0.72261,834,0.770,591,0.783
458,Dhelmise,0.72210,785,0.725,538,0.713
459,Pawniard,0.72153,811,0.749,586,0.776
460,Lanturn,0.72114,769,0.710,547,0.725
461,Piplup,0.72099,846,0.781,580,0.769
462,Celesteela,0.72079,808,0.746,574,0.761
463,Natu,0.72061,754,0.696,543,0.720
464,Pignite,0.72023,770,0.711,564,0.747
465,Magikarp,0.71992,809,0.747,604,0.800
466,Reshiram,0.71982,806,0.744,567,0.751
467,Magneton,0.71968,764,0.705,581,0.770
468,Groudon,0.71903,795,0.734,567,0.751
469,Charmeleon,0.71900,826,0.762,598,0.792
470,Sunflora,0.71894,812,0.749,574,0.761
471,Dialga,0.71882,772,0.713,540,0.716
472,Bastiodon,0.71858,816,0.753,583,0.773
473,Nosepass,0.71826,812,0.749,560,0.742
474,Bibarel,0.71819,802,0.740,565,0.749
475,Venonat,0.71797,800,0.738,539,0.714
476,Igglybuff,0.71733,795,0.734,549,0.727
477,Ponyta,0.71705,766,0.707,544,0.721
478,Beautifly,0.71660,799,0.737,565,0.749
479,Butterfree,0.71659,778,0.718,551,0.730
480,Frillish,0.71627,779,0.719,552,0.731
481,Palpitoad,0.71516,797,0.736,551,0.730
482,Ludicolo,0.71473,810,0.748,579,0.767
483,Turtwig,0.71454,802,0.740,544,0.721
484,Manaphy,0.71436,767,0.708,540,0.716
485,Mr. Mime,0.71434,743,0.686,531,0.704
486,Gothitelle,0.71406,810,0.748,549,0.727
487,Hakamo-o,0.71398,797,0.736,583,0.773
488,Spewpa,0.71391,833,0.769,557,0.738
489,Turtonator,0.71376,844,0.779,601,0.796
490,Pidgey,0.71314,801,0.739,555,0.735
491,Golett,0.71253,796,0.735,565,0.749
492,Mantyke,0.71108,843,0.778,575,0.762
493,Hawlucha,0.71063,777,0.717,558,0.739
494,Hydreigon,0.71028,804,0.742,553,0.733
495,Farfetch'd,0.71027,781,0.721,549,0.727
496,Sableye,0.70984,803,0.741,578,0.766
497,Loudred,0.70966,789,0.728,548,0.726
498,Mudbray,0.70941,795,0.734,527,0.698
499,Crustle,0.70914,846,0.781,587,0.778
500,Corsola,0.70905,799,0.737,537,0.712
501,Zigzagoon,0.70905,853,0.787,605,0.802
502,Cosmoem,0.70896,796,0.735,571,0.757
503,Starmie,0.70890,771,0.712,543,0.720
504,Giratina,0.70825,827,0.763,601,0.796
505,Dunsparce,0.70771,761,0.702,540,0.716
506,Tynamo,0.70707,850,0.785,613,0.812
507,Pangoro,0.70707,808,0.746,554,0.734
508,Fletchinder,0.70706,760,0.701,527,0.698
509,Poochyena,0.70626,812,0.749,542,0.718
510,Dewgong,0.70571,859,0.793,601,0.796
511,Arbok,0.70565,800,0.738,567,0.751
512,Braviary,0.70532,818,0.755,571,0.757
513,Slowking,0.70507,786,0.725,544,0.721
514,Victini,0.70475,814,0.751,567,0.751
515,Solgaleo,0.70449,810,0.748,601,0.796
516,Squirtle,0.70429,837,0.773,589,0.780
517,Avalugg,0.70388,805,0.743,565,0.749
518,Lumineon,0.70386,833,0.769,574,0.761
519,Jellicent,0.70379,854,0.788,615,0.815
520,Leafeon,0.70355,797,0.736,549,0.727
521,Golurk,0.70304,813,0.750,579,0.767
522,Haunter,0.70296,816,0.753,597,0.791
523,Quilladin,0.70206,845,0.780,574,0.761
524,Deoxys,0.70185,818,0.755,575,0.762
525,Oddish,0.70162,829,0.765,573,0.759
526,Yanmega,0.70122,844,0.779,583,0.773
527,Skiddo,0.70111,788,0.727,533,0.706
528,Zangoose,0.70083,787,0.726,561,0.743
529,Arcanine,0.70053,797,0.736,569,0.754
530,Cofagrigus,0.70039,806,0.744,602,0.798
531,Necrozma,0.69981,824,0.761,596,0.790
532,Samurott,0.69875,810,0.748,571,0.757
533,Snivy,0.69858,833,0.769,570,0.755
534,Shiinotic,0.69820,815,0.752,577,0.765
535,Dustox,0.69818,827,0.763,549,0.727
536,Eevee,0.69809,775,0.715,538,0.713
537,Porygon,0.69764,810,0.748,545,0.722
538,Kabuto,0.69740,762,0.703,522,0.692
539,Honedge,0.69732,774,0.714,573,0.759
540,Mime Jr.,0.69687,835,0.771,575,0.762
541,Araquanid,0.69670,826,0.762,571,0.757
542,Xatu,0.69642,842,0.777,585,0.775
543,Charmander,0.69465,828,0.764,579,0.767
544,Uxie,0.69350,815,0.752,565,0.749
545,Drowzee,0.69346,827,0.763,553,0.733
546,Hariyama,0.69308,800,0.738,555,0.735
547,Hitmontop,0.69285,786,0.725,551,0.730
548,Wishiwashi,0.69269,770,0.711,533,0.706
549,Ho-Oh,0.69248,825,0.761,574,0.761
550,Tapu Koko,0.69220,792,0.731,579,0.767
551,Seedot,0.69218,766,0.707,528,0.700
552,Fletchling,0.69156,810,0.748,563,0.746
553,Musharna,0.69149,842,0.777,581,0.770
554,Wooper,0.69117,867,0.800,589,0.780
555,Shaymin,0.69112,832,0.768,574,0.761
556,Aggron,0.69042,810,0.748,591,0.783
557,Regigigas,0.68971,795,0.734,555,0.735
558,Nidoking,0.68851,819,0.756,586,0.776
559,Pumpkaboo,0.68786,815,0.752,551,0.730
560,Psyduck,0.68725,865,0.798,579,0.767
561,Venomoth,0.68692,831,0.767,571,0.757
562,Blissey,0.68574,791,0.730,531,0.704
563,Servine,0.68567,778,0.718,530,0.702
564,Spoink,0.68398,847,0.782,547,0.725
565,Deerling,0.68323,805,0.743,557,0.738
566,Gyarados,0.68292,817,0.754,580,0.769
567,Vullaby,0.68227,830,0.766,597,0.791
568,Cresselia,0.68205,811,0.749,578,0.766
569,Kakuna,0.68159,861,0.795,598,0.792
570,Budew,0.68145,838,0.773,573,0.759
571,Palossand,0.68106,780,0.720,546,0.723
572,Cutiefly,0.68063,779,0.719,545,0.722
573,Goodra,0.68031,829,0.765,576,0.763
574,Beheeyem,0.67758,787,0.726,550,0.729
575,Lombre,0.67741,795,0.734,558,0.739
576,Liepard,0.67698,808,0.746,551,0.730
577,Axew,0.67686,808,0.746,536,0.710
578,Meditite,0.67599,876,0.809,615,0.815
579,Electrike,0.67581,791,0.730,541,0.717
580,Simipour,0.67574,834,0.770,607,0.804
581,Rhyperior,0.67557,795,0.734,577,0.765
582,Aromatisse,0.67505,784,0.724,534,0.708
583,Nidorino,0.67400,841,0.776,583,0.773
584,Clefable,0.67397,809,0.747,572,0.758
585,Umbreon,0.67344,853,0.787,623,0.826
586,Tyrantrum,0.67341,829,0.765,571,0.757
587,Emboar,0.67322,829,0.765,584,0.774
588,Armaldo,0.67309,816,0.753,534,0.708
589,Misdreavus,0.67284,800,0.738,589,0.780
590,Paras,0.67274,867,0.800,571,0.757
591,Grubbin,0.67255,817,0.754,558,0.739
592,Keldeo,0.67157,796,0.735,564,0.747
593,Delcatty,0.67087,809,0.747,574,0.761
594,Luxray,0.67058,789,0.728,552,0.731
595,Maractus,0.67019,821,0.758,558,0.739
596,Milotic,0.66938,832,0.768,579,0.767
597,Cubchoo,0.66895,849,0.784,555,0.735
598,Croagunk,0.66827,804,0.742,553,0.733
599,Petilil,0.66735,824,0.761,543,0.720
600,Gulpin,0.66725,797,0.736,558,0.739
601,Dartrix,0.66714,772,0.713,529,0.701
602,Wynaut,0.66700,805,0.743,565,0.749
603,Buzzwole,0.66691,812,0.749,550,0.729
604,Elgyem,0.66564,828,0.764,565,0.749
605,Pachirisu,0.66552,846,0.781,577,0.765
606,Ferroseed,0.66485,782,0.722,555,0.735
607,Quilava,0.66449,819,0.756,584,0.774
608,Jangmo-o,0.66438,835,0.771,578,0.766
609,Heliolisk,0.66422,802,0.740,582,0.771
610,Jolteon,0.66410,830,0.766,592,0.784
611,Poliwhirl,0.66349,817,0.754,576,0.763
612,Mienshao,0.66325,788,0.727,540,0.716
613,Cascoon,0.66270,781,0.721,570,0.755
614,Ekans,0.66181,862,0.796,596,0.790
615,Ampharos,0.66178,815,0.752,558,0.739
616,Skrelp,0.66041,804,0.742,548,0.726
617,Shelmet,0.65992,815,0.752,570,0.755
618,Pidgeotto,0.65888,834,0.770,589,0.780
619,Arceus,0.65865,819,0.756,604,0.800
620,Gallade,0.65861,818,0.755,561,0.743
621,Spheal,0.65731,840,0.775,577,0.765
622,Excadrill,0.65631,782,0.722,548,0.726
623,Froslass,0.65629,796,0.735,545,0.722
624,Luxio,0.65586,833,0.769,580,0.769
625,Togepi,0.65554,789,0.728,548,0.726
626,Lunatone,0.65535,783,0.723,536,0.710
627,Torchic,0.65501,787,0.726,534,0.708
628,Kricketune,0.65479,725,0.669,513,0.680
629,Deino,0.65478,860,0.794,588,0.779
630,Clamperl,0.65457,796,0.735,548,0.726
631,Salazzle,0.65445,783,0.723,567,0.751
632,Litwick,0.65401,848,0.783,608,0.806
633,Lileep,0.65387,841,0.776,604,0.800
634,Bonsly,0.65374,810,0.748,549,0.727
635,Blastoise,0.65369,798,0.737,569,0.754
636,Sewaddle,0.65330,825,0.761,538,0.713
637,Klinklang,0.65324,808,0.746,579,0.767
638,Mothim,0.65315,763,0.704,510,0.676
639,Sliggoo,0.65280,854,0.788,599,0.794
640,Meganium,0.65257,774,0.714,546,0.723
641,Ribombee,0.65213,802,0.740,549,0.727
642,Combusken,0.65171,780,0.720,550,0.729
643,Swalot,0.65153,776,0.716,555,0.735
644,Nidoqueen,0.65146,793,0.732,543,0.720
645,Mesprit,0.65116,823,0.760,610,0.808
646,Volcarona,0.65015,786,0.725,563,0.746
647,Tapu Fini,0.65009,797,0.736,561,0.743
648,Amaura,0.64984,813,0.750,528,0.700
649,Unfezant,0.64921,837,0.773,594,0.787
650,Chikorita,0.64762,784,0.724,546,0.723
651,Yungoos,0.64693,834,0.770,582,0.771
652,Trevenant,0.64670,827,0.763,604,0.800
653,Machoke,0.64564,829,0.765,594,0.787
654,Sandygast,0.64396,795,0.734,568,0.753
655,Crabrawler,0.64367,826,0.762,553,0.733
656,Prinplup,0.64351,801,0.739,563,0.746
657,Steelix,0.64174,842,0.777,597,0.791
658,Bunnelby,0.64126,772,0.713,517,0.685
659,Whirlipede,0.64104,790,0.729,545,0.722
660,Shinx,0.64059,825,0.761,545,0.722
661,Feraligatr,0.63961,769,0.710,557,0.738
662,Houndour,0.63923,816,0.753,565,0.749
663,Oricorio,0.63894,759,0.701,536,0.710
664,Aurorus,0.63829,847,0.782,571,0.757
665,Poliwag,0.63821,822,0.759,569,0.754
666,Vanillish,0.63795,792,0.731,543,0.720
667,Mismagius,0.63779,783,0.723,561,0.743
668,Electrode,0.63739,792,0.731,572,0.758
669,Yanma,0.63704,825,0.761,594,0.787
670,Kommo-o,0.63630,779,0.719,549,0.727
671,Wurmple,0.63512,785,0.725,533,0.706
672,Tympole,0.63506,778,0.718,522,0.692
673,Krookodile,0.63463,755,0.697,510,0.676
674,Entei,0.63335,820,0.757,573,0.759
675,Lapras,0.63282,811,0.749,578,0.766
676,Breloom,0.63273,824,0.761,553,0.733
677,Trapinch,0.63252,782,0.722,532,0.705
678,Braixen,0.63242,788,0.727,515,0.682
679,Girafarig,0.63177,799,0.737,545,0.722
680,Scatterbug,0.63159,864,0.797,582,0.771
681,Weedle,0.63131,808,0.746,545,0.722
682,Seviper,0.62972,803,0.741,566,0.750
683,Croconaw,0.62904,853,0.787,572,0.758
684,Numel,0.62875,832,0.768,557,0.738
685,Carvanha,0.62833,808,0.746,544,0.721
686,Meowstic,0.62753,821,0.758,580,0.769
687,Cyndaquil,0.62733,805,0.743,573,0.759
688,Tyrogue,0.62712,789,0.728,526,0.697
689,Dusclops,0.62689,767,0.708,562,0.745
690,Helioptile,0.62681,777,0.717,544,0.721
691,Gardevoir,0.62639,766,0.707,549,0.727
692,Dwebble,0.62556,789,0.728,556,0.737
693,Snorunt,0.62535,859,0.793,558,0.739
694,Surskit,0.62446,817,0.754,547,0.725
695,Metapod,0.62288,825,0.761,577,0.765
696,Skiploom,0.62271,758,0.700,507,0.672
697,Hitmonlee,0.62251,809,0.747,556,0.737
698,Larvitar,0.62215,848,0.783,581,0.770
699,Chespin,0.61997,822,0.759,546,0.723
700,Carracosta,0.61969,830,0.766,575,0.762
701,Accelgor,0.61909,819,0.756,585,0.775
702,Fearow,0.61811,778,0.718,555,0.735
703,Seel,0.61769,793,0.732,568,0.753
704,Woobat,0.61678,758,0.700,539,0.714
705,Oshawott,0.61658,824,0.761,588,0.779
706,Boldore,0.61566,804,0.742,560,0.742
707,Panpour,0.61339,779,0.719,525,0.696
708,Tyranitar,0.61320,794,0.733,555,0.735
709,Anorith,0.61251,798,0.737,553,0.733
710,Glalie,0.61247,832,0.768,565,0.749
711,Latias,0.61243,775,0.715,566,0.750
712,Cloyster,0.61205,774,0.714,533,0.706
713,Aerodactyl,0.61184,777,0.717,544,0.721
714,Registeel,0.61018,800,0.738,560,0.742
715,Sigilyph,0.60949,817,0.754,554,0.734
716,Raikou,0.60740,779,0.719,561,0.743
717,Lickitung,0.60739,779,0.719,528,0.700
718,Delphox,0.60573,814,0.751,564,0.747
719,Komala,0.60560,817,0.754,552,0.731
720,Bulbasaur,0.60440,806,0.744,558,0.739
721,Stufful,0.60414,794,0.733,539,0.714
722,Burmy,0.60349,814,0.751,569,0.754
723,Marshtomp,0.60276,790,0.729,568,0.753
724,Comfey,0.60268,782,0.722,574,0.761
725,Snover,0.60136,776,0.716,512,0.678
726,Spinarak,0.60033,856,0.790,578,0.766
727,Gumshoos,0.59973,823,0.760,569,0.754
728,NidoranM,0.59954,793,0.732,550,0.729
729,Escavalier,0.59892,791,0.730,551,0.730
730,Typhlosion,0.59738,793,0.732,558,0.739
731,Jynx,0.59564,783,0.723,530,0.702
732,Patrat,0.59554,775,0.715,526,0.697
733,Incineroar,0.59395,851,0.785,598,0.792
734,Diancie,0.59320,798,0.737,549,0.727
735,Totodile,0.59286,820,0.757,555,0.735
736,Snubbull,0.59110,806,0.744,550,0.729
737,Heracross,0.59104,772,0.713,541,0.717
738,Pancham,0.59078,788,0.727,536,0.710
739,Palkia,0.58985,782,0.722,551,0.730
740,Chimecho,0.58979,791,0.730,533,0.706
741,Forretress,0.58942,773,0.713,583,0.773
742,Drifloon,0.58934,787,0.726,521,0.690
743,Skitty,0.58865,827,0.763,556,0.737
744,Baltoy,0.58675,771,0.712,544,0.721
745,Wailmer,0.58669,846,0.781,590,0.782
746,Carnivine,0.58554,811,0.749,521,0.690
747,Chinchou,0.58304,781,0.721,542,0.718
748,Noctowl,0.58144,766,0.707,526,0.697
749,Reuniclus,0.58121,776,0.716,544,0.721
750,Lampent,0.57974,773,0.713,534,0.708
751,Unown,0.57964,740,0.683,525,0.696
752,Primarina,0.57922,820,0.757,566,0.750
753,Snorlax,0.57874,779,0.719,540,0.716
754,Fomantis,0.57735,815,0.752,558,0.739
755,Houndoom,0.56940,789,0.728,530,0.702
756,Crobat,0.56904,808,0.746,582,0.771
757,Tentacool,0.56773,772,0.713,522,0.692
758,Swoobat,0.56612,780,0.720,542,0.718
759,Krokorok,0.56349,793,0.732,548,0.726
760,Gothorita,0.56127,800,0.738,541,0.717
761,Starly,0.56113,816,0.753,591,0.783
762,Shedinja,0.55883,740,0.683,465,0.616
763,Luvdisc,0.54865,804,0.742,554,0.734
764,Vanilluxe,0.54583,779,0.719,490,0.649
765,Vanillite,0.54300,745,0.688,488,0.647
766,Walrein,0.54119,815,0.752,559,0.741
767,Beldum,0.54057,810,0.748,577,0.765
768,Chingling,0.53428,782,0.722,531,0.704
769,Wobbuffet,0.53105,798,0.737,550,0.729
770,Popplio,0.53019,776,0.716,548,0.726
771,Eelektrik,0.52044,770,0.711,537,0.712
772,Delibird,0.51342,776,0.716,509,0.674
773,Elekid,0.51280,761,0.702,545,0.722
774,Vigoroth,0.50667,778,0.718,526,0.697
775,Pupitar,0.49990,782,0.722,531,0.704
776,Persian,0.49925,417,0.385,282,0.374
777,Raichu,0.48762,412,0.380,288,0.382
778,Exeggutor,0.48668,448,0.413,303,0.401
779,Dratini,0.48587,822,0.759,548,0.726
780,Sandslash-Alola,0.48454,433,0.400,310,0.411
781,Inkay,0.48215,781,0.721,527,0.698
782,Raichu-Alola,0.47569,414,0.382,294,0.390
783,Lycanroc,0.47529,414,0.382,290,0.384
784,Miltank,0.47113,763,0.704,537,0.712
785,Vulpix-Alola,0.45452,405,0.374,282,0.374
786,Graveler-Alola,0.44891,445,0.411,309,0.409
787,Vulpix,0.44636,430,0.397,290,0.384
788,Raticate,0.43036,394,0.364,280,0.371
789,Meowth-Alola,0.42505,397,0.366,265,0.351
790,Marowak-Alola,0.42486,416,0.384,302,0.400
791,Raticate-Alola,0.41524,377,0.348,253,0.335
792,Floette,0.40420,398,0.367,271,0.359
793,Ninetales-Alola,0.40274,380,0.351,266,0.352
794,Sandshrew-Alola,0.39348,387,0.357,263,0.348
795,Dugtrio,0.39340,397,0.366,267,0.354
796,Greninja-Ash,0.38926,399,0.368,296,0.392
797,Exeggutor-Alola,0.38720,413,0.381,275,0.364
798,Lycanroc-Midnight,0.38097,421,0.389,293,0.388
799,Muk-Alola,0.37535,412,0.380,277,0.367
800,Greninja,0.37457,421,0.389,298,0.395
801,Floette-Eternal,0.37131,380,0.351,262,0.347
802,Rattata,0.37042,419,0.387,298,0.395
803,Golem-Alola,0.37034,401,0.370,289,0.383
804,Sandshrew,0.36614,415,0.383,290,0.384
805,Geodude,0.36144,390,0.360,265,0.351
806,Rattata-Alola,0.34723,405,0.374,289,0.383
807,Diglett-Alola,0.33484,426,0.393,300,0.398
808,Sandslash,0.33381,395,0.365,268,0.355
809,Grimer-Alola,0.32615,402,0.371,295,0.391
810,Persian-Alola,0.31740,392,0.362,262,0.347
811,Golem,0.31615,407,0.376,288,0.382
812,Grimer,0.30789,376,0.347,266,0.352
813,Muk,0.30459,386,0.356,265,0.351
814,Diglett,0.30322,401,0.370,272,0.360
815,Ninetales,0.30145,437,0.403,297,0.394
816,Meowth,0.29691,408,0.377,273,0.362
817,Marowak,0.28469,405,0.374,291,0.386
818,Wormadam,0.28461,266,0.246,170,0.225
819,Geodude-Alola,0.27581,356,0.329,255,0.338
820,Graveler,0.27215,399,0.368,270,0.358
821,Wormadam-Trash,0.25948,276,0.255,194,0.257
822,Kyurem-Black,0.24375,275,0.254,203,0.269
823,Kyurem,0.23833,290,0.268,200,0.265
824,Wormadam-Sandy,0.22483,278,0.257,190,0.252
825,Dugtrio-Alola,0.21267,388,0.358,280,0.371
826,Kyurem-White,0.20506,293,0.270,201,0.266
827,Rotom-Frost,0.18713,133,0.123,95,0.126
828,Rotom-Heat,0.13914,125,0.115,96,0.127
829,Rotom-Mow,0.13870,155,0.143,105,0.139
830,Rotom,0.11130,136,0.126,97,0.129
831,Rotom-Wash,0.10464,147,0.136,103,0.136
832,Rotom-Fan,0.07984,139,0.128,103,0.136
833,Audino-Mega,0.03094,6,0.006,2,0.003
834,Salamence-Mega,0.01350,3,0.003,3,0.004
835,Sharpedo-Mega,0.01225,5,0.005,3,0.004
836,Abomasnow-Mega,0.01150,3,0.003,1,0.001
837,Scizor-Mega,0.01111,4,0.004,3,0.004
838,Mewtwo-Mega-Y,0.00787,3,0.003,2,0.003
839,Charizard-Mega-Y,0.00644,3,0.003,3,0.004
840,Blastoise-Mega,0.00628,2,0.002,2,0.003
841,Aggron-Mega,0.00576,3,0.003,2,0.003
842,Banette-Mega,0.00485,4,0.004,3,0.004
843,Glalie-Mega,0.00417,3,0.003,3,0.004
844,Mewtwo-Mega-X,0.00354,6,0.006,5,0.007
845,Garchomp-Mega,0.00337,3,0.003,3,0.004
846,Metagross-Mega,0.00314,4,0.004,3,0.004
847,Absol-Mega,0.00202,1,0.001,1,0.001
848,Camerupt-Mega,0.00180,1,0.001,1,0.001
849,Lopunny-Mega,0.00157,5,0.005,2,0.003
850,Gallade-Mega,0.00157,2,0.002,2,0.003
851,Kyogre-Primal,0.00127,4,0.004,3,0.004
852,Blaziken-Mega,0.00096,3,0.003,2,0.003
853,Gardevoir-Mega,0.00061,2,0.002,1,0.001
854,Sceptile-Mega,0.00060,6,0.006,5,0.007
855,Sableye-Mega,0.00022,4,0.004,3,0.004
856,Latios-Mega,0.00022,3,0.003,3,0.004
857,Kangaskhan-Mega,0.00016,2,0.002,1,0.001
858,Heracross-Mega,0.00012,2,0.002,2,0.003
859,Latias-Mega,0.00006,3,0.003,3,0.004
860,Houndoom-Mega,0.00005,2,0.002,1,0.001
861,Steelix-Mega,0.00004,3,0.003,3,0.004
862,Beedrill-Mega,0.00004,4,0.004,2,0.003
863,Charizard-Mega-X,0.00002,1,0.001,1,0.001
864,Aerodactyl-Mega,0.00002,3,0.003,2,0.003
865,Slowbro-Mega,0.00000,5,0.005,3,0.004
866,Diancie-Mega,0.00000,3,0.003,3,0.004
867,Lucario-Mega,0.00000,4,0.004,3,0.004
868,Alakazam-Mega,0.00000,2,0.002,2,0.003
869,Medicham-Mega,0.00000,5,0.005,5,0.007
870,Pidgeot-Mega,0.00000,3,0.003,2,0.003
871,Ampharos-Mega,0.00000,2,0.002,1,0.001
872,Manectric-Mega,0.00000,1,0.001,0,0.000
873,Rayquaza-Mega,0.00000,1,0.001,1,0.001
874,Gyarados-Mega,0.00000,3,0.003,2,0.003
875,Tyranitar-Mega,0.00000,2,0.002,1,0.001
876,Gengar-Mega,0.00000,1,0.001,1,0.001
877,Swampert-Mega,0.00000,1,0.001,0,0.000
878,Pinsir-Mega,0.00000,1,0.001,1,0.001
879,Venusaur-Mega,0.00000,1,0.001,1,0.001
