 Total battles: 191864
 Avg. weight/team: 0.648
Rank,Pokemon,Usage percentage,Raw,Raw percentage,Real,Real percentage
1,Gyarados-Mega,16.34433,45375,11.523,14689,22.968
2,Kyurem-Black,13.86860,37957,9.639,12935,20.225
3,Mimikyu,9.70609,34179,8.680,13144,20.552
4,Charizard-Mega-X,9.43222,33325,8.463,12279,19.200
5,Charizard-Mega-Y,7.23069,24101,6.120,8553,13.374
6,Tapu Koko,7.12686,20706,5.258,7021,10.978
7,Porygon-Z,6.69425,21677,5.505,7755,12.126
8,Aegislash,5.93241,19134,4.859,6241,9.758
9,Donphan,5.59634,14841,3.769,5327,8.329
10,Greninja,5.32285,19842,5.039,6875,10.750
11,Jirachi,5.27105,16260,4.129,6378,9.973
12,Metagross-Mega,5.13540,16308,4.141,5400,8.443
13,Tapu Lele,5.11878,14864,3.775,4872,7.618
14,Kartana,4.97517,16779,4.261,5257,8.220
15,Dragonite,4.68045,15629,3.969,5587,8.736
16,Magnezone,4.62417,12810,3.253,4583,7.166
17,Venusaur-Mega,4.16764,14465,3.673,4470,6.989
18,Celesteela,3.78465,12326,3.130,3910,6.114
19,Alakazam-Mega,3.68173,15739,3.997,5264,8.231
20,Pheromosa,3.32084,11659,2.961,3903,6.103
21,Crustle,3.25797,8854,2.248,3101,4.849
22,Garchomp,3.14986,11517,2.925,3755,5.871
23,Magearna,3.10391,9061,2.301,2830,4.425
24,Snorlax,2.98986,10733,2.726,4295,6.716
25,Durant,2.98908,7947,2.018,2595,4.058
26,Gengar-Mega,2.59753,10177,2.584,3715,5.809
27,Golem,2.56911,7061,1.793,2473,3.867
28,Primarina,2.51262,8167,2.074,3764,5.885
29,Pinsir-Mega,2.33058,7419,1.884,2292,3.584
30,Lucario-Mega,2.29134,10553,2.680,3873,6.056
31,Sableye-Mega,2.28062,8114,2.061,2887,4.514
32,Whimsicott,2.19755,7790,1.978,2890,4.519
33,Sawk,2.18190,6609,1.678,2522,3.943
34,Genesect,2.14186,6264,1.591,2308,3.609
35,Chansey,2.09545,7009,1.780,2370,3.706
36,Breloom,2.09236,7713,1.959,2236,3.496
37,Haxorus,2.03776,6395,1.624,2421,3.785
38,Slowbro-Mega,1.96685,5982,1.519,1792,2.802
39,Ferrothorn,1.96644,7531,1.912,2624,4.103
40,Victini,1.85485,6441,1.636,2541,3.973
41,Scizor-Mega,1.68857,6263,1.590,2135,3.338
42,Blastoise-Mega,1.68024,6152,1.562,2062,3.224
43,Landorus-Therian,1.65053,5121,1.300,1798,2.811
44,Smeargle,1.56898,8531,2.166,3623,5.665
45,Heatran,1.47798,4780,1.214,1588,2.483
46,Buzzwole,1.46850,5140,1.305,1638,2.561
47,Excadrill,1.43790,5068,1.287,1558,2.436
48,Xurkitree,1.42801,5224,1.327,1918,2.999
49,Latios,1.40594,4471,1.135,1372,2.145
50,Marowak-Alola,1.38433,6292,1.598,2024,3.165
51,Hoopa-Unbound,1.29599,4816,1.223,1831,2.863
52,Volcanion,1.29218,3933,0.999,1409,2.203
53,Toxapex,1.28559,6180,1.569,1896,2.965
54,Talonflame,1.27519,4494,1.141,1346,2.105
55,Meloetta,1.27436,3654,0.928,1420,2.220
56,Tapu Bulu,1.20596,4124,1.047,1165,1.822
57,Hitmonlee,1.18479,3873,0.984,1498,2.342
58,Jumpluff,1.18116,3450,0.876,1257,1.965
59,Aron,1.11743,5747,1.459,2395,3.745
60,Pyukumuku,1.10644,5476,1.391,2198,3.437
61,Deoxys-Defense,1.10567,3848,0.977,1437,2.247
62,Togekiss,1.07160,4730,1.201,1717,2.685
63,Magnemite,1.05007,5898,1.498,2481,3.879
64,Aggron,1.04930,3656,0.928,1491,2.331
65,Swampert,1.02910,4024,1.022,1551,2.425
66,Avalugg,1.02521,3107,0.789,1200,1.876
67,Arcanine,1.00154,3681,0.935,1192,1.864
68,Salamence,0.99778,4202,1.067,1381,2.159
69,Terrakion,0.97100,2642,0.671,780,1.220
70,Greninja-Ash,0.96541,6672,1.694,2426,3.793
71,Cloyster,0.95334,4721,1.199,1843,2.882
72,Azumarill,0.88021,3497,0.888,1280,2.001
73,Deoxys-Speed,0.87084,3238,0.822,1206,1.886
74,Blissey,0.86071,3552,0.902,1155,1.806
75,Shuckle,0.84895,5208,1.323,2290,3.581
76,Salazzle,0.83092,3891,0.988,1341,2.097
77,Slaking,0.82842,3417,0.868,1610,2.517
78,Ambipom,0.82217,4386,1.114,1760,2.752
79,Machamp,0.82094,4032,1.024,1503,2.350
80,Chandelure,0.80856,2811,0.714,763,1.193
81,Mew,0.80781,3681,0.935,1582,2.474
82,Cinccino,0.79030,3651,0.927,1384,2.164
83,Volcarona,0.77876,3398,0.863,1042,1.629
84,Thundurus-Therian,0.75860,2252,0.572,811,1.268
85,Weavile,0.74247,3443,0.874,1125,1.759
86,Incineroar,0.74126,4093,1.039,1354,2.117
87,Araquanid,0.73345,3026,0.768,1182,1.848
88,Rhyperior,0.73259,2502,0.635,1025,1.603
89,Landorus,0.72482,1930,0.490,548,0.857
90,Darmanitan,0.71133,2570,0.653,930,1.454
91,Infernape,0.71081,2904,0.737,1005,1.571
92,Umbreon,0.70394,3161,0.803,1198,1.873
93,Nihilego,0.70300,2355,0.598,650,1.016
94,Gengar,0.69230,2898,0.736,1090,1.704
95,Tapu Fini,0.67720,2489,0.632,788,1.232
96,Quagsire,0.67474,2045,0.519,816,1.276
97,Serperior,0.67451,4812,1.222,1617,2.528
98,Gliscor,0.66048,3381,0.859,1075,1.681
99,Tyranitar,0.65914,3096,0.786,1030,1.611
100,Golisopod,0.64183,2513,0.638,958,1.498
101,Gastrodon,0.60008,2199,0.558,798,1.248
102,Ditto,0.59739,3769,0.957,1644,2.571
103,Minior,0.58361,3209,0.815,1297,2.028
104,Muk-Alola,0.57077,2462,0.625,763,1.193
105,Conkeldurr,0.54662,1810,0.460,609,0.952
106,Staraptor,0.53721,2351,0.597,941,1.471
107,Togedemaru,0.50946,1716,0.436,710,1.110
108,Decidueye,0.50841,3109,0.790,1035,1.618
109,Medicham,0.50569,1733,0.440,590,0.923
110,Sylveon,0.50346,2266,0.575,799,1.249
111,Shedinja,0.49541,3135,0.796,1081,1.690
112,Clefable,0.48311,2884,0.732,874,1.367
113,Garchomp-Mega,0.47379,2517,0.639,885,1.384
114,Porygon2,0.47372,1958,0.497,700,1.095
115,Suicune,0.45993,1946,0.494,519,0.812
116,Mamoswine,0.44654,1877,0.477,714,1.116
117,Rampardos,0.44107,1968,0.500,823,1.287
118,Necrozma,0.42412,1419,0.360,533,0.833
119,Gardevoir,0.42054,2526,0.641,733,1.146
120,Zygarde,0.40371,1659,0.421,648,1.013
121,Keldeo,0.40081,1336,0.339,514,0.804
122,Carracosta,0.39698,1420,0.361,592,0.926
123,Nosepass,0.39416,2464,0.626,1188,1.858
124,Noivern,0.38685,1721,0.437,514,0.804
125,Pangoro,0.38054,1305,0.331,263,0.411
126,Espeon,0.37954,1999,0.508,528,0.826
127,Entei,0.37841,1188,0.302,381,0.596
128,Hawlucha,0.37480,1640,0.416,664,1.038
129,Golem-Alola,0.37017,1781,0.452,735,1.149
130,Sharpedo-Mega,0.36946,1442,0.366,491,0.768
131,Raichu-Alola,0.36704,2403,0.610,929,1.453
132,Lucario,0.36506,1883,0.478,554,0.866
133,Gigalith,0.36204,1289,0.327,548,0.857
134,Wobbuffet,0.36053,2061,0.523,763,1.193
135,Archeops,0.35773,1403,0.356,582,0.910
136,Skarmory,0.35306,1356,0.344,395,0.618
137,Bewear,0.34625,1414,0.359,527,0.824
138,Zapdos,0.33874,1730,0.439,664,1.038
139,Ninetales-Alola,0.32470,2257,0.573,903,1.412
140,Bisharp,0.32358,1389,0.353,481,0.752
141,Aerodactyl-Mega,0.31945,1521,0.386,551,0.862
142,Malamar,0.29618,1294,0.329,517,0.808
143,Typhlosion,0.29087,1509,0.383,575,0.899
144,Emboar,0.29064,1129,0.287,405,0.633
145,Pikachu,0.29048,2837,0.720,1012,1.582
146,Absol-Mega,0.28658,1783,0.453,540,0.844
147,Mudsdale,0.28185,1116,0.283,401,0.627
148,Goodra,0.27648,1438,0.365,469,0.733
149,Charizard,0.27614,1986,0.504,712,1.113
150,Vivillon,0.27614,1398,0.355,553,0.865
151,Sigilyph,0.27036,2116,0.537,918,1.435
152,Probopass,0.26936,1265,0.321,414,0.647
153,Toucannon,0.24651,1474,0.374,632,0.988
154,Eelektross,0.23947,1528,0.388,638,0.998
155,Jolteon,0.23743,1458,0.370,456,0.713
156,Rotom-Wash,0.22942,993,0.252,320,0.500
157,Exploud,0.22570,942,0.239,439,0.686
158,Crobat,0.22417,1207,0.307,349,0.546
159,Sceptile,0.22089,1716,0.436,516,0.807
160,Manaphy,0.21982,989,0.251,337,0.527
161,Hydreigon,0.21820,1041,0.264,377,0.589
162,Electivire,0.21334,1084,0.275,400,0.625
163,Nidoking,0.21308,1011,0.257,405,0.633
164,Torterra,0.21136,1047,0.266,403,0.630
165,Gallade,0.20708,1526,0.388,598,0.935
166,Venusaur,0.20688,1104,0.280,335,0.524
167,Kommo-o,0.20453,1041,0.264,365,0.571
168,Sudowoodo,0.20386,684,0.174,328,0.513
169,Bastiodon,0.20264,674,0.171,342,0.535
170,Alakazam,0.20002,1187,0.301,455,0.711
171,Scizor,0.19921,983,0.250,309,0.483
172,Kingdra,0.19903,1162,0.295,393,0.614
173,Relicanth,0.19754,615,0.156,272,0.425
174,Gyarados,0.19218,996,0.253,332,0.519
175,Wishiwashi,0.18848,1206,0.306,481,0.752
176,Steelix,0.18810,997,0.253,349,0.546
177,Aerodactyl,0.18796,631,0.160,193,0.302
178,Trevenant,0.18714,1405,0.357,553,0.865
179,Milotic,0.18602,879,0.223,275,0.430
180,Reuniclus,0.18570,924,0.235,300,0.469
181,Comfey,0.18564,1032,0.262,291,0.455
182,Accelgor,0.18500,836,0.212,254,0.397
183,Klefki,0.18462,747,0.190,183,0.286
184,Scolipede,0.18457,859,0.218,246,0.385
185,Delphox,0.18122,1134,0.288,371,0.580
186,Thundurus,0.17953,647,0.164,197,0.308
187,Hippowdon,0.17833,645,0.164,229,0.358
188,Barbaracle,0.17720,723,0.184,203,0.317
189,Tyrantrum,0.17627,789,0.200,374,0.585
190,Meganium,0.17557,791,0.201,245,0.383
191,Empoleon,0.17425,950,0.241,368,0.575
192,Dusclops,0.17374,1002,0.254,379,0.593
193,Vikavolt,0.17082,987,0.251,346,0.541
194,Cryogonal,0.17077,503,0.128,177,0.277
195,Diggersby,0.16890,702,0.178,273,0.427
196,Glalie-Mega,0.16766,767,0.195,277,0.433
197,Furfrou,0.16594,1041,0.264,419,0.655
198,Guzzlord,0.16025,799,0.203,269,0.421
199,Lickilicky,0.15950,638,0.162,221,0.346
200,Shiinotic,0.15788,814,0.207,306,0.478
201,Exeggutor-Alola,0.15735,1225,0.311,412,0.644
202,Hariyama,0.15476,942,0.239,338,0.528
203,Pelipper,0.15390,857,0.218,290,0.453
204,Swellow,0.15324,842,0.214,293,0.458
205,Eevee,0.14224,1793,0.455,1092,1.707
206,Zoroark,0.14074,1082,0.275,338,0.528
207,Sableye,0.14010,1032,0.262,315,0.493
208,Regirock,0.13957,553,0.140,212,0.331
209,Lycanroc,0.13797,863,0.219,358,0.560
210,Dugtrio,0.13417,839,0.213,285,0.446
211,Lycanroc-Midnight,0.13312,930,0.236,358,0.560
212,Ampharos,0.13111,874,0.222,374,0.585
213,Metagross,0.13059,574,0.146,176,0.275
214,Dhelmise,0.12940,578,0.147,202,0.316
215,Blastoise,0.12725,797,0.202,225,0.352
216,Chatot,0.12707,631,0.160,289,0.452
217,Regice,0.12684,602,0.153,129,0.202
218,Type: Null,0.12580,670,0.170,351,0.549
219,Feraligatr,0.12500,925,0.235,331,0.518
220,Ninetales,0.12293,1571,0.399,767,1.199
221,Ninjask,0.12229,821,0.208,257,0.402
222,Turtonator,0.11982,756,0.192,253,0.396
223,Liepard,0.11907,907,0.230,195,0.305
224,Moltres,0.11753,595,0.151,177,0.277
225,Slurpuff,0.11723,632,0.160,291,0.455
226,Drapion,0.11592,914,0.232,366,0.572
227,Escavalier,0.11531,531,0.135,214,0.335
228,Lapras,0.11497,635,0.161,214,0.335
229,Drampa,0.11389,598,0.152,213,0.333
230,Scrafty,0.11124,777,0.197,337,0.527
231,Braviary,0.10974,416,0.106,149,0.233
232,Palossand,0.10862,577,0.147,202,0.316
233,Latias,0.10698,591,0.150,140,0.219
234,Zangoose,0.10581,840,0.213,346,0.541
235,Doublade,0.10290,477,0.121,164,0.256
236,Dugtrio-Alola,0.10263,530,0.135,193,0.302
237,Cresselia,0.10231,342,0.087,107,0.167
238,Clawitzer,0.10192,530,0.135,177,0.277
239,Krookodile,0.10111,569,0.144,204,0.319
240,Ursaring,0.10075,526,0.134,231,0.361
241,Roserade,0.10073,532,0.135,180,0.281
242,Mienshao,0.10008,466,0.118,179,0.280
243,Magmortar,0.09893,594,0.151,239,0.374
244,Komala,0.09746,541,0.137,237,0.371
245,Absol,0.09723,1793,0.455,251,0.392
246,Exeggutor,0.09685,723,0.184,230,0.360
247,Cradily,0.09577,552,0.140,210,0.328
248,Luxray,0.09565,789,0.200,332,0.519
249,Dragalge,0.09242,455,0.116,157,0.245
250,Kangaskhan,0.09189,508,0.129,168,0.263
251,Chimecho,0.09084,471,0.120,201,0.314
252,Vaporeon,0.08934,715,0.182,207,0.324
253,Celebi,0.08890,530,0.135,161,0.252
254,Golurk,0.08877,713,0.181,309,0.483
255,Dedenne,0.08876,609,0.155,191,0.299
256,Hitmonchan,0.08846,648,0.165,260,0.407
257,Heracross,0.08717,472,0.120,195,0.305
258,Diancie,0.08709,364,0.092,112,0.175
259,Registeel,0.08678,349,0.089,110,0.172
260,Persian-Alola,0.08650,565,0.143,245,0.383
261,Tornadus-Therian,0.08548,541,0.137,137,0.214
262,Murkrow,0.08494,454,0.115,151,0.236
263,Articuno,0.08431,515,0.131,171,0.267
264,Chesnaught,0.08405,650,0.165,200,0.313
265,Tangrowth,0.08314,410,0.104,155,0.242
266,Tauros,0.08246,414,0.105,153,0.239
267,Lurantis,0.08207,477,0.121,111,0.174
268,Bruxish,0.08183,448,0.114,147,0.230
269,Yanmega,0.08126,439,0.111,180,0.281
270,Hitmontop,0.08109,469,0.119,169,0.264
271,Cottonee,0.07938,705,0.179,280,0.438
272,Cofagrigus,0.07886,585,0.149,278,0.435
273,Kingler,0.07781,501,0.127,185,0.289
274,Scyther,0.07751,369,0.094,149,0.233
275,Uxie,0.07687,310,0.079,108,0.169
276,Raikou,0.07549,358,0.091,102,0.159
277,Mismagius,0.07439,420,0.107,202,0.316
278,Honchkrow,0.07264,560,0.142,264,0.413
279,Virizion,0.07160,258,0.066,59,0.092
280,Spiritomb,0.07135,498,0.126,155,0.242
281,Victreebel,0.07075,308,0.078,77,0.120
282,Bouffalant,0.07056,382,0.097,181,0.283
283,Tsareena,0.07052,399,0.101,132,0.206
284,Dodrio,0.07030,528,0.134,237,0.371
285,Starmie,0.07026,551,0.140,203,0.317
286,Magneton,0.06936,394,0.100,139,0.217
287,Ludicolo,0.06909,588,0.149,251,0.392
288,Gumshoos,0.06831,493,0.125,277,0.433
289,Crabominable,0.06818,457,0.116,157,0.245
290,Lilligant,0.06805,471,0.120,125,0.195
291,Galvantula,0.06754,513,0.130,148,0.231
292,Linoone,0.06602,656,0.167,302,0.472
293,Jellicent,0.06528,400,0.102,123,0.192
294,Raichu,0.06522,527,0.134,222,0.347
295,Florges,0.06424,332,0.084,115,0.180
296,Tangela,0.06415,296,0.075,108,0.169
297,Torkoal,0.06395,463,0.118,215,0.336
298,Kyurem,0.06136,279,0.071,106,0.166
299,Weezing,0.06079,354,0.090,134,0.210
300,Electrode,0.06073,440,0.112,199,0.311
301,Flareon,0.06050,789,0.200,332,0.519
302,Toxicroak,0.05965,429,0.109,138,0.216
303,Manectric,0.05950,275,0.070,78,0.122
304,Houndoom,0.05932,392,0.100,139,0.217
305,Pineco,0.05862,325,0.083,178,0.278
306,Basculin,0.05846,337,0.086,131,0.205
307,Ribombee,0.05820,349,0.089,125,0.195
308,Crawdaunt,0.05795,338,0.086,137,0.214
309,Seismitoad,0.05774,362,0.092,160,0.250
310,Heliolisk,0.05735,343,0.087,104,0.163
311,Ferroseed,0.05653,265,0.067,154,0.241
312,Magikarp,0.05628,462,0.117,223,0.349
313,Tentacruel,0.05622,270,0.069,89,0.139
314,Arbok,0.05564,322,0.082,115,0.180
315,Slowbro,0.05428,512,0.130,167,0.261
316,Druddigon,0.05413,287,0.073,99,0.155
317,Swoobat,0.05381,470,0.119,167,0.261
318,Lopunny,0.05315,404,0.103,132,0.206
319,Bergmite,0.05313,179,0.045,55,0.086
320,Politoed,0.05264,284,0.072,90,0.141
321,Cacturne,0.05255,306,0.078,95,0.149
322,Sandslash-Alola,0.05245,365,0.093,124,0.194
323,Abomasnow,0.05239,261,0.066,60,0.094
324,Mandibuzz,0.05152,295,0.075,98,0.153
325,Miltank,0.05136,476,0.121,206,0.322
326,Floatzel,0.05058,327,0.083,102,0.159
327,Gourgeist-Super,0.04904,287,0.073,116,0.181
328,Glaceon,0.04904,494,0.125,203,0.317
329,Mawile,0.04843,365,0.093,89,0.139
330,Flygon,0.04842,410,0.104,197,0.308
331,Misdreavus,0.04806,203,0.052,108,0.169
332,Vespiquen,0.04606,770,0.196,228,0.357
333,Dunsparce,0.04567,412,0.105,158,0.247
334,Samurott,0.04557,377,0.096,127,0.199
335,Dusknoir,0.04556,454,0.115,168,0.263
336,Klinklang,0.04470,254,0.065,115,0.180
337,Raticate,0.04454,249,0.063,103,0.161
338,Drifblim,0.04369,384,0.098,157,0.245
339,Zygarde-10,0.04336,236,0.060,85,0.133
340,Wailord,0.04191,397,0.101,200,0.313
341,Butterfree,0.04100,360,0.091,131,0.205
342,Mr. Mime,0.04099,451,0.115,208,0.325
343,Kecleon,0.04037,365,0.093,169,0.264
344,Pinsir,0.04024,273,0.069,57,0.089
345,Stoutland,0.03990,197,0.050,83,0.130
346,Raticate-Alola,0.03950,423,0.107,195,0.305
347,Rotom-Heat,0.03931,174,0.044,59,0.092
348,Heatmor,0.03852,222,0.056,130,0.203
349,Poliwrath,0.03845,276,0.070,118,0.185
350,Shaymin,0.03837,204,0.052,78,0.122
351,Haunter,0.03741,319,0.081,139,0.217
352,Tropius,0.03692,312,0.079,119,0.186
353,Silvally,0.03615,215,0.055,115,0.180
354,Aurorus,0.03540,184,0.047,72,0.113
355,Oranguru,0.03518,403,0.102,127,0.199
356,Rhydon,0.03514,265,0.067,62,0.097
357,Froslass,0.03316,375,0.095,114,0.178
358,Azelf,0.03312,145,0.037,58,0.091
359,Omastar,0.03227,266,0.068,148,0.231
360,Rattata,0.03220,331,0.084,192,0.300
361,Sharpedo,0.03213,257,0.065,65,0.102
362,Granbull,0.03204,245,0.062,94,0.147
363,Tornadus,0.03173,117,0.030,30,0.047
364,Walrein,0.03156,206,0.052,48,0.075
365,Meowstic,0.03128,252,0.064,99,0.155
366,Clefairy,0.03111,249,0.063,91,0.142
367,Regigigas,0.03108,300,0.076,119,0.186
368,Geodude,0.03099,179,0.045,84,0.131
369,Slowking,0.03000,213,0.054,70,0.109
370,Bibarel,0.02985,436,0.111,194,0.303
371,Bellossom,0.02970,241,0.061,81,0.127
372,Stufful,0.02958,258,0.066,127,0.199
373,Kabutops,0.02950,213,0.054,65,0.102
374,Cobalion,0.02940,126,0.032,42,0.066
375,Lanturn,0.02905,167,0.042,73,0.114
376,Darumaka,0.02830,163,0.041,90,0.141
377,Silvally-Water,0.02772,104,0.026,23,0.036
378,Rufflet,0.02759,170,0.043,127,0.199
379,Amoonguss,0.02748,218,0.055,53,0.083
380,Marowak,0.02711,262,0.067,109,0.170
381,Sawsbuck,0.02693,376,0.095,98,0.153
382,Golduck,0.02683,262,0.067,79,0.124
383,Jigglypuff,0.02586,154,0.039,62,0.097
384,Camerupt,0.02573,171,0.043,44,0.069
385,Vanilluxe,0.02570,138,0.035,42,0.066
386,Aromatisse,0.02554,147,0.037,52,0.081
387,Bronzong,0.02542,265,0.067,82,0.128
388,Beartic,0.02501,210,0.053,48,0.075
389,Throh,0.02499,197,0.050,66,0.103
390,Forretress,0.02429,105,0.027,56,0.088
391,Piloswine,0.02304,87,0.022,23,0.036
392,Silvally-Fairy,0.02301,133,0.034,31,0.048
393,Vileplume,0.02261,268,0.068,102,0.159
394,Rotom-Mow,0.02238,124,0.031,43,0.067
395,Altaria,0.02237,249,0.063,122,0.191
396,Skuntank,0.02194,119,0.030,56,0.088
397,Ariados,0.02189,184,0.047,102,0.159
398,Banette,0.02170,226,0.057,73,0.114
399,Snover,0.02168,77,0.020,5,0.008
400,Leafeon,0.02164,498,0.126,181,0.283
401,Sneasel,0.02161,132,0.034,43,0.067
402,Primeape,0.02149,169,0.043,56,0.088
403,Mightyena,0.02149,97,0.025,28,0.044
404,Gogoat,0.02142,198,0.050,58,0.091
405,Wigglytuff,0.02069,269,0.068,140,0.219
406,Krabby,0.02041,123,0.031,34,0.053
407,Silvally-Poison,0.02035,127,0.032,58,0.091
408,Hypno,0.02023,219,0.056,114,0.178
409,Gorebyss,0.02012,154,0.039,47,0.073
410,Farfetch'd,0.02012,480,0.122,387,0.605
411,Natu,0.02012,106,0.027,16,0.025
412,Parasect,0.01950,143,0.036,62,0.097
413,Rapidash,0.01933,186,0.047,68,0.106
414,Flaaffy,0.01892,55,0.014,12,0.019
415,Oricorio-Sensu,0.01865,99,0.025,43,0.067
416,Purugly,0.01857,116,0.029,43,0.067
417,Hoopa,0.01845,264,0.067,94,0.147
418,Xatu,0.01828,378,0.096,122,0.191
419,Seaking,0.01787,158,0.040,78,0.122
420,Emolga,0.01783,232,0.059,131,0.205
421,Masquerain,0.01775,193,0.049,48,0.075
422,Oricorio-Pom-Pom,0.01766,71,0.018,29,0.045
423,Muk,0.01737,135,0.034,51,0.080
424,Jynx,0.01731,140,0.036,53,0.083
425,Beedrill,0.01703,152,0.039,52,0.081
426,Mantine,0.01672,97,0.025,36,0.056
427,Nidoqueen,0.01640,163,0.041,54,0.084
428,Hakamo-o,0.01621,89,0.023,15,0.023
429,Magcargo,0.01600,136,0.035,48,0.075
430,Bidoof,0.01561,155,0.039,74,0.116
431,Pyroar,0.01560,236,0.060,79,0.124
432,Mudbray,0.01558,141,0.036,69,0.108
433,Stunfisk,0.01531,83,0.021,32,0.050
434,Combusken,0.01503,110,0.028,49,0.077
435,Noibat,0.01486,91,0.023,15,0.023
436,Alomomola,0.01475,79,0.020,20,0.031
437,Silvally-Fire,0.01411,149,0.038,30,0.047
438,Machoke,0.01404,55,0.014,10,0.016
439,Oricorio,0.01375,99,0.025,37,0.058
440,Tyrunt,0.01361,73,0.019,25,0.039
441,Claydol,0.01357,127,0.032,31,0.048
442,Unown,0.01342,135,0.034,33,0.052
443,Dewgong,0.01332,197,0.050,66,0.103
444,Pidgeot,0.01323,190,0.048,73,0.114
445,Grumpig,0.01305,88,0.022,30,0.047
446,Garbodor,0.01271,141,0.036,54,0.084
447,Furret,0.01269,206,0.052,89,0.139
448,Marshtomp,0.01265,45,0.011,12,0.019
449,Unfezant,0.01260,105,0.027,50,0.078
450,Chikorita,0.01247,58,0.015,32,0.050
451,Ledian,0.01245,62,0.016,24,0.038
452,Volbeat,0.01238,92,0.023,49,0.077
453,Charjabug,0.01238,79,0.020,45,0.070
454,Passimian,0.01226,125,0.032,55,0.086
455,Riolu,0.01219,85,0.022,31,0.048
456,Dragonair,0.01200,104,0.026,57,0.089
457,Delcatty,0.01192,129,0.033,77,0.120
458,Kadabra,0.01140,153,0.039,39,0.061
459,Zebstrika,0.01116,134,0.034,31,0.048
460,Phione,0.01110,72,0.018,3,0.005
461,Beheeyem,0.01107,102,0.026,30,0.047
462,Cosmog,0.01098,186,0.047,16,0.025
463,Musharna,0.01096,66,0.017,29,0.045
464,Gurdurr,0.01090,43,0.011,13,0.020
465,Rotom-Frost,0.01065,50,0.013,14,0.022
466,Silvally-Dragon,0.01065,55,0.014,10,0.016
467,Delibird,0.01053,142,0.036,58,0.091
468,Persian,0.01045,123,0.031,45,0.070
469,Pichu,0.01040,233,0.059,75,0.117
470,Togetic,0.01004,101,0.026,50,0.078
471,Torchic,0.01003,54,0.014,10,0.016
472,Simipour,0.00988,94,0.024,34,0.053
473,Graveler,0.00980,147,0.037,53,0.083
474,Abra,0.00970,90,0.023,20,0.031
475,Maractus,0.00965,31,0.008,7,0.011
476,Castform,0.00964,153,0.039,61,0.095
477,Octillery,0.00954,121,0.031,55,0.086
478,Taillow,0.00952,104,0.026,21,0.033
479,Metapod,0.00948,83,0.021,43,0.067
480,Gligar,0.00947,103,0.026,36,0.056
481,Venomoth,0.00940,103,0.026,29,0.045
482,Silvally-Electric,0.00940,51,0.013,13,0.020
483,Dewott,0.00935,52,0.013,13,0.020
484,Vigoroth,0.00932,72,0.018,51,0.080
485,Squirtle,0.00931,107,0.027,41,0.064
486,Silvally-Ice,0.00905,44,0.011,14,0.022
487,Luvdisc,0.00890,167,0.042,115,0.180
488,Braixen,0.00877,89,0.023,44,0.069
489,Silvally-Grass,0.00865,57,0.014,15,0.023
490,Eelektrik,0.00831,36,0.009,19,0.030
491,Klang,0.00819,101,0.026,33,0.052
492,Rowlet,0.00815,73,0.019,33,0.052
493,Whiscash,0.00815,63,0.016,39,0.061
494,Solrock,0.00804,86,0.022,22,0.034
495,Bulbasaur,0.00799,89,0.023,51,0.080
496,Torracat,0.00793,92,0.023,35,0.055
497,Charmander,0.00791,215,0.055,87,0.136
498,Carbink,0.00774,79,0.020,16,0.025
499,Stantler,0.00758,45,0.011,15,0.023
500,Bonsly,0.00745,106,0.027,25,0.039
501,Sliggoo,0.00740,59,0.015,24,0.038
502,Charmeleon,0.00739,65,0.017,18,0.028
503,Rotom-Fan,0.00733,73,0.019,31,0.048
504,Porygon,0.00730,55,0.014,12,0.019
505,Happiny,0.00707,78,0.020,22,0.034
506,Caterpie,0.00706,108,0.027,34,0.053
507,Spinda,0.00698,111,0.028,65,0.102
508,Brionne,0.00691,73,0.019,16,0.025
509,Silvally-Steel,0.00691,55,0.014,21,0.033
510,Beautifly,0.00688,53,0.013,18,0.028
511,Shiftry,0.00685,182,0.046,55,0.086
512,Golbat,0.00684,73,0.019,37,0.058
513,Goomy,0.00658,35,0.009,12,0.019
514,Cubone,0.00647,59,0.015,19,0.030
515,Crabrawler,0.00631,30,0.008,6,0.009
516,Munchlax,0.00617,52,0.013,25,0.039
517,Numel,0.00614,59,0.015,18,0.028
518,Sunkern,0.00614,76,0.019,14,0.022
519,Swalot,0.00613,63,0.016,19,0.030
520,Dustox,0.00609,86,0.022,38,0.059
521,Magmar,0.00603,92,0.023,23,0.036
522,Geodude-Alola,0.00598,66,0.017,40,0.063
523,Huntail,0.00583,81,0.021,39,0.061
524,Corphish,0.00577,37,0.009,14,0.022
525,Frogadier,0.00575,56,0.014,22,0.034
526,Silvally-Ground,0.00575,21,0.005,7,0.011
527,Noctowl,0.00560,151,0.038,42,0.066
528,Azurill,0.00558,37,0.009,9,0.014
529,Mantyke,0.00555,15,0.004,5,0.008
530,Piplup,0.00544,33,0.008,18,0.028
531,Onix,0.00539,93,0.024,50,0.078
532,Gourgeist-Small,0.00538,26,0.007,7,0.011
533,Bayleef,0.00536,22,0.006,7,0.011
534,Seviper,0.00533,92,0.023,32,0.050
535,Yamask,0.00529,38,0.010,16,0.025
536,Trapinch,0.00524,63,0.016,23,0.036
537,Prinplup,0.00508,49,0.012,10,0.016
538,Zubat,0.00508,23,0.006,3,0.005
539,Axew,0.00496,60,0.015,7,0.011
540,Audino,0.00494,40,0.010,19,0.030
541,Weedle,0.00490,71,0.018,46,0.072
542,Qwilfish,0.00486,81,0.021,34,0.053
543,Froakie,0.00482,54,0.014,23,0.036
544,Corsola,0.00480,54,0.014,26,0.041
545,Bunnelby,0.00471,36,0.009,12,0.019
546,Gothitelle,0.00470,101,0.026,41,0.064
547,Ivysaur,0.00470,86,0.022,28,0.044
548,Swirlix,0.00466,20,0.005,8,0.013
549,Rattata-Alola,0.00465,47,0.012,38,0.059
550,Phantump,0.00464,44,0.011,13,0.020
551,Meowth,0.00461,143,0.036,29,0.045
552,Croconaw,0.00459,38,0.010,22,0.034
553,Graveler-Alola,0.00459,42,0.011,12,0.019
554,Silvally-Rock,0.00459,35,0.009,8,0.013
555,Sandslash,0.00458,38,0.010,24,0.038
556,Wartortle,0.00456,93,0.024,29,0.045
557,Salandit,0.00456,97,0.025,61,0.095
558,Fearow,0.00446,91,0.023,38,0.059
559,Nidorino,0.00436,22,0.006,12,0.019
560,Silvally-Ghost,0.00434,32,0.008,9,0.014
561,Pachirisu,0.00428,56,0.014,18,0.028
562,Silvally-Flying,0.00417,31,0.008,14,0.022
563,Leavanny,0.00415,69,0.018,26,0.041
564,Aipom,0.00412,44,0.011,31,0.048
565,Woobat,0.00408,51,0.013,12,0.019
566,Quilava,0.00403,63,0.016,30,0.047
567,Vullaby,0.00403,20,0.005,16,0.025
568,Rotom,0.00392,24,0.006,11,0.017
569,Vulpix-Alola,0.00384,52,0.013,19,0.030
570,Dartrix,0.00384,33,0.008,13,0.020
571,Inkay,0.00384,14,0.004,1,0.002
572,Minun,0.00381,38,0.010,20,0.031
573,Simisage,0.00381,69,0.018,23,0.036
574,Plusle,0.00377,26,0.007,9,0.014
575,Simisear,0.00374,84,0.021,41,0.064
576,Swadloon,0.00373,25,0.006,7,0.011
577,Girafarig,0.00372,1185,0.301,69,0.108
578,Electabuzz,0.00356,34,0.009,17,0.027
579,Dratini,0.00352,16,0.004,0,0.000
580,Purrloin,0.00347,32,0.008,8,0.013
581,Cleffa,0.00334,40,0.010,23,0.036
582,Lunatone,0.00332,58,0.015,35,0.055
583,Wormadam-Trash,0.00324,22,0.006,10,0.016
584,Seadra,0.00322,30,0.008,13,0.020
585,Silvally-Dark,0.00319,17,0.004,2,0.003
586,Mesprit,0.00313,26,0.007,10,0.016
587,Wynaut,0.00310,45,0.011,19,0.030
588,Togepi,0.00308,36,0.009,14,0.022
589,Zorua,0.00304,38,0.010,8,0.013
590,Voltorb,0.00301,52,0.013,21,0.033
591,Shroomish,0.00299,34,0.009,22,0.034
592,Kricketune,0.00298,25,0.006,13,0.020
593,Gastly,0.00297,90,0.023,21,0.033
594,Armaldo,0.00296,49,0.012,25,0.039
595,Cosmoem,0.00293,30,0.008,21,0.033
596,Glalie,0.00293,24,0.006,4,0.006
597,Grubbin,0.00292,15,0.004,1,0.002
598,Starly,0.00285,31,0.008,8,0.013
599,Litten,0.00283,33,0.008,13,0.020
600,Lairon,0.00278,56,0.014,22,0.034
601,Carnivine,0.00274,49,0.012,30,0.047
602,Gabite,0.00266,29,0.007,7,0.011
603,Cherrim,0.00257,43,0.011,14,0.022
604,Feebas,0.00255,32,0.008,10,0.016
605,Lickitung,0.00251,61,0.015,30,0.047
606,Popplio,0.00250,24,0.006,12,0.019
607,Oddish,0.00246,18,0.005,12,0.019
608,Shelmet,0.00243,31,0.008,18,0.028
609,Wurmple,0.00240,36,0.009,9,0.014
610,Whirlipede,0.00238,8,0.002,2,0.003
611,Gourgeist,0.00227,130,0.033,53,0.083
612,Silvally-Bug,0.00221,18,0.005,6,0.009
613,Sewaddle,0.00216,7,0.002,1,0.002
614,Duosion,0.00206,21,0.005,8,0.013
615,Totodile,0.00202,33,0.008,16,0.025
616,Rhyhorn,0.00193,71,0.018,12,0.019
617,Omanyte,0.00191,22,0.006,7,0.011
618,Duskull,0.00189,16,0.004,11,0.017
619,Diglett,0.00187,20,0.005,2,0.003
620,Gible,0.00187,17,0.004,7,0.011
621,Poliwhirl,0.00183,23,0.006,13,0.020
622,Snubbull,0.00176,9,0.002,3,0.005
623,Bellsprout,0.00172,7,0.002,2,0.003
624,Psyduck,0.00171,27,0.007,10,0.016
625,Clamperl,0.00170,78,0.020,26,0.041
626,Mareep,0.00168,28,0.007,5,0.008
627,Honedge,0.00167,10,0.003,3,0.005
628,Ledyba,0.00161,9,0.002,3,0.005
629,Larvesta,0.00161,4,0.001,3,0.005
630,Remoraid,0.00159,12,0.003,4,0.006
631,Skitty,0.00154,18,0.005,10,0.016
632,Shellos,0.00154,43,0.011,23,0.036
633,Ekans,0.00154,19,0.005,19,0.030
634,Fennekin,0.00153,23,0.006,4,0.006
635,Treecko,0.00153,17,0.004,10,0.016
636,Cyndaquil,0.00152,26,0.007,12,0.019
637,Spoink,0.00150,28,0.007,8,0.013
638,Timburr,0.00149,14,0.004,3,0.005
639,Spritzee,0.00149,8,0.002,1,0.002
640,Ducklett,0.00144,7,0.002,3,0.005
641,Dwebble,0.00143,30,0.008,17,0.027
642,Swanna,0.00143,23,0.006,10,0.016
643,Sandygast,0.00142,27,0.007,15,0.023
644,Skorupi,0.00139,9,0.002,4,0.006
645,Grovyle,0.00139,10,0.003,4,0.006
646,Litwick,0.00137,12,0.003,5,0.008
647,Lumineon,0.00135,24,0.006,7,0.011
648,Silvally-Fighting,0.00135,13,0.003,4,0.006
649,Joltik,0.00130,10,0.003,9,0.014
650,Pidgeotto,0.00126,10,0.003,2,0.003
651,Rockruff,0.00126,33,0.008,7,0.011
652,Metang,0.00125,12,0.003,2,0.003
653,Scatterbug,0.00124,10,0.003,2,0.003
654,Snorunt,0.00123,14,0.004,4,0.006
655,Doduo,0.00121,24,0.006,12,0.019
656,Shelgon,0.00117,8,0.002,8,0.013
657,Pancham,0.00116,9,0.002,3,0.005
658,Staravia,0.00114,8,0.002,2,0.003
659,Fraxure,0.00110,12,0.003,6,0.009
660,Sunflora,0.00107,19,0.005,12,0.019
661,Minccino,0.00107,25,0.006,13,0.020
662,Pidgey,0.00106,13,0.003,7,0.011
663,Gourgeist-Large,0.00104,9,0.002,3,0.005
664,Croagunk,0.00103,9,0.002,8,0.013
665,Nincada,0.00101,16,0.004,3,0.005
666,Roselia,0.00101,19,0.005,5,0.008
667,Archen,0.00100,10,0.003,3,0.005
668,Mareanie,0.00098,21,0.005,5,0.008
669,Espurr,0.00098,6,0.002,2,0.003
670,Elgyem,0.00095,22,0.006,0,0.000
671,Magby,0.00091,14,0.004,9,0.014
672,Panpour,0.00090,36,0.009,13,0.020
673,Vanillish,0.00087,6,0.002,0,0.000
674,Slakoth,0.00087,6,0.002,1,0.002
675,Igglybuff,0.00086,9,0.002,4,0.006
676,Chinchou,0.00084,10,0.003,7,0.011
677,Meditite,0.00083,10,0.003,7,0.011
678,Buneary,0.00081,12,0.003,7,0.011
679,Ralts,0.00078,8,0.002,1,0.002
680,Zigzagoon,0.00078,12,0.003,12,0.019
681,Shuppet,0.00078,12,0.003,7,0.011
682,Slugma,0.00077,7,0.002,2,0.003
683,Pansage,0.00077,18,0.005,3,0.005
684,Tepig,0.00077,64,0.016,31,0.048
685,Gloom,0.00076,4,0.001,1,0.002
686,Chimchar,0.00075,17,0.004,10,0.016
687,Mime Jr.,0.00075,30,0.008,8,0.013
688,Snivy,0.00074,11,0.003,4,0.006
689,Wingull,0.00073,5,0.001,3,0.005
690,Oricorio-Pa'u,0.00073,23,0.006,7,0.011
691,Servine,0.00070,9,0.002,8,0.013
692,Phanpy,0.00069,5,0.001,5,0.008
693,Teddiursa,0.00069,13,0.003,4,0.006
694,Golett,0.00066,18,0.005,0,0.000
695,Smoochum,0.00063,61,0.015,24,0.038
696,Mudkip,0.00061,15,0.004,4,0.006
697,Cranidos,0.00060,11,0.003,3,0.005
698,Sandshrew-Alola,0.00059,21,0.005,13,0.020
699,Wailmer,0.00059,2,0.001,2,0.003
700,Grotle,0.00059,4,0.001,3,0.005
701,Weepinbell,0.00058,5,0.001,1,0.002
702,NidoranM,0.00057,8,0.002,6,0.009
703,Seedot,0.00056,2,0.001,0,0.000
704,Cubchoo,0.00056,7,0.002,2,0.003
705,Flabebe,0.00056,3,0.001,1,0.002
706,Bagon,0.00055,7,0.002,1,0.002
707,Lileep,0.00055,6,0.002,6,0.009
708,Fletchinder,0.00054,13,0.003,3,0.005
709,Sandshrew,0.00054,18,0.005,13,0.020
710,Koffing,0.00053,5,0.001,3,0.005
711,Staryu,0.00051,9,0.002,1,0.002
712,Tranquill,0.00051,5,0.001,0,0.000
713,Slowpoke,0.00051,9,0.002,6,0.009
714,Mankey,0.00049,8,0.002,2,0.003
715,Shinx,0.00049,8,0.002,7,0.011
716,Fletchling,0.00048,12,0.003,2,0.003
717,Wormadam,0.00048,5,0.001,2,0.003
718,Luxio,0.00047,3,0.001,0,0.000
719,Drowzee,0.00045,17,0.004,4,0.006
720,Mothim,0.00045,9,0.002,1,0.002
721,Gothorita,0.00045,5,0.001,5,0.008
722,Pansear,0.00044,13,0.003,8,0.013
723,Wormadam-Sandy,0.00042,12,0.003,3,0.005
724,Venipede,0.00041,7,0.002,1,0.002
725,Ponyta,0.00040,5,0.001,0,0.000
726,Shieldon,0.00040,15,0.004,4,0.006
727,Pumpkaboo-Super,0.00040,6,0.002,1,0.002
728,Sandile,0.00040,6,0.002,1,0.002
729,Steenee,0.00040,3,0.001,2,0.003
730,Carvanha,0.00038,4,0.001,0,0.000
731,Meowth-Alola,0.00038,5,0.001,5,0.008
732,Spinarak,0.00037,7,0.002,7,0.011
733,Kirlia,0.00037,14,0.004,0,0.000
734,Swinub,0.00035,2,0.001,2,0.003
735,Pidove,0.00035,4,0.001,1,0.002
736,Trubbish,0.00034,3,0.001,1,0.002
737,Poliwag,0.00034,4,0.001,0,0.000
738,Whismur,0.00033,3,0.001,3,0.005
739,Frillish,0.00033,7,0.002,6,0.009
740,Burmy,0.00033,5,0.001,0,0.000
741,Trumbeak,0.00032,12,0.003,8,0.013
742,Pignite,0.00032,8,0.002,3,0.005
743,Bounsweet,0.00032,12,0.003,1,0.002
744,Pikipek,0.00030,3,0.001,2,0.003
745,Vibrava,0.00029,2,0.001,0,0.000
746,Skiploom,0.00028,3,0.001,1,0.002
747,Floette,0.00026,14,0.004,8,0.013
748,Kakuna,0.00026,34,0.009,11,0.017
749,Krokorok,0.00026,5,0.001,1,0.002
750,Chespin,0.00026,2,0.001,0,0.000
751,Boldore,0.00026,2,0.001,2,0.003
752,Larvitar,0.00025,9,0.002,1,0.002
753,Barboach,0.00024,1,0.000,0,0.000
754,Pumpkaboo,0.00024,11,0.003,4,0.006
755,Watchog,0.00024,8,0.002,1,0.002
756,Buizel,0.00023,5,0.001,2,0.003
757,Growlithe,0.00022,7,0.002,1,0.002
758,Herdier,0.00022,20,0.005,14,0.022
759,Elekid,0.00021,3,0.001,2,0.003
760,Baltoy,0.00020,2,0.001,1,0.002
761,NidoranF,0.00016,4,0.001,2,0.003
762,Tirtouga,0.00015,2,0.001,2,0.003
763,Dewpider,0.00015,7,0.002,1,0.002
764,Deino,0.00015,1,0.000,0,0.000
765,Makuhita,0.00015,1,0.000,0,0.000
766,Amaura,0.00015,1,0.000,1,0.002
767,Spewpa,0.00015,1,0.000,1,0.002
768,Lampent,0.00015,1,0.000,0,0.000
769,Hippopotas,0.00015,1,0.000,1,0.002
770,Monferno,0.00015,1,0.000,1,0.002
771,Solosis,0.00014,1,0.000,0,0.000
772,Cacnea,0.00014,3,0.001,0,0.000
773,Diglett-Alola,0.00014,5,0.001,3,0.005
774,Houndour,0.00014,1,0.000,1,0.002
775,Petilil,0.00014,1,0.000,0,0.000
776,Kabuto,0.00013,3,0.001,1,0.002
777,Sealeo,0.00013,2,0.001,1,0.002
778,Machop,0.00012,2,0.001,1,0.002
779,Pawniard,0.00012,3,0.001,2,0.003
780,Oshawott,0.00011,6,0.002,1,0.002
781,Tentacool,0.00011,4,0.001,4,0.006
782,Swablu,0.00011,1,0.000,0,0.000
783,Illumise,0.00011,10,0.003,4,0.006
784,Yungoos,0.00010,10,0.003,9,0.014
785,Wooper,0.00010,4,0.001,2,0.003
786,Surskit,0.00009,19,0.005,10,0.016
787,Turtwig,0.00009,13,0.003,11,0.017
788,Anorith,0.00008,3,0.001,1,0.002
789,Litleo,0.00007,4,0.001,1,0.002
790,Combee,0.00007,3,0.001,0,0.000
791,Venonat,0.00006,9,0.002,8,0.013
792,Cherubi,0.00006,2,0.001,2,0.003
793,Marill,0.00006,38,0.010,15,0.023
794,Quilladin,0.00005,1,0.000,0,0.000
795,Hoppip,0.00005,1,0.000,1,0.002
796,Seel,0.00004,21,0.005,3,0.005
797,Morelull,0.00003,6,0.002,0,0.000
798,Nidorina,0.00003,5,0.001,2,0.003
799,Vanillite,0.00002,4,0.001,3,0.005
800,Exeggcute,0.00002,4,0.001,4,0.006
801,Klink,0.00002,20,0.005,19,0.030
802,Bronzor,0.00001,1,0.000,0,0.000
803,Grimer-Alola,0.00001,1,0.000,1,0.002
804,Beldum,0.00001,1,0.000,1,0.002
805,Electrike,0.00001,3,0.001,3,0.005
806,Mienfoo,0.00000,2,0.001,0,0.000
807,Cutiefly,0.00000,6,0.002,2,0.003
808,Yanma,0.00000,4,0.001,1,0.002
809,Sentret,0.00000,7,0.002,0,0.000
810,Vulpix,0.00000,7,0.002,4,0.006
811,Gulpin,0.00000,4,0.001,4,0.006
812,Helioptile,0.00000,1,0.000,0,0.000
813,Pumpkaboo-Small,0.00000,4,0.001,4,0.006
814,Zweilous,0.00000,1,0.000,1,0.002
815,Spearow,0.00000,1,0.000,1,0.002
816,Nuzleaf,0.00000,3,0.001,2,0.003
817,Fomantis,0.00000,6,0.002,5,0.008
