 Total battles: 32154
 Avg. weight/team: 0.57
Rank,Pokemon,Usage percentage,Raw,Raw percentage,Real,Real percentage
1,Kartana,31.74592,19126,29.741,14078,29.626
2,Pheromosa,31.20559,19148,29.775,14609,30.743
3,Celesteela,20.77967,11821,18.382,9454,19.895
4,Heatran,16.01674,9208,14.319,6819,14.350
5,Chansey,15.96424,9155,14.236,6888,14.495
6,Tapu Koko,15.41100,9450,14.695,7379,15.528
7,Hoopa-Unbound,13.78614,8275,12.868,5763,12.128
8,Garchomp,13.12720,7942,12.350,5828,12.264
9,Pinsir-Mega,12.86944,7467,11.611,5058,10.644
10,Tapu Fini,12.46397,6698,10.416,5238,11.023
11,Xurkitree,12.41791,7729,12.019,5741,12.081
12,Suicune,12.26775,7202,11.199,5488,11.549
13,Buzzwole,11.68804,6102,9.489,4695,9.880
14,Landorus-Therian,10.67714,6110,9.501,4546,9.567
15,Gyarados-Mega,10.61510,5361,8.336,3847,8.096
16,Snorlax,10.49493,5752,8.944,4393,9.245
17,Magearna,9.18741,5312,8.260,4096,8.620
18,Cresselia,9.03312,5056,7.862,3822,8.043
19,Archeops,8.79397,5941,9.238,4400,9.259
20,Alakazam,8.66289,5347,8.315,3500,7.365
21,Metagross-Mega,8.38858,4774,7.424,3382,7.117
22,Muk-Alola,8.22316,4872,7.576,3856,8.115
23,Doublade,7.96864,3957,6.153,3111,6.547
24,Terrakion,7.87442,4794,7.455,3478,7.319
25,Alakazam-Mega,7.66455,5173,8.044,3445,7.250
26,Swampert,6.93837,3919,6.094,3191,6.715
27,Keldeo,6.62679,3615,5.621,2608,5.488
28,Gengar,6.41053,4046,6.292,2846,5.989
29,Weavile,5.97680,3886,6.043,2953,6.214
30,Ferrothorn,5.18575,3105,4.828,2504,5.269
31,Zapdos,4.85398,2864,4.454,2209,4.649
32,Tyranitar,4.72343,3231,5.024,2298,4.836
33,Marowak-Alola,4.71732,2954,4.594,2242,4.718
34,Blissey,4.36131,2938,4.569,2094,4.407
35,Thundurus-Therian,4.21842,2953,4.592,2218,4.668
36,Raikou,4.14995,2217,3.447,1723,3.626
37,Salazzle,4.01730,2827,4.396,2058,4.331
38,Jolteon,3.92941,2700,4.199,2143,4.510
39,Registeel,3.76194,2497,3.883,2014,4.238
40,Latios,3.55056,2350,3.654,1584,3.333
41,Bewear,3.47204,2359,3.668,1681,3.538
42,Glalie-Mega,3.43872,2260,3.514,1554,3.270
43,Guzzlord,3.43526,2211,3.438,1658,3.489
44,Kyurem,3.23558,1995,3.102,1439,3.028
45,Toxapex,3.18182,2210,3.437,1668,3.510
46,Thundurus,3.14809,1815,2.822,1348,2.837
47,Venusaur-Mega,2.91895,1873,2.913,1460,3.072
48,Golisopod,2.90120,2064,3.210,1614,3.397
49,Aerodactyl,2.83270,1849,2.875,1533,3.226
50,Shuckle,2.81025,2153,3.348,1700,3.577
51,Tapu Lele,2.73608,1754,2.727,1201,2.527
52,Garchomp-Mega,2.71182,1806,2.808,1267,2.666
53,Nihilego,2.67763,1945,3.025,1401,2.948
54,Ninjask,2.66165,1864,2.899,1640,3.451
55,Skarmory,2.63843,1617,2.514,1319,2.776
56,Charizard-Mega-Y,2.58574,1666,2.591,1239,2.607
57,Charizard-Mega-X,2.57643,1559,2.424,1151,2.422
58,Type: Null,2.57470,1562,2.429,1258,2.647
59,Hydreigon,2.55380,1565,2.434,1172,2.466
60,Mandibuzz,2.53165,1238,1.925,989,2.081
61,Porygon-Z,2.46809,1681,2.614,1222,2.572
62,Sceptile,2.43451,1816,2.824,1238,2.605
63,Kommo-o,2.35643,1571,2.443,1131,2.380
64,Magnezone,2.28101,1767,2.748,1391,2.927
65,Tapu Bulu,2.22034,1601,2.490,1141,2.401
66,Scizor,2.21044,1424,2.214,1143,2.405
67,Chandelure,2.12939,1697,2.639,1308,2.753
68,Primarina,2.03249,1121,1.743,857,1.803
69,Darmanitan,1.92336,1283,1.995,1013,2.132
70,Scizor-Mega,1.87433,1447,2.250,1050,2.210
71,Zygarde,1.82548,958,1.490,779,1.639
72,Infernape,1.74520,1188,1.847,925,1.947
73,Sableye-Mega,1.73195,913,1.420,821,1.728
74,Greninja,1.70784,1540,2.395,1119,2.355
75,Meloetta,1.66757,1060,1.648,804,1.692
76,Mew,1.64445,1005,1.563,713,1.500
77,Tornadus-Therian,1.60172,1149,1.787,895,1.883
78,Umbreon,1.58850,1267,1.970,962,2.024
79,Regirock,1.55820,975,1.516,749,1.576
80,Gyarados,1.52105,1142,1.776,851,1.791
81,Mamoswine,1.48773,1136,1.766,861,1.812
82,Marowak,1.46922,736,1.144,601,1.265
83,Hippowdon,1.44574,802,1.247,593,1.248
84,Goodra,1.43821,990,1.539,768,1.616
85,Excadrill,1.38585,1031,1.603,764,1.608
86,Cosmoem,1.33244,1076,1.673,861,1.812
87,Victini,1.31483,902,1.403,655,1.378
88,Volcarona,1.30869,941,1.463,703,1.479
89,Celebi,1.27280,805,1.252,562,1.183
90,Azelf,1.24202,889,1.382,611,1.286
91,Dusclops,1.23806,912,1.418,683,1.437
92,Escavalier,1.23169,989,1.538,816,1.717
93,Aerodactyl-Mega,1.22170,826,1.284,632,1.330
94,Gallade,1.20608,1022,1.589,747,1.572
95,Volcanion,1.20481,820,1.275,576,1.212
96,Palossand,1.16965,744,1.157,567,1.193
97,Ursaring,1.16799,766,1.191,529,1.113
98,Krookodile,1.16487,924,1.437,695,1.463
99,Rhyperior,1.11690,798,1.241,629,1.324
100,Metagross,1.11179,896,1.393,670,1.410
101,Jirachi,1.10770,801,1.246,586,1.233
102,Steelix,1.10433,575,0.894,460,0.968
103,Rampardos,1.09346,840,1.306,613,1.290
104,Diancie,1.08340,775,1.205,587,1.235
105,Staraptor,1.08238,788,1.225,549,1.155
106,Vikavolt,1.06027,723,1.124,541,1.138
107,Roserade,1.01023,839,1.305,620,1.305
108,Moltres,0.98975,691,1.075,560,1.178
109,Cofagrigus,0.98135,592,0.921,466,0.981
110,Kingler,0.96091,582,0.905,438,0.922
111,Hoopa,0.95625,628,0.977,442,0.930
112,Conkeldurr,0.94671,764,1.188,586,1.233
113,Manaphy,0.92560,702,1.092,530,1.115
114,Shaymin,0.90515,538,0.837,373,0.785
115,Rotom-Wash,0.90502,760,1.182,566,1.191
116,Venusaur,0.88580,556,0.865,377,0.793
117,Cobalion,0.88286,573,0.891,425,0.894
118,Porygon2,0.88155,545,0.847,400,0.842
119,Eevee,0.86737,738,1.148,561,1.181
120,Florges,0.86040,712,1.107,528,1.111
121,Accelgor,0.85990,605,0.941,505,1.063
122,Bisharp,0.84994,592,0.921,462,0.972
123,Tornadus,0.79672,554,0.861,449,0.945
124,Electrode,0.78792,634,0.986,552,1.162
125,Rotom-Heat,0.77656,409,0.636,333,0.701
126,Electivire,0.77423,675,1.050,511,1.075
127,Mantine,0.76080,561,0.872,464,0.976
128,Virizion,0.75867,713,1.109,520,1.094
129,Haxorus,0.70970,532,0.827,375,0.789
130,Entei,0.70970,654,1.017,514,1.082
131,Pikachu,0.69407,476,0.740,336,0.707
132,Latias,0.67919,586,0.911,414,0.871
133,Salamence-Mega,0.66151,351,0.546,262,0.551
134,Rotom-Frost,0.63556,472,0.734,342,0.720
135,Crobat,0.62582,521,0.810,408,0.859
136,Empoleon,0.62274,384,0.597,297,0.625
137,Lucario,0.62245,731,1.137,558,1.174
138,Dodrio,0.61796,434,0.675,317,0.667
139,Uxie,0.60344,332,0.516,265,0.558
140,Dusknoir,0.58012,479,0.745,356,0.749
141,Durant,0.57750,367,0.571,273,0.575
142,Regice,0.56343,493,0.767,361,0.760
143,Hawlucha,0.54327,478,0.743,330,0.694
144,Spiritomb,0.54320,334,0.519,263,0.553
145,Togekiss,0.51183,369,0.574,268,0.564
146,Dragonite,0.51084,560,0.871,410,0.863
147,Lycanroc,0.49808,411,0.639,303,0.638
148,Decidueye,0.49599,397,0.617,308,0.648
149,Bouffalant,0.48192,224,0.348,143,0.301
150,Necrozma,0.48110,399,0.620,289,0.608
151,Articuno,0.47949,326,0.507,214,0.450
152,Scrafty,0.47444,337,0.524,232,0.488
153,Braviary,0.46758,402,0.625,294,0.619
154,Jellicent,0.46662,268,0.417,211,0.444
155,Salamence,0.45805,449,0.698,347,0.730
156,Charizard,0.45682,339,0.527,243,0.511
157,Drampa,0.45643,342,0.532,257,0.541
158,Tangrowth,0.42534,295,0.459,232,0.488
159,Lapras,0.42143,274,0.426,207,0.436
160,Greninja-Ash,0.41917,527,0.819,394,0.829
161,Tentacruel,0.40467,354,0.550,269,0.566
162,Milotic,0.39317,408,0.634,296,0.623
163,Alomomola,0.39003,274,0.426,204,0.429
164,Starmie,0.38745,348,0.541,239,0.503
165,Kabutops,0.37931,269,0.418,188,0.396
166,Tauros,0.37749,262,0.407,172,0.362
167,Slowbro-Mega,0.37135,317,0.493,238,0.501
168,Blastoise,0.36937,213,0.331,155,0.326
169,Silvally,0.36772,294,0.457,220,0.463
170,Incineroar,0.36661,371,0.577,297,0.625
171,Chesnaught,0.36319,221,0.344,167,0.351
172,Mudsdale,0.36132,299,0.465,236,0.497
173,Gliscor,0.35100,258,0.401,212,0.446
174,Mimikyu,0.35009,344,0.535,261,0.549
175,Espeon,0.34839,289,0.449,189,0.398
176,Pyroar,0.34391,305,0.474,215,0.452
177,Sharpedo,0.33977,316,0.491,230,0.484
178,Gardevoir,0.33907,344,0.535,256,0.539
179,Turtonator,0.33245,281,0.437,232,0.488
180,Drapion,0.32961,340,0.529,266,0.560
181,Pangoro,0.32050,208,0.323,153,0.322
182,Kingdra,0.31909,310,0.482,227,0.478
183,Gastrodon,0.30200,230,0.358,184,0.387
184,Delphox,0.29822,305,0.474,220,0.463
185,Minior,0.29341,312,0.485,254,0.535
186,Forretress,0.28977,236,0.367,200,0.421
187,Froslass,0.28500,274,0.426,221,0.465
188,Rhydon,0.28336,256,0.398,195,0.410
189,Blastoise-Mega,0.28078,296,0.460,215,0.452
190,Rotom-Mow,0.27885,300,0.467,240,0.505
191,Ambipom,0.27762,232,0.361,168,0.354
192,Slowbro,0.27629,280,0.435,214,0.450
193,Exeggutor-Alola,0.27604,268,0.417,210,0.442
194,Zoroark,0.27387,205,0.319,138,0.290
195,Crabominable,0.27079,156,0.243,119,0.250
196,Raichu-Alola,0.26747,265,0.412,195,0.410
197,Claydol,0.26585,155,0.241,130,0.274
198,Heracross,0.26502,252,0.392,206,0.434
199,Dhelmise,0.25886,205,0.319,154,0.324
200,Vaporeon,0.25707,260,0.404,188,0.396
201,Breloom,0.24859,172,0.267,133,0.280
202,Arcanine,0.24721,314,0.488,234,0.492
203,Glaceon,0.24448,244,0.379,167,0.351
204,Bronzong,0.23812,173,0.269,131,0.276
205,Noivern,0.23682,285,0.443,213,0.448
206,Sylveon,0.23078,194,0.302,149,0.314
207,Pyukumuku,0.23054,265,0.412,204,0.429
208,Mienshao,0.21665,162,0.252,121,0.255
209,Sawsbuck,0.21584,153,0.238,113,0.238
210,Heliolisk,0.21513,232,0.361,153,0.322
211,Camerupt,0.21464,189,0.294,147,0.309
212,Talonflame,0.21065,257,0.400,192,0.404
213,Machamp,0.20430,259,0.403,193,0.406
214,Floatzel,0.19865,201,0.313,153,0.322
215,Torkoal,0.19596,136,0.211,115,0.242
216,Seismitoad,0.19143,167,0.260,123,0.259
217,Dugtrio-Alola,0.18780,172,0.267,116,0.244
218,Mismagius,0.18629,172,0.267,119,0.250
219,Rapidash,0.18604,154,0.239,118,0.248
220,Amoonguss,0.18262,117,0.182,86,0.181
221,Arceus,0.17829,97,0.151,62,0.130
222,Dragalge,0.17692,94,0.146,69,0.145
223,Gourgeist-Super,0.17675,153,0.238,116,0.244
224,Aggron,0.16121,240,0.373,179,0.377
225,Zebstrika,0.15808,108,0.168,89,0.187
226,Jigglypuff,0.15668,64,0.100,51,0.107
227,Flareon,0.15574,151,0.235,113,0.238
228,Deoxys-Attack,0.15489,94,0.146,65,0.137
229,Cloyster,0.15441,145,0.225,114,0.240
230,Serperior,0.15428,143,0.222,82,0.173
231,Gengar-Mega,0.15211,80,0.124,62,0.130
232,Clefable,0.15099,135,0.210,96,0.202
233,Absol-Mega,0.14927,140,0.218,111,0.234
234,Dugtrio,0.14902,124,0.193,91,0.192
235,Luxray,0.14774,177,0.275,141,0.297
236,Poliwrath,0.14332,119,0.185,87,0.183
237,Drifblim,0.13964,280,0.435,200,0.421
238,Sandslash-Alola,0.12915,109,0.169,85,0.179
239,Throh,0.12774,71,0.110,53,0.112
240,Ninetales-Alola,0.12652,142,0.221,104,0.219
241,Wobbuffet,0.12426,136,0.211,103,0.217
242,Bastiodon,0.12297,138,0.215,109,0.229
243,Typhlosion,0.12251,163,0.253,116,0.244
244,Golem-Alola,0.12180,120,0.187,98,0.206
245,Walrein,0.12150,85,0.132,61,0.128
246,Toxicroak,0.11830,120,0.187,72,0.152
247,Nidoking,0.11817,151,0.235,114,0.240
248,Avalugg,0.11713,101,0.157,68,0.143
249,Torterra,0.11700,154,0.239,122,0.257
250,Donphan,0.11694,76,0.118,67,0.141
251,Gligar,0.11606,66,0.103,48,0.101
252,Tyrantrum,0.11549,70,0.109,52,0.109
253,Houndoom,0.11478,159,0.247,117,0.246
254,Lanturn,0.11313,85,0.132,66,0.139
255,Whimsicott,0.11238,95,0.148,76,0.160
256,Tsareena,0.11233,125,0.194,88,0.185
257,Rayquaza-Mega,0.11105,65,0.101,48,0.101
258,Armaldo,0.11086,71,0.110,52,0.109
259,Samurott,0.10943,76,0.118,54,0.114
260,Exeggutor,0.10920,104,0.162,79,0.166
261,Galvantula,0.10884,95,0.148,76,0.160
262,Emboar,0.10832,130,0.202,96,0.202
263,Mewtwo,0.10642,58,0.090,25,0.053
264,Slurpuff,0.10636,74,0.115,39,0.082
265,Scolipede,0.10508,136,0.211,92,0.194
266,Tangela,0.10130,68,0.106,51,0.107
267,Giratina,0.10082,53,0.082,39,0.082
268,Kangaskhan,0.10047,79,0.123,64,0.135
269,Scyther,0.09829,115,0.179,87,0.183
270,Lugia,0.09814,49,0.076,40,0.084
271,Probopass,0.09714,70,0.109,55,0.116
272,Aurorus,0.09708,90,0.140,71,0.149
273,Stunfisk,0.09576,78,0.121,63,0.133
274,Beartic,0.09228,73,0.114,45,0.095
275,Wishiwashi,0.09020,80,0.124,63,0.133
276,Golurk,0.09010,128,0.199,109,0.229
277,Groudon-Primal,0.08710,44,0.068,34,0.072
278,Leafeon,0.08589,109,0.169,73,0.154
279,Farfetch'd,0.08520,83,0.129,59,0.124
280,Ribombee,0.08483,94,0.146,55,0.116
281,Honchkrow,0.08467,94,0.146,67,0.141
282,Cinccino,0.08463,72,0.112,60,0.126
283,Comfey,0.07940,78,0.121,43,0.090
284,Cradily,0.07861,104,0.162,81,0.170
285,Golem,0.07782,70,0.109,56,0.118
286,Relicanth,0.07736,35,0.054,32,0.067
287,Trevenant,0.07705,45,0.070,37,0.078
288,Fraxure,0.07669,55,0.086,35,0.074
289,Magneton,0.07639,60,0.093,46,0.097
290,Jynx,0.07387,71,0.110,42,0.088
291,Feraligatr,0.07197,78,0.121,58,0.122
292,Ampharos,0.07195,69,0.107,63,0.133
293,Sharpedo-Mega,0.07154,58,0.090,42,0.088
294,Raichu,0.07068,70,0.109,58,0.122
295,Dedenne,0.06969,71,0.110,55,0.116
296,Quagsire,0.06863,89,0.138,68,0.143
297,Pelipper,0.06680,63,0.098,50,0.105
298,Wailord,0.06655,64,0.100,47,0.099
299,Clamperl,0.06649,68,0.106,53,0.112
300,Ludicolo,0.06639,68,0.106,51,0.107
301,Granbull,0.06239,63,0.098,49,0.103
302,Zekrom,0.06187,29,0.045,19,0.040
303,Gigalith,0.06187,58,0.090,49,0.103
304,Yanmega,0.06108,67,0.104,47,0.099
305,Stoutland,0.06099,53,0.082,43,0.090
306,Rotom-Fan,0.06017,49,0.076,41,0.086
307,Cryogonal,0.05945,66,0.103,43,0.090
308,Zygarde-10,0.05804,103,0.160,78,0.164
309,Sigilyph,0.05787,56,0.087,35,0.074
310,Flygon,0.05718,87,0.135,67,0.141
311,Passimian,0.05679,73,0.114,60,0.126
312,Togetic,0.05656,59,0.092,41,0.086
313,Togedemaru,0.05557,54,0.084,33,0.069
314,Swellow,0.05494,99,0.154,82,0.173
315,Lilligant,0.05481,55,0.086,39,0.082
316,Araquanid,0.05411,69,0.107,49,0.103
317,Lucario-Mega,0.05408,40,0.062,28,0.059
318,Carbink,0.05220,64,0.100,50,0.105
319,Reuniclus,0.05161,51,0.079,34,0.072
320,Slowking,0.05129,49,0.076,34,0.072
321,Magmortar,0.05077,78,0.121,69,0.145
322,Hariyama,0.05000,64,0.100,43,0.090
323,Dialga,0.04974,21,0.033,19,0.040
324,Omastar,0.04881,36,0.056,28,0.059
325,Nidoqueen,0.04764,39,0.061,34,0.072
326,Meganium,0.04738,71,0.110,48,0.101
327,Kangaskhan-Mega,0.04732,30,0.047,21,0.044
328,Eelektross,0.04641,91,0.142,72,0.152
329,Klinklang,0.04609,62,0.096,54,0.114
330,Absol,0.04529,51,0.079,39,0.082
331,Misdreavus,0.04420,38,0.059,35,0.074
332,Swanna,0.04217,37,0.058,30,0.063
333,Gogoat,0.04194,53,0.082,33,0.069
334,Hitmonlee,0.04191,59,0.092,41,0.086
335,Ninetales,0.04189,32,0.050,26,0.055
336,Diggersby,0.04171,22,0.034,14,0.029
337,Vespiquen,0.04110,41,0.064,27,0.057
338,Lycanroc-Midnight,0.04081,53,0.082,44,0.093
339,Azumarill,0.04036,29,0.045,24,0.051
340,Oranguru,0.03820,34,0.053,26,0.055
341,Weezing,0.03819,55,0.086,39,0.082
342,Komala,0.03753,35,0.054,28,0.059
343,Lickilicky,0.03721,30,0.047,25,0.053
344,Druddigon,0.03708,36,0.056,19,0.040
345,Crawdaunt,0.03609,52,0.081,40,0.084
346,Miltank,0.03576,57,0.089,39,0.082
347,Kyogre,0.03563,17,0.026,9,0.019
348,Silvally-Fairy,0.03548,28,0.044,18,0.038
349,Clawitzer,0.03536,41,0.064,31,0.065
350,Politoed,0.03530,31,0.048,27,0.057
351,Mesprit,0.03523,33,0.051,24,0.051
352,Gourgeist,0.03494,25,0.039,15,0.032
353,Sableye,0.03429,38,0.059,27,0.057
354,Silvally-Ghost,0.03306,30,0.047,27,0.057
355,Electabuzz,0.03303,35,0.054,25,0.053
356,Swalot,0.03238,50,0.078,35,0.074
357,Victreebel,0.03179,34,0.053,24,0.051
358,Persian-Alola,0.02987,51,0.079,33,0.069
359,Aegislash,0.02972,19,0.030,14,0.029
360,Xatu,0.02956,26,0.040,25,0.053
361,Vanilluxe,0.02951,25,0.039,19,0.040
362,Vileplume,0.02889,45,0.070,32,0.067
363,Musharna,0.02874,32,0.050,27,0.057
364,Leavanny,0.02811,43,0.067,31,0.065
365,Klefki,0.02788,24,0.037,17,0.036
366,Abomasnow,0.02616,61,0.095,47,0.099
367,Kyurem-White,0.02561,14,0.022,10,0.021
368,Ledian,0.02499,21,0.033,20,0.042
369,Cacturne,0.02479,26,0.040,22,0.046
370,Muk,0.02466,20,0.031,19,0.040
371,Swoobat,0.02458,20,0.031,12,0.025
372,Silvally-Bug,0.02456,22,0.034,20,0.042
373,Xerneas,0.02454,14,0.022,5,0.011
374,Diglett,0.02338,12,0.019,10,0.021
375,Kyogre-Primal,0.02295,14,0.022,8,0.017
376,Ho-Oh,0.02252,14,0.022,9,0.019
377,Reshiram,0.02238,10,0.016,6,0.013
378,Corsola,0.02186,23,0.036,15,0.032
379,Groudon,0.02178,18,0.028,12,0.025
380,Kecleon,0.02168,21,0.033,14,0.029
381,Phione,0.02165,29,0.045,18,0.038
382,Wigglytuff,0.02075,29,0.045,21,0.044
383,Sandslash,0.02041,11,0.017,9,0.019
384,Salandit,0.02022,20,0.031,18,0.038
385,Toucannon,0.02005,27,0.042,19,0.040
386,Zangoose,0.01971,22,0.034,17,0.036
387,Hitmonchan,0.01960,34,0.053,26,0.055
388,Carracosta,0.01931,20,0.031,16,0.034
389,Magcargo,0.01913,17,0.026,15,0.032
390,Masquerain,0.01888,20,0.031,9,0.019
391,Diglett-Alola,0.01872,12,0.019,12,0.025
392,Lopunny,0.01861,30,0.047,23,0.048
393,Sandshrew-Alola,0.01829,8,0.012,8,0.017
394,Shelgon,0.01786,9,0.014,9,0.019
395,Tropius,0.01784,19,0.030,16,0.034
396,Simisage,0.01764,13,0.020,10,0.021
397,Shiftry,0.01764,13,0.020,11,0.023
398,Silvally-Grass,0.01738,8,0.012,6,0.013
399,Unfezant,0.01729,25,0.039,20,0.042
400,Lurantis,0.01683,19,0.030,15,0.032
401,Gumshoos,0.01677,26,0.040,14,0.029
402,Malamar,0.01641,38,0.059,28,0.059
403,Raticate-Alola,0.01606,38,0.059,29,0.061
404,Solgaleo,0.01590,11,0.017,8,0.017
405,Gurdurr,0.01502,38,0.059,28,0.059
406,Golbat,0.01486,13,0.020,11,0.023
407,Dartrix,0.01467,18,0.028,16,0.034
408,Charjabug,0.01401,12,0.019,9,0.019
409,Bibarel,0.01386,10,0.016,6,0.013
410,Pinsir,0.01363,17,0.026,14,0.029
411,Mawile,0.01360,12,0.019,11,0.023
412,Meowstic,0.01296,25,0.039,21,0.044
413,Silvally-Poison,0.01278,5,0.008,4,0.008
414,Heatmor,0.01264,16,0.025,16,0.034
415,Shiinotic,0.01257,17,0.026,10,0.021
416,Pachirisu,0.01239,19,0.030,14,0.029
417,Chatot,0.01225,17,0.026,15,0.032
418,Pidgeot,0.01201,29,0.045,18,0.038
419,Huntail,0.01198,5,0.008,4,0.008
420,Silvally-Fire,0.01198,12,0.019,8,0.017
421,Sawk,0.01172,8,0.012,7,0.015
422,Rotom,0.01161,15,0.023,13,0.027
423,Liepard,0.01157,10,0.016,9,0.019
424,Weedle,0.01153,10,0.016,8,0.017
425,Piloswine,0.01151,6,0.009,4,0.008
426,Crustle,0.01145,27,0.042,19,0.040
427,Gothitelle,0.01140,20,0.031,16,0.034
428,Primeape,0.01114,10,0.016,8,0.017
429,Altaria,0.01102,29,0.045,27,0.057
430,Vigoroth,0.01074,16,0.025,8,0.017
431,Oricorio-Sensu,0.01048,15,0.023,13,0.027
432,Ariados,0.01045,9,0.014,6,0.013
433,Magmar,0.01025,8,0.012,8,0.017
434,Wormadam-Trash,0.01008,14,0.022,13,0.027
435,Manectric,0.01003,16,0.025,13,0.027
436,Linoone,0.00971,10,0.016,7,0.015
437,Mareanie,0.00970,8,0.012,5,0.011
438,Shaymin-Sky,0.00960,6,0.009,3,0.006
439,Venomoth,0.00955,17,0.026,15,0.032
440,Krabby,0.00947,20,0.031,16,0.034
441,Emolga,0.00943,10,0.016,8,0.017
442,Persian,0.00936,11,0.017,9,0.019
443,Whiscash,0.00929,15,0.023,11,0.023
444,Dragonair,0.00929,11,0.017,9,0.019
445,Munchlax,0.00911,15,0.023,9,0.019
446,Oricorio-Pom-Pom,0.00884,19,0.030,13,0.027
447,Bruxish,0.00867,13,0.020,10,0.021
448,Vivillon,0.00845,11,0.017,11,0.023
449,Hypno,0.00831,14,0.022,11,0.023
450,Seviper,0.00829,23,0.036,15,0.032
451,Unown,0.00822,15,0.023,11,0.023
452,Barbaracle,0.00811,21,0.033,17,0.036
453,Banette,0.00801,15,0.023,11,0.023
454,Dewgong,0.00791,28,0.044,19,0.040
455,Noctowl,0.00788,14,0.022,11,0.023
456,Gastly,0.00778,14,0.022,11,0.023
457,Hakamo-o,0.00758,11,0.017,10,0.021
458,Rattata,0.00751,13,0.020,13,0.027
459,Sunflora,0.00749,12,0.019,9,0.019
460,Bellossom,0.00732,9,0.014,9,0.019
461,Wormadam,0.00714,5,0.008,5,0.011
462,Oricorio,0.00713,19,0.030,13,0.027
463,Torracat,0.00711,14,0.022,12,0.025
464,Aromatisse,0.00708,8,0.012,5,0.011
465,Skuntank,0.00702,18,0.028,16,0.034
466,Exploud,0.00700,9,0.014,8,0.017
467,Audino,0.00679,9,0.014,7,0.015
468,Braixen,0.00626,20,0.031,12,0.025
469,Deoxys-Defense,0.00624,6,0.009,6,0.013
470,Zorua,0.00620,3,0.005,2,0.004
471,Lileep,0.00619,5,0.008,4,0.008
472,Eelektrik,0.00618,3,0.005,3,0.006
473,Jumpluff,0.00609,11,0.017,9,0.019
474,Squirtle,0.00606,6,0.009,6,0.013
475,Mightyena,0.00598,8,0.012,6,0.013
476,Haunter,0.00596,7,0.011,7,0.015
477,Glalie,0.00595,17,0.026,12,0.025
478,Abra,0.00590,5,0.008,4,0.008
479,Mantyke,0.00590,5,0.008,5,0.011
480,Sliggoo,0.00584,11,0.017,7,0.015
481,Arbok,0.00580,7,0.011,7,0.015
482,Aron,0.00570,7,0.011,7,0.015
483,Wartortle,0.00550,12,0.019,9,0.019
484,Deoxys-Speed,0.00549,4,0.006,3,0.006
485,Solrock,0.00542,6,0.009,6,0.013
486,Pignite,0.00534,4,0.006,2,0.004
487,Beedrill,0.00532,6,0.009,3,0.006
488,Sneasel,0.00526,18,0.028,11,0.023
489,Mr. Mime,0.00522,9,0.014,9,0.019
490,Kadabra,0.00521,7,0.011,5,0.011
491,Grumpig,0.00517,15,0.023,9,0.019
492,Charmeleon,0.00517,9,0.014,6,0.013
493,Silvally-Dragon,0.00509,5,0.008,1,0.002
494,Gorebyss,0.00507,9,0.014,6,0.013
495,Simipour,0.00485,4,0.006,3,0.006
496,Budew,0.00484,14,0.022,10,0.021
497,Silvally-Electric,0.00481,4,0.006,3,0.006
498,Furret,0.00479,7,0.011,5,0.011
499,Roselia,0.00479,6,0.009,6,0.013
500,Metang,0.00462,7,0.011,6,0.013
501,Silvally-Steel,0.00447,4,0.006,2,0.004
502,Onix,0.00433,6,0.009,4,0.008
503,Bulbasaur,0.00431,4,0.006,3,0.006
504,Charmander,0.00429,4,0.006,3,0.006
505,Surskit,0.00427,6,0.009,5,0.011
506,Silvally-Dark,0.00420,5,0.008,3,0.006
507,Silvally-Water,0.00407,6,0.009,6,0.013
508,Seedot,0.00399,15,0.023,13,0.027
509,Swadloon,0.00398,5,0.008,5,0.011
510,Lumineon,0.00397,3,0.005,2,0.004
511,Silvally-Ground,0.00384,3,0.005,2,0.004
512,Oricorio-Pa'u,0.00378,5,0.008,4,0.008
513,Simisear,0.00372,3,0.005,2,0.004
514,Gourgeist-Small,0.00369,5,0.008,4,0.008
515,Bayleef,0.00369,6,0.009,6,0.013
516,Krokorok,0.00366,4,0.006,3,0.006
517,Tynamo,0.00363,5,0.008,5,0.011
518,Gible,0.00361,5,0.008,3,0.006
519,Croconaw,0.00360,2,0.003,2,0.004
520,Graveler-Alola,0.00356,4,0.006,3,0.006
521,Litten,0.00355,3,0.005,2,0.004
522,Parasect,0.00350,9,0.014,9,0.019
523,Seadra,0.00349,15,0.023,9,0.019
524,Hitmontop,0.00323,5,0.008,5,0.011
525,Lairon,0.00323,2,0.003,2,0.004
526,Pichu,0.00320,4,0.006,3,0.006
527,Silvally-Fighting,0.00319,3,0.005,3,0.006
528,Geodude,0.00314,4,0.006,4,0.008
529,Marshtomp,0.00306,4,0.006,4,0.008
530,Garbodor,0.00305,4,0.006,4,0.008
531,Ditto,0.00298,8,0.012,7,0.015
532,Vullaby,0.00298,4,0.006,4,0.008
533,Buizel,0.00296,10,0.016,5,0.011
534,Ferroseed,0.00286,4,0.006,3,0.006
535,Fletchinder,0.00276,3,0.005,2,0.004
536,Sudowoodo,0.00274,8,0.012,6,0.013
537,Magnemite,0.00267,4,0.006,3,0.006
538,Poliwhirl,0.00266,4,0.006,2,0.004
539,Delibird,0.00262,5,0.008,5,0.011
540,Murkrow,0.00260,7,0.011,6,0.013
541,Dewott,0.00254,3,0.005,2,0.004
542,Chikorita,0.00250,6,0.009,5,0.011
543,Butterfree,0.00249,4,0.006,3,0.006
544,Herdier,0.00247,2,0.003,2,0.004
545,Pidgeotto,0.00238,3,0.005,3,0.006
546,Purugly,0.00238,4,0.006,4,0.008
547,Bellsprout,0.00233,2,0.003,1,0.002
548,Girafarig,0.00230,3,0.005,3,0.006
549,Carnivine,0.00215,5,0.008,3,0.006
550,Hippopotas,0.00214,3,0.005,3,0.006
551,Vulpix,0.00205,2,0.003,2,0.004
552,Bonsly,0.00204,4,0.006,4,0.008
553,Caterpie,0.00204,4,0.006,4,0.008
554,Cutiefly,0.00204,2,0.003,2,0.004
555,Mudbray,0.00203,2,0.003,1,0.002
556,Beautifly,0.00203,2,0.003,0,0.000
557,Meowth,0.00201,4,0.006,2,0.004
558,Mime Jr.,0.00199,4,0.006,2,0.004
559,Dustox,0.00199,3,0.005,2,0.004
560,Spinda,0.00198,3,0.005,3,0.006
561,Cherrim,0.00197,3,0.005,2,0.004
562,Maractus,0.00197,3,0.005,3,0.006
563,Delcatty,0.00197,2,0.003,1,0.002
564,Azurill,0.00197,2,0.003,1,0.002
565,Golduck,0.00196,4,0.006,4,0.008
566,Silvally-Ice,0.00192,9,0.014,5,0.011
567,Popplio,0.00191,2,0.003,2,0.004
568,Furfrou,0.00191,2,0.003,2,0.004
569,Wurmple,0.00190,2,0.003,1,0.002
570,Chimchar,0.00184,4,0.006,4,0.008
571,Noibat,0.00181,5,0.008,4,0.008
572,Petilil,0.00181,2,0.003,1,0.002
573,Mothim,0.00178,5,0.008,4,0.008
574,Vulpix-Alola,0.00177,6,0.009,5,0.011
575,Magikarp,0.00175,3,0.005,3,0.006
576,Frogadier,0.00175,8,0.012,4,0.008
577,Grovyle,0.00174,2,0.003,1,0.002
578,Castform,0.00174,2,0.003,2,0.004
579,Rowlet,0.00173,2,0.003,2,0.004
580,Bidoof,0.00172,4,0.006,3,0.006
581,Chingling,0.00171,2,0.003,1,0.002
582,Rayquaza,0.00171,1,0.002,0,0.000
583,Lunatone,0.00171,1,0.002,0,0.000
584,Illumise,0.00168,2,0.003,2,0.004
585,Boldore,0.00165,2,0.003,1,0.002
586,Woobat,0.00160,2,0.003,1,0.002
587,Pidgey,0.00160,3,0.005,3,0.006
588,Fearow,0.00154,2,0.003,2,0.004
589,Seaking,0.00153,1,0.002,0,0.000
590,Gourgeist-Large,0.00153,3,0.005,3,0.006
591,Meowth-Alola,0.00153,2,0.003,2,0.004
592,Quilava,0.00153,5,0.008,5,0.011
593,Monferno,0.00152,1,0.002,1,0.002
594,Lombre,0.00152,3,0.005,1,0.002
595,Riolu,0.00148,3,0.005,3,0.006
596,Bagon,0.00148,2,0.003,2,0.004
597,Zweilous,0.00144,2,0.003,1,0.002
598,Piplup,0.00137,5,0.008,4,0.008
599,Yamask,0.00135,1,0.002,1,0.002
600,Pumpkaboo-Small,0.00135,1,0.002,1,0.002
601,Magby,0.00133,2,0.003,2,0.004
602,Flaaffy,0.00132,2,0.003,2,0.004
603,Deino,0.00124,2,0.003,2,0.004
604,Brionne,0.00122,3,0.005,3,0.006
605,Cacnea,0.00121,4,0.006,2,0.004
606,Kirlia,0.00116,2,0.003,2,0.004
607,Kakuna,0.00115,9,0.014,9,0.019
608,Archen,0.00115,2,0.003,2,0.004
609,Elekid,0.00113,1,0.002,1,0.002
610,Cascoon,0.00113,1,0.002,1,0.002
611,Wailmer,0.00113,2,0.003,1,0.002
612,Volbeat,0.00113,5,0.008,4,0.008
613,Sunkern,0.00111,16,0.025,16,0.034
614,Blitzle,0.00111,1,0.002,1,0.002
615,Minccino,0.00106,1,0.002,1,0.002
616,Ivysaur,0.00106,5,0.008,5,0.011
617,Duosion,0.00106,1,0.002,1,0.002
618,Clefairy,0.00106,1,0.002,1,0.002
619,Metapod,0.00106,1,0.002,1,0.002
620,Beheeyem,0.00105,1,0.002,1,0.002
621,Landorus,0.00105,2,0.003,1,0.002
622,Totodile,0.00103,1,0.002,1,0.002
623,Kricketot,0.00103,3,0.005,2,0.004
624,Buneary,0.00103,5,0.008,4,0.008
625,Psyduck,0.00102,4,0.006,2,0.004
626,Jangmo-o,0.00102,1,0.002,1,0.002
627,Geodude-Alola,0.00102,1,0.002,1,0.002
628,Crabrawler,0.00102,1,0.002,1,0.002
629,Raticate,0.00101,5,0.008,2,0.004
630,Basculin,0.00101,1,0.002,1,0.002
631,Doduo,0.00101,1,0.002,0,0.000
632,Goldeen,0.00101,1,0.002,0,0.000
633,Slowpoke,0.00101,1,0.002,0,0.000
634,Minun,0.00101,1,0.002,1,0.002
635,Luvdisc,0.00101,1,0.002,1,0.002
636,Axew,0.00101,1,0.002,1,0.002
637,Sandshrew,0.00101,1,0.002,1,0.002
638,Grimer-Alola,0.00101,1,0.002,1,0.002
639,Plusle,0.00101,1,0.002,1,0.002
640,Pumpkaboo-Super,0.00101,1,0.002,1,0.002
641,Voltorb,0.00101,1,0.002,1,0.002
642,Solosis,0.00101,1,0.002,1,0.002
643,Nincada,0.00101,1,0.002,1,0.002
644,Honedge,0.00101,1,0.002,0,0.000
645,Anorith,0.00101,1,0.002,1,0.002
646,Houndour,0.00101,1,0.002,1,0.002
647,Litleo,0.00100,3,0.005,3,0.006
648,Shinx,0.00100,1,0.002,1,0.002
649,Servine,0.00100,3,0.005,2,0.004
650,Porygon,0.00099,1,0.002,1,0.002
651,Luxio,0.00095,1,0.002,1,0.002
652,Loudred,0.00094,1,0.002,1,0.002
653,Grotle,0.00093,3,0.005,3,0.006
654,Dunsparce,0.00092,1,0.002,0,0.000
655,Fennekin,0.00090,1,0.002,1,0.002
656,Vanillite,0.00090,1,0.002,1,0.002
657,Snivy,0.00090,1,0.002,1,0.002
658,Mareep,0.00082,2,0.003,1,0.002
659,Pupitar,0.00082,2,0.003,0,0.000
660,Staravia,0.00081,2,0.003,2,0.004
661,Sandygast,0.00077,2,0.003,2,0.004
662,Pidove,0.00075,1,0.002,0,0.000
663,Koffing,0.00075,1,0.002,1,0.002
664,Zubat,0.00075,1,0.002,1,0.002
665,Pineco,0.00074,3,0.005,3,0.006
666,Nosepass,0.00072,5,0.008,2,0.004
667,Tentacool,0.00071,2,0.003,2,0.004
668,Wormadam-Sandy,0.00065,1,0.002,1,0.002
669,Kricketune,0.00065,1,0.002,1,0.002
670,Tepig,0.00063,3,0.005,3,0.006
671,Teddiursa,0.00063,3,0.005,1,0.002
672,Ponyta,0.00062,1,0.002,1,0.002
673,Frillish,0.00057,2,0.003,2,0.004
674,Croagunk,0.00052,4,0.006,4,0.008
675,Happiny,0.00051,3,0.005,3,0.006
676,Togepi,0.00051,1,0.002,1,0.002
677,Spheal,0.00051,4,0.006,3,0.006
678,Drilbur,0.00051,1,0.002,0,0.000
679,Trapinch,0.00049,2,0.003,1,0.002
680,Oshawott,0.00047,2,0.003,2,0.004
681,Quilladin,0.00046,1,0.002,1,0.002
682,Chespin,0.00040,1,0.002,1,0.002
683,Rockruff,0.00040,1,0.002,0,0.000
684,Ralts,0.00032,11,0.017,11,0.023
685,Duskull,0.00022,1,0.002,1,0.002
686,Tyrogue,0.00020,3,0.005,2,0.004
687,Electrike,0.00020,3,0.005,2,0.004
688,Turtwig,0.00019,4,0.006,4,0.008
689,Machoke,0.00016,2,0.003,1,0.002
690,Rhyhorn,0.00013,1,0.002,1,0.002
691,Treecko,0.00011,1,0.002,0,0.000
692,Trubbish,0.00004,4,0.006,2,0.004
693,Qwilfish,0.00004,4,0.006,4,0.008
694,Aipom,0.00003,2,0.003,2,0.004
695,Pansage,0.00003,2,0.003,2,0.004
696,Nuzleaf,0.00003,2,0.003,0,0.000
697,Snover,0.00002,1,0.002,1,0.002
698,Shuppet,0.00001,3,0.005,1,0.002
699,Octillery,0.00001,3,0.005,2,0.004
700,Numel,0.00001,3,0.005,1,0.002
701,Feebas,0.00001,4,0.006,4,0.008
702,Scatterbug,0.00001,9,0.014,9,0.019
703,Elgyem,0.00000,1,0.002,1,0.002
704,Wooper,0.00000,5,0.008,5,0.011
705,Joltik,0.00000,2,0.003,2,0.004
706,Inkay,0.00000,2,0.003,2,0.004
707,Sentret,0.00000,6,0.009,6,0.013
708,Litwick,0.00000,2,0.003,1,0.002
709,Stantler,0.00000,2,0.003,2,0.004
710,Makuhita,0.00000,3,0.005,3,0.006
711,Zigzagoon,0.00000,3,0.005,3,0.006
712,Rattata-Alola,0.00000,3,0.005,3,0.006
713,Wingull,0.00000,2,0.003,2,0.004
714,Cherubi,0.00000,2,0.003,2,0.004
715,Graveler,0.00000,1,0.002,1,0.002
