 Total battles: 127166
 Avg. weight/team: 0.141
Rank,Pokemon,Usage percentage,Raw,Raw percentage,Real,Real percentage
1,Donphan,25.02992,48681,19.141,41376,21.026
2,Crawdaunt,13.23387,21420,8.422,16442,8.355
3,Darmanitan,13.00454,28504,11.207,21817,11.087
4,Entei,12.32577,20153,7.924,15136,7.692
5,Nidoking,9.87891,18811,7.396,14603,7.421
6,Gligar,9.55713,14073,5.533,11667,5.929
7,Kyurem,9.35807,14567,5.728,10895,5.536
8,Chesnaught,9.24772,16286,6.403,13148,6.681
9,Bronzong,8.95277,18147,7.135,15993,8.127
10,Haxorus,8.56227,14275,5.613,9717,4.938
11,Heracross,7.95833,11416,4.489,8454,4.296
12,Lucario,7.56975,13742,5.403,10046,5.105
13,Swellow,7.56778,15874,6.241,11973,6.084
14,Nidoqueen,7.48206,10530,4.140,8921,4.533
15,Blastoise,7.46410,17729,6.971,14610,7.424
16,Roserade,7.42984,12244,4.814,9741,4.950
17,Alomomola,7.39288,14409,5.665,11171,5.677
18,Escavalier,6.96861,10427,4.100,8531,4.335
19,Gigalith,6.85156,11597,4.560,10561,5.367
20,Espeon,6.62971,15647,6.152,11950,6.073
21,Heliolisk,6.30492,14458,5.685,10658,5.416
22,Honchkrow,6.21738,10610,4.172,7875,4.002
23,Reuniclus,6.17706,9370,3.684,6937,3.525
24,Doublade,6.11027,10609,4.171,8392,4.265
25,Araquanid,6.04798,19904,7.826,15382,7.817
26,Venusaur,5.96134,12930,5.084,10207,5.187
27,Diancie,5.90080,10004,3.933,8389,4.263
28,Florges,5.59098,13336,5.244,9772,4.966
29,Suicune,5.52487,7092,2.788,5573,2.832
30,Hawlucha,5.28398,9571,3.763,6947,3.530
31,Feraligatr,5.26934,10585,4.162,7723,3.925
32,Comfey,5.05833,11915,4.685,8723,4.433
33,Goodra,5.00432,14389,5.658,11096,5.639
34,Torkoal,4.99475,12062,4.743,11032,5.606
35,Galvantula,4.60881,12949,5.091,11383,5.784
36,Dragalge,4.57122,8303,3.265,6483,3.294
37,Toxicroak,4.51044,8034,3.159,6249,3.176
38,Cloyster,4.40405,11616,4.567,8704,4.423
39,Golisopod,4.36812,11074,4.354,9042,4.595
40,Umbreon,4.29610,8874,3.489,6834,3.473
41,Tyrantrum,4.24874,8833,3.473,6253,3.178
42,Cresselia,4.17561,8743,3.438,6321,3.212
43,Porygon2,4.11673,8849,3.479,6964,3.539
44,Shaymin,4.10633,7195,2.829,5504,2.797
45,Jolteon,4.05552,15456,6.077,11715,5.953
46,Aerodactyl,3.99695,10027,3.942,8363,4.250
47,Registeel,3.99263,6837,2.688,5887,2.992
48,Milotic,3.97097,9646,3.793,7640,3.882
49,Rotom-Heat,3.94750,8885,3.493,7427,3.774
50,Gardevoir,3.86683,8866,3.486,6487,3.296
51,Stoutland,3.83254,5383,2.117,3995,2.030
52,Lycanroc,3.59426,7576,2.979,6043,3.071
53,Rhyperior,3.57596,6307,2.480,5158,2.621
54,Slowbro,3.56358,8160,3.208,6346,3.225
55,Venomoth,3.49042,6031,2.371,4409,2.241
56,Zoroark,3.48969,7790,3.063,3280,1.667
57,Whimsicott,3.39119,5917,2.326,4787,2.433
58,Hoopa,3.34970,7109,2.795,5195,2.640
59,Glalie-Mega,3.34449,9906,3.895,7271,3.695
60,Snorlax,3.31229,6348,2.496,4725,2.401
61,Tornadus,3.28970,5366,2.110,4068,2.067
62,Slowking,3.28899,6596,2.593,5188,2.636
63,Silvally-Ghost,3.23095,5345,2.102,4193,2.131
64,Seismitoad,3.22891,5306,2.086,4673,2.375
65,Jellicent,3.22884,6492,2.553,5237,2.661
66,Komala,3.12105,7777,3.058,6025,3.062
67,Rotom-Mow,3.09759,6378,2.508,5296,2.691
68,Hitmontop,3.07216,8734,3.434,7135,3.626
69,Dodrio,2.97370,8047,3.164,5764,2.929
70,Golbat,2.96725,6144,2.416,4866,2.473
71,Minior,2.82360,8170,3.212,6092,3.096
72,Salazzle,2.80265,8705,3.423,6424,3.264
73,Froslass,2.77344,5694,2.239,4931,2.506
74,Absol-Mega,2.72961,4649,1.828,3460,1.758
75,Uxie,2.70863,5092,2.002,4631,2.353
76,Durant,2.57159,6586,2.590,4898,2.489
77,Persian-Alola,2.56591,8096,3.183,6467,3.286
78,Mismagius,2.53845,6301,2.477,4740,2.409
79,Metagross,2.43777,4530,1.781,3673,1.867
80,Lurantis,2.40494,7012,2.757,5335,2.711
81,Cofagrigus,2.39330,8829,3.471,7152,3.634
82,Slurpuff,2.30096,4887,1.922,3256,1.655
83,Machamp,2.17092,5470,2.151,4357,2.214
84,Talonflame,2.14092,3870,1.522,2892,1.470
85,Bruxish,2.09749,6972,2.741,5070,2.576
86,Crobat,2.05856,3993,1.570,3134,1.593
87,Pyukumuku,2.04501,3455,1.358,2850,1.448
88,Virizion,1.96461,4674,1.838,3513,1.785
89,Hitmonlee,1.95371,7129,2.803,5329,2.708
90,Steelix,1.94283,3880,1.526,3341,1.698
91,Braviary,1.94113,7024,2.762,5301,2.694
92,Claydol,1.93279,6975,2.742,5718,2.906
93,Ninetales,1.91489,4500,1.769,3750,1.906
94,Shuckle,1.90050,5619,2.209,5131,2.607
95,Noivern,1.86935,4856,1.909,3728,1.894
96,Vaporeon,1.84016,4916,1.933,3869,1.966
97,Shiftry,1.83630,3398,1.336,2615,1.329
98,Ambipom,1.80219,10960,4.309,9076,4.612
99,Pangoro,1.79692,3615,1.421,2758,1.402
100,Chandelure,1.75324,4557,1.792,3365,1.710
101,Mienshao,1.75284,3953,1.554,3066,1.558
102,Klefki,1.75121,3660,1.439,3170,1.611
103,Vikavolt,1.72721,5857,2.303,4418,2.245
104,Omastar,1.72303,3154,1.240,2621,1.332
105,Yanmega,1.71305,3918,1.541,2981,1.515
106,Ribombee,1.68972,4819,1.895,3416,1.736
107,Dugtrio-Alola,1.63335,4181,1.644,3021,1.535
108,Gastrodon,1.61291,5260,2.068,4239,2.154
109,Accelgor,1.59076,7197,2.830,5712,2.903
110,Drapion,1.54222,6970,2.741,5560,2.825
111,Cryogonal,1.53445,3129,1.230,2447,1.243
112,Eelektross,1.49467,6800,2.674,5525,2.808
113,Poliwrath,1.49289,2861,1.125,2356,1.197
114,Guzzlord,1.46775,4196,1.650,3257,1.655
115,Cinccino,1.46283,7131,2.804,5462,2.776
116,Medicham,1.45634,4188,1.647,3039,1.544
117,Moltres,1.44291,4038,1.588,3166,1.609
118,Sharpedo,1.43109,2887,1.135,2097,1.066
119,Drampa,1.41029,5211,2.049,3773,1.917
120,Sigilyph,1.40791,4166,1.638,3061,1.556
121,Delphox,1.39993,6256,2.460,4586,2.330
122,Kommo-o,1.38067,2027,0.797,1518,0.771
123,Meloetta,1.35707,4527,1.780,3290,1.672
124,Exeggutor-Alola,1.34521,5645,2.220,4214,2.141
125,Charizard,1.31674,4485,1.763,3327,1.691
126,Cradily,1.29648,4222,1.660,3414,1.735
127,Exploud,1.28034,4854,1.909,3557,1.808
128,Togekiss,1.27766,3213,1.263,2460,1.250
129,Linoone,1.26759,3215,1.264,2360,1.199
130,Emboar,1.26016,4633,1.822,3455,1.756
131,Incineroar,1.24654,5177,2.036,3996,2.031
132,Alakazam,1.22773,2383,0.937,1628,0.827
133,Arcanine,1.16761,4659,1.832,3659,1.859
134,Kabutops,1.15292,3774,1.484,2859,1.453
135,Spiritomb,1.13097,2608,1.025,2055,1.044
136,Shedinja,1.11917,1717,0.675,1148,0.583
137,Sandslash-Alola,1.11254,3749,1.474,2824,1.435
138,Xatu,1.11205,3348,1.316,2625,1.334
139,Swampert,1.10684,1989,0.782,1768,0.898
140,Shiinotic,1.09430,3262,1.283,2537,1.289
141,Piloswine,1.09357,2243,0.882,1982,1.007
142,Qwilfish,1.09260,3195,1.256,2815,1.430
143,Lanturn,1.03561,3443,1.354,2755,1.400
144,Golem-Alola,1.02838,3984,1.566,3228,1.640
145,Druddigon,1.02520,3832,1.507,3308,1.681
146,Flygon,0.99409,2523,0.992,1898,0.965
147,Scrafty,0.96978,4918,1.934,3743,1.902
148,Celebi,0.96864,1455,0.572,1165,0.592
149,Granbull,0.95985,2756,1.084,2176,1.106
150,Mudsdale,0.95596,4012,1.577,3098,1.574
151,Sneasel,0.94302,1748,0.687,1306,0.664
152,Hitmonchan,0.92281,4132,1.625,3161,1.606
153,Avalugg,0.88719,3068,1.206,2279,1.158
154,Aggron,0.87726,6106,2.401,4909,2.495
155,Trevenant,0.86668,3344,1.315,2629,1.336
156,Houndoom,0.86090,3584,1.409,2662,1.353
157,Palossand,0.85437,3676,1.445,2933,1.490
158,Archeops,0.85356,4917,1.933,4090,2.078
159,Raichu-Alola,0.84629,3750,1.474,2756,1.401
160,Electivire,0.83684,4964,1.952,3600,1.829
161,Togetic,0.83529,2511,0.987,1917,0.974
162,Toucannon,0.79306,2576,1.013,1975,1.004
163,Sableye,0.78979,2284,0.898,1845,0.938
164,Cacturne,0.78941,3047,1.198,2319,1.178
165,Mesprit,0.78708,2061,0.810,1769,0.899
166,Politoed,0.77063,2393,0.941,2154,1.095
167,Aromatisse,0.76608,2731,1.074,1984,1.008
168,Crabominable,0.74649,2749,1.081,1959,0.996
169,Gallade,0.74518,2974,1.169,2159,1.097
170,Garbodor,0.72729,1653,0.650,1399,0.711
171,Typhlosion,0.71107,3439,1.352,2494,1.267
172,Silvally,0.70647,2086,0.820,1649,0.838
173,Victreebel,0.68725,2421,0.952,1892,0.961
174,Wishiwashi,0.67420,3501,1.377,2587,1.315
175,Quagsire,0.66299,2756,1.084,2142,1.088
176,Clawitzer,0.64323,4064,1.598,3113,1.582
177,Abomasnow,0.63907,2430,0.955,1983,1.008
178,Exeggutor,0.63312,1870,0.735,1372,0.697
179,Silvally-Steel,0.62387,1634,0.642,1353,0.688
180,Miltank,0.61791,2967,1.167,2340,1.189
181,Scyther,0.60538,2826,1.111,2152,1.094
182,Togedemaru,0.60068,3194,1.256,2629,1.336
183,Vanilluxe,0.59998,1979,0.778,1644,0.835
184,Ludicolo,0.58911,2280,0.896,1720,0.874
185,Sandslash,0.58825,2049,0.806,1640,0.833
186,Type: Null,0.57693,2152,0.846,1668,0.848
187,Golurk,0.54382,2723,1.071,2135,1.085
188,Ninetales-Alola,0.53903,1800,0.708,1518,0.771
189,Meowstic,0.53658,1602,0.630,1291,0.656
190,Hariyama,0.53205,2240,0.881,1805,0.917
191,Absol,0.53185,3537,1.391,2565,1.303
192,Malamar,0.52917,2154,0.847,1682,0.855
193,Sceptile,0.52580,2705,1.064,1957,0.994
194,Lycanroc-Midnight,0.52330,2390,0.940,1845,0.938
195,Raticate-Alola,0.51920,1197,0.471,890,0.452
196,Mawile,0.51710,1469,0.578,1206,0.613
197,Camerupt,0.50598,1838,0.723,1501,0.763
198,Aurorus,0.50327,2331,0.917,1805,0.917
199,Turtonator,0.48689,2615,1.028,1972,1.002
200,Passimian,0.48350,1676,0.659,1278,0.649
201,Barbaracle,0.43813,2138,0.841,1522,0.773
202,Silvally-Electric,0.41129,1398,0.550,1030,0.523
203,Leafeon,0.41038,2294,0.902,1753,0.891
204,Magmortar,0.41019,2208,0.868,1669,0.848
205,Bibarel,0.40803,3066,1.206,2311,1.174
206,Rotom,0.40355,1084,0.426,898,0.456
207,Torterra,0.40308,1943,0.764,1541,0.783
208,Smeargle,0.39810,1710,0.672,1466,0.745
209,Lilligant,0.38513,1502,0.591,1065,0.541
210,Tangela,0.37990,1174,0.462,917,0.466
211,Vivillon,0.36897,2086,0.820,1524,0.774
212,Gourgeist-Super,0.35056,2114,0.831,1646,0.836
213,Masquerain,0.34823,2100,0.826,1692,0.860
214,Weezing,0.34322,2589,1.018,2102,1.068
215,Crustle,0.33103,1693,0.666,1404,0.713
216,Ferroseed,0.32540,834,0.328,720,0.366
217,Regirock,0.31940,1614,0.635,1277,0.649
218,Ditto,0.31915,2685,1.056,2019,1.026
219,Carbink,0.31696,1408,0.554,1288,0.655
220,Leavanny,0.31628,2017,0.793,1738,0.883
221,Dusclops,0.30045,2498,0.982,1998,1.015
222,Vileplume,0.29296,1696,0.667,1320,0.671
223,Kecleon,0.28955,2000,0.786,1536,0.781
224,Manectric,0.28349,1507,0.593,1134,0.576
225,Silvally-Fairy,0.28290,938,0.369,698,0.355
226,Audino,0.27752,1051,0.413,784,0.398
227,Skuntank,0.27394,1560,0.613,1228,0.624
228,Whirlipede,0.26888,518,0.204,449,0.228
229,Gourgeist,0.26409,703,0.276,526,0.267
230,Ninjask,0.25913,1342,0.528,1067,0.542
231,Altaria,0.24899,2103,0.827,1573,0.799
232,Pawniard,0.24755,364,0.143,276,0.140
233,Primeape,0.24633,1259,0.495,953,0.484
234,Rotom-Fan,0.24497,660,0.260,535,0.272
235,Beartic,0.24279,1535,0.604,1094,0.556
236,Rhydon,0.23670,1452,0.571,1115,0.567
237,Liepard,0.23425,2297,0.903,1826,0.928
238,Oricorio-Sensu,0.22524,885,0.348,661,0.336
239,Gourgeist-Large,0.22259,280,0.110,230,0.117
240,Basculin,0.22196,1537,0.604,1134,0.576
241,Gumshoos,0.21909,1902,0.748,1368,0.695
242,Musharna,0.21125,573,0.225,392,0.199
243,Flareon,0.20963,1932,0.760,1404,0.713
244,Armaldo,0.20956,1697,0.667,1364,0.693
245,Lickilicky,0.20826,1030,0.405,764,0.388
246,Sawsbuck,0.20558,1088,0.428,806,0.410
247,Silvally-Water,0.20499,877,0.345,714,0.363
248,Articuno,0.20492,1962,0.771,1464,0.744
249,Ursaring,0.20320,1365,0.537,989,0.503
250,Haunter,0.20154,1469,0.578,1066,0.542
251,Gurdurr,0.20104,710,0.279,591,0.300
252,Sawk,0.20032,846,0.333,608,0.309
253,Rampardos,0.19945,1468,0.577,1058,0.538
254,Jynx,0.19066,1282,0.504,927,0.471
255,Dusknoir,0.18926,2138,0.841,1725,0.877
256,Ampharos,0.18893,2592,1.019,1917,0.974
257,Chatot,0.18580,1442,0.567,1061,0.539
258,Klinklang,0.18347,1359,0.534,1032,0.524
259,Golem,0.18300,924,0.363,769,0.391
260,Misdreavus,0.18292,721,0.283,610,0.310
261,Tauros,0.17557,1355,0.533,980,0.498
262,Beheeyem,0.17406,1203,0.473,886,0.450
263,Bellossom,0.17330,1248,0.491,906,0.460
264,Ariados,0.17003,2321,0.913,2010,1.021
265,Pinsir,0.17002,625,0.246,460,0.234
266,Kingler,0.16927,1128,0.444,874,0.444
267,Drifblim,0.16630,1594,0.627,1205,0.612
268,Trapinch,0.16620,324,0.127,228,0.116
269,Probopass,0.16452,1112,0.437,894,0.454
270,Sudowoodo,0.16195,673,0.265,521,0.265
271,Zangoose,0.15929,1479,0.582,1086,0.552
272,Corsola,0.15809,982,0.386,775,0.394
273,Carracosta,0.15692,1432,0.563,1204,0.612
274,Floatzel,0.15202,1404,0.552,1058,0.538
275,Pyroar,0.15115,1224,0.481,890,0.452
276,Clefairy,0.14519,842,0.331,627,0.319
277,Lapras,0.14320,1858,0.731,1407,0.715
278,Slaking,0.14060,1397,0.549,983,0.500
279,Silvally-Dragon,0.13895,323,0.127,256,0.130
280,Arbok,0.13855,2228,0.876,1651,0.839
281,Regice,0.13810,1394,0.548,1043,0.530
282,Lunatone,0.13574,417,0.164,321,0.163
283,Solrock,0.13517,496,0.195,382,0.194
284,Gourgeist-Small,0.13413,424,0.167,339,0.172
285,Silvally-Ground,0.12858,439,0.173,338,0.172
286,Stunfisk,0.12747,711,0.280,594,0.302
287,Servine,0.12264,327,0.129,241,0.122
288,Bastiodon,0.12248,1835,0.721,1558,0.792
289,Samurott,0.12152,691,0.272,519,0.264
290,Electrode,0.12119,1604,0.631,1276,0.648
291,Jumpluff,0.12044,674,0.265,514,0.261
292,Vullaby,0.12022,353,0.139,284,0.144
293,Silvally-Fire,0.11985,637,0.250,469,0.238
294,Oricorio-Pom-Pom,0.11684,525,0.206,382,0.194
295,Muk,0.11591,1202,0.473,921,0.468
296,Golduck,0.11423,667,0.262,508,0.258
297,Wigglytuff,0.11385,935,0.368,710,0.361
298,Gorebyss,0.11351,608,0.239,428,0.217
299,Clefable,0.11133,232,0.091,187,0.095
300,Combusken,0.10940,1012,0.398,733,0.372
301,Luxray,0.10754,1276,0.502,1007,0.512
302,Vulpix-Alola,0.10607,188,0.074,154,0.078
303,Swoobat,0.10582,861,0.339,605,0.307
304,Metang,0.09782,734,0.289,636,0.323
305,Kingdra,0.09634,119,0.047,91,0.046
306,Glaceon,0.09578,1108,0.436,772,0.392
307,Meganium,0.09521,1245,0.490,955,0.485
308,Kadabra,0.09478,527,0.207,372,0.189
309,Silvally-Flying,0.09317,306,0.120,234,0.119
310,Tropius,0.09082,654,0.257,474,0.241
311,Kangaskhan,0.08865,462,0.182,354,0.180
312,Noctowl,0.08715,1109,0.436,811,0.412
313,Bouffalant,0.08569,1294,0.509,983,0.500
314,Lopunny,0.08567,900,0.354,620,0.315
315,Throh,0.08420,548,0.215,420,0.213
316,Relicanth,0.07994,685,0.269,553,0.281
317,Hippopotas,0.07988,228,0.090,197,0.100
318,Marowak,0.07847,919,0.361,719,0.365
319,Swanna,0.07724,600,0.236,459,0.233
320,Heatmor,0.07709,829,0.326,636,0.323
321,Emolga,0.07669,828,0.326,643,0.327
322,Gabite,0.07669,528,0.208,445,0.226
323,Oricorio,0.07667,365,0.144,282,0.143
324,Oranguru,0.07658,672,0.264,505,0.257
325,Lumineon,0.07619,622,0.245,499,0.254
326,Dewgong,0.07560,455,0.179,359,0.182
327,Raichu,0.07525,889,0.350,660,0.335
328,Furfrou,0.07268,680,0.267,495,0.252
329,Silvally-Poison,0.07199,231,0.091,176,0.089
330,Eevee,0.07179,537,0.211,376,0.191
331,Diglett,0.06908,304,0.120,193,0.098
332,Butterfree,0.06857,883,0.347,678,0.345
333,Furret,0.06839,796,0.313,639,0.325
334,Rapidash,0.06639,1068,0.420,771,0.392
335,Rotom-Frost,0.06551,421,0.166,338,0.172
336,Regigigas,0.06532,760,0.299,583,0.296
337,Mr. Mime,0.06472,949,0.373,682,0.347
338,Silvally-Bug,0.06316,142,0.056,108,0.055
339,Mareanie,0.06268,273,0.107,229,0.116
340,Duosion,0.05606,162,0.064,112,0.057
341,Castform,0.05542,552,0.217,387,0.197
342,Prinplup,0.05537,445,0.175,377,0.192
343,Silvally-Dark,0.05450,277,0.109,214,0.109
344,Silvally-Fighting,0.05422,122,0.048,99,0.050
345,Kricketune,0.05370,477,0.188,386,0.196
346,Magcargo,0.05330,526,0.207,407,0.207
347,Volbeat,0.05105,297,0.117,255,0.130
348,Murkrow,0.05099,659,0.259,485,0.246
349,Unfezant,0.04924,734,0.289,481,0.244
350,Chimecho,0.04820,862,0.339,613,0.312
351,Dragonair,0.04801,280,0.110,209,0.106
352,Gogoat,0.04746,759,0.298,556,0.283
353,Pikachu,0.04661,1249,0.491,938,0.477
354,Walrein,0.04592,515,0.202,397,0.202
355,Hypno,0.04518,518,0.204,393,0.200
356,Vigoroth,0.04493,384,0.151,290,0.147
357,Frogadier,0.04465,613,0.241,491,0.250
358,Parasect,0.04433,665,0.261,514,0.261
359,Simipour,0.04317,480,0.189,352,0.179
360,Delcatty,0.04218,601,0.236,453,0.230
361,Vespiquen,0.04138,501,0.197,348,0.177
362,Zebstrika,0.04113,623,0.245,437,0.222
363,Purugly,0.04013,514,0.202,393,0.200
364,Grumpig,0.03926,527,0.207,394,0.200
365,Silvally-Grass,0.03891,271,0.107,197,0.100
366,Raticate,0.03773,452,0.178,344,0.175
367,Nosepass,0.03773,302,0.119,245,0.125
368,Munchlax,0.03749,134,0.053,107,0.054
369,Sunflora,0.03715,224,0.088,161,0.082
370,Whiscash,0.03704,458,0.180,336,0.171
371,Octillery,0.03631,556,0.219,434,0.221
372,Seaking,0.03605,385,0.151,306,0.155
373,Seviper,0.03593,481,0.189,342,0.174
374,Maractus,0.03522,504,0.198,354,0.180
375,Silvally-Rock,0.03515,80,0.031,67,0.034
376,Wormadam-Trash,0.03292,390,0.153,298,0.151
377,Pidgeot,0.03277,558,0.219,400,0.203
378,Dedenne,0.03133,800,0.315,598,0.304
379,Marshtomp,0.02901,127,0.050,109,0.055
380,Huntail,0.02888,301,0.118,215,0.109
381,Fraxure,0.02880,118,0.046,78,0.040
382,Unown,0.02809,89,0.035,62,0.032
383,Delibird,0.02759,303,0.119,252,0.128
384,Dunsparce,0.02735,695,0.273,546,0.277
385,Quilladin,0.02666,107,0.042,91,0.046
386,Roselia,0.02628,419,0.165,309,0.157
387,Wailord,0.02447,416,0.164,297,0.151
388,Monferno,0.02240,342,0.134,254,0.129
389,Vibrava,0.02233,143,0.056,109,0.055
390,Shelgon,0.02207,163,0.064,110,0.056
391,Pachirisu,0.02182,214,0.084,157,0.080
392,Pineco,0.02164,197,0.077,179,0.091
393,Fearow,0.02139,339,0.133,246,0.125
394,Simisear,0.02135,305,0.120,216,0.110
395,Zweilous,0.02096,122,0.048,96,0.049
396,Gastly,0.02025,54,0.021,42,0.021
397,Beedrill,0.01943,469,0.184,360,0.183
398,Dartrix,0.01920,237,0.093,186,0.095
399,Machoke,0.01771,177,0.070,144,0.073
400,Cherrim,0.01705,152,0.060,101,0.051
401,Mantine,0.01700,89,0.035,75,0.038
402,Wartortle,0.01659,200,0.079,149,0.076
403,Carnivine,0.01657,241,0.095,173,0.088
404,Brionne,0.01646,207,0.081,166,0.084
405,Swalot,0.01576,388,0.153,278,0.141
406,Mothim,0.01560,170,0.067,126,0.064
407,Farfetch'd,0.01541,489,0.192,345,0.175
408,Pupitar,0.01531,128,0.050,97,0.049
409,Fletchinder,0.01504,194,0.076,140,0.071
410,Beautifly,0.01488,223,0.088,169,0.086
411,Girafarig,0.01485,611,0.240,482,0.245
412,Tentacool,0.01461,101,0.040,93,0.047
413,Ivysaur,0.01457,174,0.068,148,0.075
414,Mightyena,0.01354,431,0.169,329,0.167
415,Electabuzz,0.01342,207,0.081,157,0.080
416,Marill,0.01198,101,0.040,63,0.032
417,Chimchar,0.01166,14,0.006,13,0.007
418,Illumise,0.01155,168,0.066,148,0.075
419,Persian,0.01137,684,0.269,573,0.291
420,Gothitelle,0.01118,236,0.093,186,0.095
421,Banette,0.01103,537,0.211,393,0.200
422,Drilbur,0.01098,63,0.025,51,0.026
423,Porygon,0.01093,67,0.026,60,0.030
424,Hakamo-o,0.01086,175,0.069,114,0.058
425,Magnemite,0.01043,89,0.035,67,0.034
426,Elekid,0.01033,24,0.009,22,0.011
427,Torracat,0.00984,214,0.084,170,0.086
428,Graveler-Alola,0.00983,130,0.051,107,0.054
429,Cobalion,0.00967,12,0.005,12,0.006
430,Sliggoo,0.00939,145,0.057,108,0.055
431,Spinda,0.00859,511,0.201,398,0.202
432,Magmar,0.00844,268,0.105,206,0.105
433,Staravia,0.00760,69,0.027,51,0.026
434,Cranidos,0.00738,18,0.007,16,0.008
435,Grimer-Alola,0.00703,20,0.008,14,0.007
436,Riolu,0.00701,183,0.072,151,0.077
437,Charjabug,0.00673,173,0.068,117,0.059
438,Dustox,0.00660,295,0.116,232,0.118
439,Aron,0.00658,128,0.050,100,0.051
440,Bayleef,0.00645,182,0.072,145,0.074
441,Clamperl,0.00620,43,0.017,31,0.016
442,Phione,0.00596,97,0.038,79,0.040
443,Happiny,0.00585,21,0.008,13,0.007
444,Braixen,0.00567,142,0.056,95,0.048
445,Onix,0.00564,125,0.049,110,0.056
446,Lickitung,0.00563,150,0.059,117,0.059
447,Stantler,0.00552,217,0.085,163,0.083
448,Silvally-Ice,0.00538,46,0.018,36,0.018
449,Ledian,0.00514,214,0.084,173,0.088
450,Simisage,0.00494,249,0.098,185,0.094
451,Lairon,0.00485,119,0.047,90,0.046
452,Luvdisc,0.00484,106,0.042,79,0.040
453,Wobbuffet,0.00472,261,0.103,194,0.099
454,Magneton,0.00459,14,0.006,13,0.007
455,Steenee,0.00447,105,0.041,63,0.032
456,Lampent,0.00439,138,0.054,106,0.054
457,Eelektrik,0.00431,96,0.038,76,0.039
458,Gloom,0.00410,35,0.014,27,0.014
459,Minun,0.00387,97,0.038,78,0.040
460,Kirlia,0.00378,37,0.015,30,0.015
461,Morelull,0.00376,31,0.012,26,0.013
462,Treecko,0.00373,24,0.009,23,0.012
463,Oricorio-Pa'u,0.00361,127,0.050,91,0.046
464,Watchog,0.00351,76,0.030,70,0.036
465,Bronzor,0.00347,42,0.017,34,0.017
466,Nincada,0.00343,18,0.007,11,0.006
467,Yanma,0.00331,43,0.017,33,0.017
468,Seadra,0.00326,191,0.075,144,0.073
469,Wormadam-Sandy,0.00316,67,0.026,39,0.020
470,Nuzleaf,0.00303,27,0.011,17,0.009
471,Krokorok,0.00290,93,0.037,70,0.036
472,Nidorina,0.00238,28,0.011,26,0.013
473,Floette,0.00230,44,0.017,29,0.015
474,Glalie,0.00214,95,0.037,79,0.040
475,Cottonee,0.00210,54,0.021,48,0.024
476,Sandshrew-Alola,0.00208,16,0.006,15,0.008
477,Venipede,0.00198,9,0.004,8,0.004
478,Crabrawler,0.00198,60,0.024,50,0.025
479,Rufflet,0.00197,64,0.025,54,0.027
480,Krabby,0.00197,34,0.013,34,0.017
481,Psyduck,0.00191,10,0.004,7,0.004
482,Shelmet,0.00187,40,0.016,33,0.017
483,Flaaffy,0.00183,39,0.015,31,0.016
484,Shroomish,0.00168,24,0.009,17,0.009
485,Nidorino,0.00168,71,0.028,58,0.029
486,Swadloon,0.00155,83,0.033,67,0.034
487,Croconaw,0.00153,56,0.022,44,0.022
488,Mantyke,0.00148,60,0.024,46,0.023
489,Klang,0.00145,82,0.032,61,0.031
490,Rattata,0.00143,167,0.066,146,0.074
491,Ponyta,0.00132,38,0.015,30,0.015
492,Klink,0.00132,7,0.003,6,0.003
493,Drifloon,0.00129,18,0.007,14,0.007
494,Grovyle,0.00122,70,0.028,51,0.026
495,Scraggy,0.00116,36,0.014,27,0.014
496,Cleffa,0.00115,32,0.013,0,0.000
497,Sealeo,0.00113,58,0.023,46,0.023
498,Slakoth,0.00108,6,0.002,5,0.003
499,Staryu,0.00105,39,0.015,27,0.014
500,Carvanha,0.00095,23,0.009,21,0.011
501,Plusle,0.00094,64,0.025,56,0.028
502,Chingling,0.00091,12,0.005,11,0.006
503,Darumaka,0.00090,14,0.006,7,0.004
504,Piplup,0.00088,15,0.006,12,0.006
505,Cosmoem,0.00087,50,0.020,37,0.019
506,Frillish,0.00079,27,0.011,21,0.011
507,Skiploom,0.00077,24,0.009,19,0.010
508,Houndour,0.00076,10,0.004,8,0.004
509,Quilava,0.00075,101,0.040,79,0.040
510,Stufful,0.00071,97,0.038,78,0.040
511,Squirtle,0.00070,111,0.044,93,0.047
512,Cherubi,0.00069,18,0.007,13,0.007
513,Pignite,0.00064,32,0.013,26,0.013
514,Corphish,0.00063,67,0.026,53,0.027
515,Charmeleon,0.00060,79,0.031,68,0.035
516,Magby,0.00059,4,0.002,4,0.002
517,Dwebble,0.00058,11,0.004,10,0.005
518,Wailmer,0.00057,19,0.007,16,0.008
519,Foongus,0.00056,4,0.002,2,0.001
520,Pancham,0.00055,28,0.011,26,0.013
521,Growlithe,0.00054,14,0.006,10,0.005
522,Popplio,0.00051,18,0.007,8,0.004
523,Natu,0.00050,10,0.004,8,0.004
524,Bulbasaur,0.00050,117,0.046,96,0.049
525,Slowpoke,0.00049,10,0.004,5,0.003
526,Seel,0.00049,32,0.013,20,0.010
527,Yamask,0.00047,15,0.006,11,0.006
528,Taillow,0.00047,24,0.009,16,0.008
529,Starly,0.00043,48,0.019,37,0.019
530,Doduo,0.00043,20,0.008,15,0.008
531,Meditite,0.00042,48,0.019,27,0.014
532,Weepinbell,0.00042,38,0.015,32,0.016
533,Gothorita,0.00041,21,0.008,12,0.006
534,Pikipek,0.00041,13,0.005,12,0.006
535,Aipom,0.00038,65,0.026,55,0.028
536,Pidgeotto,0.00037,31,0.012,21,0.011
537,Tirtouga,0.00035,7,0.003,6,0.003
538,Jigglypuff,0.00033,31,0.012,26,0.013
539,Surskit,0.00031,30,0.012,23,0.012
540,Litwick,0.00031,21,0.008,21,0.011
541,Oshawott,0.00030,17,0.007,17,0.009
542,Luxio,0.00029,27,0.011,17,0.009
543,Meowth,0.00027,46,0.018,42,0.021
544,Swinub,0.00026,27,0.011,19,0.010
545,Snivy,0.00026,13,0.005,12,0.006
546,Pichu,0.00025,13,0.005,9,0.005
547,Cubone,0.00025,19,0.007,17,0.009
548,Cascoon,0.00021,4,0.002,3,0.002
549,Axew,0.00020,21,0.008,15,0.008
550,Grotle,0.00020,21,0.008,20,0.010
551,Mudbray,0.00020,24,0.009,19,0.010
552,Magikarp,0.00019,53,0.021,41,0.021
553,Slugma,0.00018,11,0.004,9,0.005
554,Goomy,0.00018,12,0.005,11,0.006
555,Mime Jr.,0.00017,20,0.008,17,0.009
556,Swablu,0.00016,7,0.003,6,0.003
557,Lotad,0.00015,14,0.006,14,0.007
558,Munna,0.00015,12,0.005,7,0.004
559,Weedle,0.00015,17,0.007,14,0.007
560,Salandit,0.00014,20,0.008,19,0.010
561,Zorua,0.00014,12,0.005,4,0.002
562,Rattata-Alola,0.00013,32,0.013,26,0.013
563,Koffing,0.00013,19,0.007,13,0.007
564,Herdier,0.00013,13,0.005,10,0.005
565,Dewott,0.00013,27,0.011,24,0.012
566,Mareep,0.00013,13,0.005,9,0.005
567,Vanillish,0.00012,48,0.019,48,0.024
568,Boldore,0.00012,51,0.020,45,0.023
569,Swirlix,0.00012,20,0.008,14,0.007
570,Lombre,0.00012,13,0.005,10,0.005
571,Zubat,0.00011,10,0.004,9,0.005
572,Trubbish,0.00011,55,0.022,55,0.028
573,Fomantis,0.00011,8,0.003,8,0.004
574,Fennekin,0.00011,10,0.004,8,0.004
575,Vulpix,0.00009,54,0.021,41,0.021
576,Yungoos,0.00009,10,0.004,7,0.004
577,Bellsprout,0.00008,2,0.001,1,0.001
578,Paras,0.00008,31,0.012,23,0.012
579,Makuhita,0.00008,10,0.004,8,0.004
580,Voltorb,0.00008,27,0.011,25,0.013
581,Omanyte,0.00008,4,0.002,4,0.002
582,Combee,0.00007,25,0.010,21,0.011
583,Totodile,0.00007,27,0.011,22,0.011
584,Bidoof,0.00007,4,0.002,3,0.002
585,Wooper,0.00006,11,0.004,8,0.004
586,Togepi,0.00006,7,0.003,4,0.002
587,Geodude,0.00006,15,0.006,14,0.007
588,Electrike,0.00006,8,0.003,8,0.004
589,Gible,0.00006,12,0.005,10,0.005
590,Mankey,0.00005,25,0.010,24,0.012
591,Grimer,0.00005,5,0.002,5,0.003
592,Metapod,0.00005,30,0.012,25,0.013
593,Sandile,0.00005,4,0.002,4,0.002
594,Charmander,0.00005,38,0.015,30,0.015
595,Bunnelby,0.00004,8,0.003,5,0.003
596,Sandygast,0.00004,20,0.008,16,0.008
597,Smoochum,0.00004,10,0.004,4,0.002
598,Phanpy,0.00004,19,0.007,18,0.009
599,Cyndaquil,0.00004,8,0.003,7,0.004
600,Pansage,0.00004,9,0.004,7,0.004
601,Finneon,0.00004,14,0.006,12,0.006
602,Karrablast,0.00004,11,0.004,9,0.005
603,Archen,0.00004,4,0.002,2,0.001
604,Minccino,0.00003,6,0.002,5,0.003
605,Litten,0.00003,35,0.014,22,0.011
606,Rowlet,0.00003,23,0.009,14,0.007
607,Wurmple,0.00003,9,0.004,7,0.004
608,Machop,0.00003,12,0.005,10,0.005
609,Loudred,0.00003,11,0.004,8,0.004
610,Spritzee,0.00003,18,0.007,12,0.006
611,Kricketot,0.00002,16,0.006,13,0.007
612,Goldeen,0.00002,7,0.003,3,0.002
613,Croagunk,0.00002,33,0.013,21,0.011
614,Rhyhorn,0.00002,5,0.002,4,0.002
615,Elgyem,0.00002,13,0.005,12,0.006
616,Poliwag,0.00002,4,0.002,4,0.002
617,Gulpin,0.00002,4,0.002,4,0.002
618,Graveler,0.00002,23,0.009,21,0.011
619,Numel,0.00002,15,0.006,10,0.005
620,Woobat,0.00002,6,0.002,4,0.002
621,Exeggcute,0.00002,50,0.020,37,0.019
622,Venonat,0.00002,37,0.015,29,0.015
623,Sunkern,0.00002,14,0.006,14,0.007
624,Feebas,0.00001,6,0.002,4,0.002
625,Wormadam,0.00001,38,0.015,33,0.017
626,Tyrogue,0.00001,33,0.013,26,0.013
627,Blitzle,0.00001,7,0.003,6,0.003
628,Cosmog,0.00001,6,0.002,4,0.002
629,Torchic,0.00001,17,0.007,11,0.006
630,Geodude-Alola,0.00001,7,0.003,7,0.004
631,Kakuna,0.00001,64,0.025,52,0.026
632,Anorith,0.00001,6,0.002,4,0.002
633,Ducklett,0.00001,14,0.006,12,0.006
634,Vanillite,0.00001,46,0.018,45,0.023
635,Pidgey,0.00001,15,0.006,13,0.007
636,Teddiursa,0.00001,16,0.006,9,0.005
637,Spinarak,0.00001,28,0.011,28,0.014
638,Bagon,0.00001,27,0.011,16,0.008
639,Snubbull,0.00000,12,0.005,11,0.006
640,Sewaddle,0.00000,8,0.003,7,0.004
641,Inkay,0.00000,7,0.003,6,0.003
642,Wingull,0.00000,8,0.003,7,0.004
643,Bonsly,0.00000,14,0.006,13,0.007
644,Duskull,0.00000,28,0.011,14,0.007
645,Honedge,0.00000,4,0.002,4,0.002
646,Litleo,0.00000,6,0.002,2,0.001
647,Tyrunt,0.00000,5,0.002,4,0.002
648,Froakie,0.00000,22,0.009,18,0.009
649,Poliwhirl,0.00000,30,0.012,18,0.009
650,Snover,0.00000,3,0.001,2,0.001
651,Drowzee,0.00000,10,0.004,5,0.003
652,Larvesta,0.00000,5,0.002,5,0.003
653,Bergmite,0.00000,20,0.008,15,0.008
654,Cubchoo,0.00000,9,0.004,7,0.004
655,Binacle,0.00000,1,0.000,1,0.001
656,Dewpider,0.00000,19,0.007,15,0.008
657,Meowth-Alola,0.00000,17,0.007,17,0.009
658,Spheal,0.00000,5,0.002,5,0.003
659,Cutiefly,0.00000,16,0.006,13,0.007
660,Solosis,0.00000,9,0.004,7,0.004
661,Helioptile,0.00000,7,0.003,5,0.003
662,Shuppet,0.00000,2,0.001,2,0.001
663,Silvally-Psychic,0.00000,17,0.007,15,0.008
664,Espurr,0.00000,18,0.007,16,0.008
665,Noibat,0.00000,8,0.003,7,0.004
666,Pansear,0.00000,6,0.002,5,0.003
667,Buizel,0.00000,18,0.007,11,0.006
668,Caterpie,0.00000,7,0.003,2,0.001
669,Ralts,0.00000,6,0.002,6,0.003
670,Joltik,0.00000,11,0.004,8,0.004
671,Spewpa,0.00000,7,0.003,5,0.003
672,Silcoon,0.00000,3,0.001,2,0.001
673,Deino,0.00000,4,0.002,4,0.002
674,Oddish,0.00000,18,0.007,11,0.006
675,Scatterbug,0.00000,5,0.002,5,0.003
676,Mienfoo,0.00000,5,0.002,4,0.002
677,Abra,0.00000,25,0.010,21,0.011
678,Hoothoot,0.00000,16,0.006,11,0.006
679,Shellder,0.00000,7,0.003,3,0.002
680,Chikorita,0.00000,9,0.004,9,0.005
681,Shieldon,0.00000,6,0.002,5,0.003
682,Wynaut,0.00000,2,0.001,2,0.001
683,Buneary,0.00000,8,0.003,5,0.003
684,Roggenrola,0.00000,2,0.001,0,0.000
685,Azurill,0.00000,6,0.002,5,0.003
686,Lillipup,0.00000,7,0.003,5,0.003
687,Wimpod,0.00000,3,0.001,3,0.002
688,Remoraid,0.00000,8,0.003,7,0.004
689,Diglett-Alola,0.00000,3,0.001,3,0.002
690,Pumpkaboo,0.00000,1,0.000,1,0.001
691,Jangmo-o,0.00000,2,0.001,2,0.001
692,Chinchou,0.00000,1,0.000,0,0.000
693,Tympole,0.00000,1,0.000,1,0.001
694,Barboach,0.00000,4,0.002,4,0.002
695,Budew,0.00000,1,0.000,1,0.001
696,Mudkip,0.00000,1,0.000,1,0.001
697,Tepig,0.00000,2,0.001,2,0.001
698,Sentret,0.00000,2,0.001,1,0.001
699,Deerling,0.00000,2,0.001,2,0.001
700,Baltoy,0.00000,4,0.002,2,0.001
701,Spearow,0.00000,1,0.000,1,0.001
702,Phantump,0.00000,2,0.001,2,0.001
703,Beldum,0.00000,5,0.002,5,0.003
704,Sandshrew,0.00000,11,0.004,10,0.005
705,Spoink,0.00000,1,0.000,1,0.001
706,Larvitar,0.00000,5,0.002,5,0.003
707,Amaura,0.00000,4,0.002,4,0.002
708,Gothita,0.00000,2,0.001,1,0.001
709,Poochyena,0.00000,2,0.001,2,0.001
710,Bounsweet,0.00000,2,0.001,1,0.001
711,Skorupi,0.00000,2,0.001,2,0.001
712,Dratini,0.00000,4,0.002,3,0.002
713,Golett,0.00000,3,0.001,3,0.002
714,Pumpkaboo-Super,0.00000,8,0.003,7,0.004
715,Igglybuff,0.00000,1,0.000,1,0.001
716,Panpour,0.00000,1,0.000,1,0.001
717,Timburr,0.00000,1,0.000,1,0.001
718,Patrat,0.00000,1,0.000,0,0.000
719,Stunky,0.00000,2,0.001,2,0.001
720,Chespin,0.00000,1,0.000,1,0.001
721,Kabuto,0.00000,3,0.001,2,0.001
722,Turtwig,0.00000,1,0.000,1,0.001
723,Rockruff,0.00000,9,0.004,8,0.004
724,Glameow,0.00000,1,0.000,1,0.001
725,Horsea,0.00000,4,0.002,3,0.002
726,Petilil,0.00000,8,0.003,6,0.003
727,Zigzagoon,0.00000,5,0.002,3,0.002
728,Purrloin,0.00000,6,0.002,3,0.002
729,Skitty,0.00000,2,0.001,2,0.001
730,Lileep,0.00000,6,0.002,5,0.003
731,Palpitoad,0.00000,15,0.006,12,0.006
732,Snorunt,0.00000,3,0.001,3,0.002
733,Fletchling,0.00000,2,0.001,1,0.001
734,Tynamo,0.00000,1,0.000,1,0.001
735,Tranquill,0.00000,1,0.000,0,0.000
736,Trumbeak,0.00000,11,0.004,7,0.004
737,Hoppip,0.00000,9,0.004,8,0.004
738,Whismur,0.00000,4,0.002,4,0.002
739,Cacnea,0.00000,2,0.001,2,0.001
740,Shinx,0.00000,9,0.004,7,0.004
741,Pidove,0.00000,2,0.001,1,0.001
742,Flabebe,0.00000,3,0.001,3,0.002
743,Ledyba,0.00000,5,0.002,4,0.002
