 Total battles: 275502
 Avg. weight/team: 0.196
Rank,Pokemon,Usage percentage,Raw,Raw percentage,Real,Real percentage
1,Groudon-Primal,67.55092,196980,35.749,147639,40.342
2,Xerneas,46.32723,141677,25.713,90702,24.784
3,Yveltal,32.31437,80773,14.659,57666,15.757
4,Arceus,25.00680,67722,12.291,44431,12.141
5,Salamence-Mega,19.49906,68940,12.512,43434,11.868
6,Kyogre-Primal,18.99572,92069,16.709,59844,16.352
7,Lunala,18.36227,66458,12.061,41479,11.334
8,Deoxys-Attack,15.68512,43638,7.920,30181,8.247
9,Lucario-Mega,15.51933,69513,12.616,45207,12.353
10,Gengar-Mega,13.92918,52674,9.560,34061,9.307
11,Solgaleo,13.38626,55048,9.990,34285,9.368
12,Giratina-Origin,12.95714,40928,7.428,27715,7.573
13,Ho-Oh,12.92663,37064,6.727,25784,7.045
14,Rayquaza,11.37765,51642,9.372,33157,9.060
15,Lugia,11.24472,43974,7.981,28353,7.747
16,Arceus-Ground,10.29171,19184,3.482,14240,3.891
17,Arceus-Water,8.95446,20430,3.708,14427,3.942
18,Arceus-Ghost,8.94982,20908,3.795,13501,3.689
19,Zygarde,8.44707,42892,7.784,28828,7.877
20,Aegislash,7.81959,59477,10.794,37964,10.374
21,Deoxys-Speed,7.59236,21743,3.946,19119,5.224
22,Magearna,7.22497,18760,3.405,12911,3.528
23,Mewtwo,6.82156,38325,6.955,24323,6.646
24,Kyurem-White,6.52342,23015,4.177,14138,3.863
25,Dialga,6.04541,26972,4.895,18773,5.130
26,Kangaskhan-Mega,5.77577,32716,5.938,23064,6.302
27,Ferrothorn,5.74213,22446,4.074,17201,4.700
28,Darkrai,5.50053,41265,7.489,27357,7.475
29,Blaziken,5.16898,41805,7.587,29452,8.048
30,Genesect,5.03210,22076,4.007,15411,4.211
31,Shaymin-Sky,4.42068,19213,3.487,12115,3.310
32,Arceus-Dark,4.25326,9371,1.701,6519,1.781
33,Tapu Lele,4.14242,14340,2.603,9614,2.627
34,Giratina,4.09811,12958,2.352,8783,2.400
35,Ditto,4.08785,12873,2.336,8424,2.302
36,Excadrill,3.92614,12303,2.233,9510,2.599
37,Smeargle,3.72601,17182,3.118,14553,3.977
38,Arceus-Steel,3.47210,10500,1.906,7045,1.925
39,Arceus-Fairy,3.43587,10208,1.853,7007,1.915
40,Zekrom,3.29944,19317,3.506,12192,3.331
41,Chansey,3.24162,11982,2.175,8133,2.222
42,Celesteela,3.14280,14981,2.719,10002,2.733
43,Kyogre,2.86422,10587,1.921,6910,1.888
44,Palkia,2.83378,16480,2.991,10331,2.823
45,Pheromosa,2.69363,13607,2.469,8818,2.410
46,Sableye-Mega,2.65959,10260,1.862,7907,2.161
47,Shuckle,2.59009,10173,1.846,8596,2.349
48,Greninja,2.50006,25830,4.688,18126,4.953
49,Scolipede,2.45393,13080,2.374,10545,2.881
50,Muk-Alola,2.36970,9705,1.761,6821,1.864
51,Greninja-Ash,2.28749,57907,10.509,40566,11.085
52,Kartana,2.27439,16624,3.017,10740,2.935
53,Landorus,2.23821,9103,1.652,6157,1.682
54,Mimikyu,2.17974,32790,5.951,22921,6.263
55,Scizor-Mega,1.99356,12662,2.298,8196,2.240
56,Tyranitar,1.89459,17319,3.143,12140,3.317
57,Arceus-Rock,1.85907,3697,0.671,2485,0.679
58,Landorus-Therian,1.84757,10300,1.869,7689,2.101
59,Toxapex,1.81523,18500,3.358,12865,3.515
60,Blissey,1.73376,7851,1.425,5073,1.386
61,Tapu Koko,1.72059,19475,3.534,12728,3.478
62,Dugtrio,1.71965,8022,1.456,6104,1.668
63,Eevee,1.58261,17285,3.137,14475,3.955
64,Skarmory,1.43533,10076,1.829,7920,2.164
65,Garchomp,1.38460,25009,4.539,16551,4.523
66,Deoxys-Defense,1.35158,11812,2.144,8526,2.330
67,Clefable,1.33018,6781,1.231,4262,1.165
68,Cloyster,1.27131,10122,1.837,7240,1.978
69,Metagross-Mega,1.18141,19825,3.598,12594,3.441
70,Arceus-Poison,1.16577,4258,0.773,2676,0.731
71,Klefki,1.15714,4434,0.805,3371,0.921
72,Espeon,1.12105,9450,1.715,5473,1.495
73,Tapu Fini,1.09086,8120,1.474,5415,1.480
74,Pyukumuku,1.05554,3828,0.695,2737,0.748
75,Tapu Bulu,0.99824,6991,1.269,4265,1.165
76,Arceus-Dragon,0.96530,4936,0.896,3299,0.901
77,Bronzong,0.86944,3110,0.564,2338,0.639
78,Charizard-Mega-X,0.84253,31503,5.717,21508,5.877
79,Reshiram,0.81490,8170,1.483,4938,1.349
80,Groudon,0.80935,4218,0.766,3190,0.872
81,Mew,0.77459,7422,1.347,5381,1.470
82,Slowbro-Mega,0.74216,2868,0.521,1943,0.531
83,Xurkitree,0.73825,7205,1.308,4613,1.261
84,Dragonite,0.73663,18664,3.387,11924,3.258
85,Latios,0.68661,6533,1.186,4014,1.097
86,Arceus-Electric,0.66463,3969,0.720,2503,0.684
87,Gliscor,0.64390,12472,2.264,8432,2.304
88,Scizor,0.64367,4586,0.832,3009,0.822
89,Serperior,0.59950,12396,2.250,7482,2.044
90,Buzzwole,0.58025,5854,1.062,3637,0.994
91,Wobbuffet,0.57711,5583,1.013,3883,1.061
92,Krookodile,0.57657,6818,1.237,4422,1.208
93,Gyarados-Mega,0.56237,8916,1.618,6178,1.688
94,Arceus-Grass,0.56125,2094,0.380,1343,0.367
95,Charizard-Mega-Y,0.55831,15961,2.897,10764,2.941
96,Heatran,0.55192,4818,0.874,3279,0.896
97,Shedinja,0.54603,4799,0.871,3227,0.882
98,Tentacruel,0.54506,2458,0.446,1742,0.476
99,Jirachi,0.53252,4510,0.819,2892,0.790
100,Volcarona,0.52792,9660,1.753,5550,1.517
101,Weavile,0.52315,8129,1.475,5509,1.505
102,Venusaur-Mega,0.51512,9920,1.800,6316,1.726
103,Nihilego,0.49048,5238,0.951,3973,1.086
104,Marowak-Alola,0.47415,12155,2.206,7807,2.133
105,Arceus-Flying,0.45095,1445,0.262,938,0.256
106,Mamoswine,0.44857,6388,1.159,4682,1.279
107,Gengar,0.44585,10787,1.958,7113,1.944
108,Latias,0.44423,3085,0.560,1753,0.479
109,Hoopa-Unbound,0.44291,7959,1.444,5092,1.391
110,Aerodactyl-Mega,0.42536,3741,0.679,2725,0.745
111,Ninjask,0.41371,8504,1.543,6831,1.867
112,Ninetales-Alola,0.41024,8253,1.498,5574,1.523
113,Arceus-Ice,0.40591,1686,0.306,1042,0.285
114,Whimsicott,0.40370,3608,0.655,2756,0.753
115,Togekiss,0.35854,6209,1.127,4058,1.109
116,Alakazam-Mega,0.35796,9711,1.762,5960,1.629
117,Rotom-Wash,0.35531,5708,1.036,3913,1.069
118,Forretress,0.35404,4151,0.753,3499,0.956
119,Umbreon,0.34757,7688,1.395,4968,1.358
120,Glalie-Mega,0.34491,1965,0.357,1343,0.367
121,Arceus-Fire,0.34120,2242,0.407,1450,0.396
122,Sylveon,0.33589,6929,1.258,4206,1.149
123,Galvantula,0.33258,3520,0.639,2892,0.790
124,Liepard,0.32741,956,0.174,741,0.202
125,Hydreigon,0.32116,5906,1.072,3933,1.075
126,Breloom,0.32095,6016,1.092,3891,1.063
127,Magnezone,0.30170,6602,1.198,4209,1.150
128,Minior,0.30169,4216,0.765,2960,0.809
129,Porygon-Z,0.29701,6475,1.175,4301,1.175
130,Aron,0.29444,3191,0.579,1991,0.544
131,Zapdos,0.28880,6285,1.141,4038,1.103
132,Talonflame,0.28827,10190,1.849,6690,1.828
133,Garchomp-Mega,0.27138,6632,1.204,4502,1.230
134,Snorlax,0.27060,10043,1.823,6833,1.867
135,Kyurem-Black,0.27046,5135,0.932,3211,0.877
136,Gothitelle,0.26848,2028,0.368,1227,0.335
137,Zygarde-10,0.26392,2475,0.449,1704,0.466
138,Donphan,0.25759,2242,0.407,1800,0.492
139,Jolteon,0.25006,8434,1.531,5639,1.541
140,Infernape,0.24399,9968,1.809,6130,1.675
141,Victini,0.24352,3755,0.681,2607,0.712
142,Milotic,0.24327,4435,0.805,2949,0.806
143,Azumarill,0.24194,4879,0.885,3311,0.905
144,Gardevoir,0.23951,9954,1.807,6205,1.696
145,Salamence,0.23939,6975,1.266,4431,1.211
146,Staraptor,0.23901,7352,1.334,4707,1.286
147,Porygon2,0.23816,3738,0.678,2457,0.671
148,Decidueye,0.22936,12227,2.219,7925,2.166
149,Thundurus-Therian,0.22730,3197,0.580,2154,0.589
150,Bisharp,0.22468,3807,0.691,2466,0.674
151,Arcanine,0.22342,7920,1.437,5346,1.461
152,Araquanid,0.21196,3918,0.711,2547,0.696
153,Arceus-Fighting,0.20805,1374,0.249,882,0.241
154,Probopass,0.20695,1502,0.273,1135,0.310
155,Goodra,0.20579,7666,1.391,4895,1.338
156,Raichu-Alola,0.20195,8803,1.598,5680,1.552
157,Froslass,0.19721,2079,0.377,1586,0.433
158,Salazzle,0.19709,5548,1.007,3689,1.008
159,Lucario,0.19279,6350,1.152,4090,1.118
160,Machamp,0.19061,3672,0.666,2404,0.657
161,Gyarados,0.18943,5254,0.954,3586,0.980
162,Incineroar,0.18567,9130,1.657,5993,1.638
163,Chandelure,0.18534,4640,0.842,2971,0.812
164,Primarina,0.18516,6710,1.218,4481,1.224
165,Haxorus,0.18429,5008,0.909,3223,0.881
166,Golisopod,0.17971,4055,0.736,2780,0.760
167,Pinsir-Mega,0.17717,2862,0.519,1826,0.499
168,Vaporeon,0.17475,4695,0.852,3075,0.840
169,Mandibuzz,0.17407,1935,0.351,1362,0.372
170,Sceptile,0.16572,10312,1.871,6613,1.807
171,Durant,0.16453,2725,0.495,2248,0.614
172,Quagsire,0.15802,2013,0.365,1366,0.373
173,Arceus-Psychic,0.15752,1185,0.215,722,0.197
174,Absol-Mega,0.15604,3217,0.584,2104,0.575
175,Kommo-o,0.15542,4268,0.775,2620,0.716
176,Keldeo,0.15347,1888,0.343,1275,0.348
177,Pikachu,0.15044,9203,1.670,6505,1.777
178,Terrakion,0.14994,1299,0.236,946,0.258
179,Zoroark,0.14843,4350,0.789,2199,0.601
180,Manaphy,0.14527,2273,0.413,1475,0.403
181,Torkoal,0.14190,1578,0.286,1207,0.330
182,Hippowdon,0.14176,1599,0.290,1320,0.361
183,Deoxys,0.14172,1821,0.330,1224,0.334
184,Metagross,0.14091,4666,0.847,2926,0.800
185,Crobat,0.14003,3982,0.723,2674,0.731
186,Flygon,0.13994,2720,0.494,1799,0.492
187,Venusaur,0.13797,4590,0.833,3007,0.822
188,Masquerain,0.13677,579,0.105,502,0.137
189,Vikavolt,0.13459,3463,0.628,2265,0.619
190,Necrozma,0.13426,2558,0.464,1583,0.433
191,Nosepass,0.13352,1684,0.306,1220,0.333
192,Noivern,0.13125,6698,1.216,4366,1.193
193,Alakazam,0.13087,3163,0.574,1980,0.541
194,Diancie,0.12689,1780,0.323,1155,0.316
195,Nidoking,0.12529,3080,0.559,2244,0.613
196,Cresselia,0.12060,1482,0.269,921,0.252
197,Hawlucha,0.12057,5730,1.040,3797,1.038
198,Electivire,0.11750,6491,1.178,4412,1.206
199,Thundurus,0.11579,1374,0.249,919,0.251
200,Blastoise-Mega,0.11314,4313,0.783,2958,0.808
201,Swampert,0.11159,4933,0.895,3628,0.991
202,Kingdra,0.10931,3691,0.670,2286,0.625
203,Xatu,0.10758,924,0.168,671,0.183
204,Gallade,0.10752,4194,0.761,2787,0.762
205,Gastrodon,0.10570,2219,0.403,1539,0.421
206,Ambipom,0.10550,2220,0.403,1659,0.453
207,Charizard,0.10319,4846,0.879,3313,0.905
208,Cofagrigus,0.10277,1422,0.258,1020,0.279
209,Sableye,0.10269,1949,0.354,1405,0.384
210,Lycanroc,0.10050,3454,0.627,2353,0.643
211,Sigilyph,0.10030,1628,0.295,969,0.265
212,Azelf,0.09939,729,0.132,623,0.170
213,Aggron,0.09891,3910,0.710,2675,0.731
214,Conkeldurr,0.09670,2506,0.455,1572,0.430
215,Guzzlord,0.09363,2240,0.407,1471,0.402
216,Diglett,0.09303,467,0.085,376,0.103
217,Dusclops,0.09298,944,0.171,663,0.181
218,Silvally,0.09239,956,0.174,604,0.165
219,Florges,0.09216,2019,0.366,1197,0.327
220,Volcanion,0.08997,2726,0.495,1861,0.509
221,Feraligatr,0.08995,3276,0.595,2221,0.607
222,Persian-Alola,0.08730,941,0.171,661,0.181
223,Starmie,0.08592,2207,0.401,1448,0.396
224,Darmanitan,0.08580,1974,0.358,1321,0.361
225,Bewear,0.08179,2079,0.377,1396,0.381
226,Ribombee,0.08115,1282,0.233,892,0.244
227,Celebi,0.08108,1375,0.250,969,0.265
228,Amoonguss,0.07940,1142,0.207,649,0.177
229,Typhlosion,0.07900,3806,0.691,2523,0.689
230,Slowbro,0.07750,1429,0.259,905,0.247
231,Ariados,0.07689,2356,0.428,1988,0.543
232,Golduck,0.07622,1070,0.194,695,0.190
233,Toxicroak,0.07525,1863,0.338,1220,0.333
234,Pelipper,0.07472,2109,0.383,1606,0.439
235,Gigalith,0.07458,2213,0.402,1585,0.433
236,Cinccino,0.07439,1400,0.254,897,0.245
237,Slurpuff,0.07426,2082,0.378,1284,0.351
238,Suicune,0.07397,1978,0.359,1225,0.335
239,Mudsdale,0.07385,2079,0.377,1378,0.377
240,Tangrowth,0.07369,1463,0.266,928,0.254
241,Meloetta,0.07179,1406,0.255,902,0.246
242,Dhelmise,0.07080,1567,0.284,1021,0.279
243,Alomomola,0.07056,586,0.106,409,0.112
244,Ninetales,0.07053,2542,0.461,1690,0.462
245,Blastoise,0.07006,3729,0.677,2550,0.697
246,Drampa,0.06944,1412,0.256,856,0.234
247,Gorebyss,0.06883,1291,0.234,941,0.257
248,Delphox,0.06883,2764,0.502,1752,0.479
249,Lapras,0.06806,4929,0.895,3445,0.941
250,Solrock,0.06748,460,0.083,323,0.088
251,Hitmonlee,0.06643,1374,0.249,917,0.251
252,Heracross,0.06572,3186,0.578,1966,0.537
253,Honchkrow,0.06511,1602,0.291,1068,0.292
254,Tsareena,0.06503,1423,0.258,864,0.236
255,Sharpedo-Mega,0.06454,1476,0.268,974,0.266
256,Scrafty,0.06433,1633,0.296,1102,0.301
257,Drifblim,0.06402,1050,0.191,727,0.199
258,Luxray,0.06343,3462,0.628,2211,0.604
259,Venomoth,0.06334,771,0.140,603,0.165
260,Eelektross,0.06299,2666,0.484,1817,0.496
261,Golem-Alola,0.06268,2815,0.511,2056,0.562
262,Magnemite,0.06047,1166,0.212,634,0.173
263,Turtonator,0.06041,2161,0.392,1429,0.390
264,Wishiwashi,0.05977,2298,0.417,1544,0.422
265,Aerodactyl,0.05971,1493,0.271,1064,0.291
266,Diggersby,0.05967,897,0.163,577,0.158
267,Chesnaught,0.05947,2553,0.463,1563,0.427
268,Empoleon,0.05931,2534,0.460,1766,0.483
269,Avalugg,0.05928,1386,0.252,881,0.241
270,Yanmega,0.05922,843,0.153,565,0.154
271,Malamar,0.05802,1587,0.288,1090,0.298
272,Rattata,0.05772,2633,0.478,1993,0.545
273,Politoed,0.05685,1444,0.262,1063,0.290
274,Exeggutor-Alola,0.05644,2573,0.467,1616,0.442
275,Spiritomb,0.05621,1184,0.215,799,0.218
276,Heliolisk,0.05586,1497,0.272,930,0.254
277,Steelix,0.05471,1946,0.353,1412,0.386
278,Raikou,0.05459,1514,0.275,970,0.265
279,Reuniclus,0.05432,1293,0.235,808,0.221
280,Entei,0.05408,1057,0.192,686,0.187
281,Trevenant,0.05116,1897,0.344,1232,0.337
282,Volbeat,0.05096,497,0.090,400,0.109
283,Arceus-Bug,0.05085,499,0.091,323,0.088
284,Roserade,0.05062,1993,0.362,1309,0.358
285,Drapion,0.05031,2205,0.400,1606,0.439
286,Tangela,0.05002,248,0.045,156,0.043
287,Regirock,0.04975,773,0.140,508,0.139
288,Raichu,0.04972,3138,0.570,2128,0.581
289,Togedemaru,0.04956,1036,0.188,748,0.204
290,Sharpedo,0.04803,1014,0.184,713,0.195
291,Tyrantrum,0.04726,2510,0.456,1647,0.450
292,Doublade,0.04681,836,0.152,528,0.144
293,Lycanroc-Midnight,0.04672,2508,0.455,1713,0.468
294,Mienshao,0.04597,898,0.163,587,0.160
295,Golurk,0.04584,1270,0.230,869,0.237
296,Palossand,0.04519,1557,0.283,968,0.265
297,Type: Null,0.04484,690,0.125,463,0.127
298,Rampardos,0.04458,1087,0.197,646,0.177
299,Vivillon,0.04453,1112,0.202,722,0.197
300,Torterra,0.04411,2570,0.466,1691,0.462
301,Rotom-Heat,0.04407,870,0.158,557,0.152
302,Articuno,0.04405,2658,0.482,1712,0.468
303,Registeel,0.04308,815,0.148,546,0.149
304,Comfey,0.04291,921,0.167,621,0.170
305,Pangoro,0.04288,1454,0.264,1024,0.280
306,Ludicolo,0.04268,2132,0.387,1365,0.373
307,Kyurem,0.04263,934,0.170,566,0.155
308,Mantine,0.04234,728,0.132,505,0.138
309,Leafeon,0.04184,1682,0.305,974,0.266
310,Accelgor,0.04008,1065,0.193,715,0.195
311,Houndoom,0.03965,1582,0.287,1013,0.277
312,Carbink,0.03954,641,0.116,493,0.135
313,Sandslash-Alola,0.03898,1886,0.342,1283,0.351
314,Ampharos,0.03882,2475,0.449,1683,0.460
315,Rhyperior,0.03859,1573,0.285,1149,0.314
316,Crawdaunt,0.03832,1291,0.234,939,0.257
317,Murkrow,0.03828,340,0.062,228,0.062
318,Lurantis,0.03782,1393,0.253,867,0.237
319,Jellicent,0.03740,954,0.173,683,0.187
320,Virizion,0.03671,764,0.139,456,0.125
321,Lanturn,0.03659,1365,0.248,924,0.252
322,Dugtrio-Alola,0.03579,1113,0.202,746,0.204
323,Hitmontop,0.03570,927,0.168,650,0.178
324,Magmortar,0.03560,1792,0.325,1207,0.330
325,Cradily,0.03534,864,0.157,629,0.172
326,Slaking,0.03476,1283,0.233,863,0.236
327,Absol,0.03436,1494,0.271,950,0.260
328,Pineco,0.03435,948,0.172,755,0.206
329,Dusknoir,0.03381,1760,0.319,1243,0.340
330,Dragalge,0.03341,1300,0.236,836,0.228
331,Zangoose,0.03251,771,0.140,541,0.148
332,Crustle,0.03223,787,0.143,573,0.157
333,Flareon,0.03202,1749,0.317,1091,0.298
334,Altaria,0.03191,1402,0.254,739,0.202
335,Scyther,0.03032,1147,0.208,732,0.200
336,Meowstic,0.03012,1280,0.232,900,0.246
337,Glaceon,0.02927,1615,0.293,1031,0.282
338,Regice,0.02862,1005,0.182,656,0.179
339,Toucannon,0.02861,1772,0.322,1113,0.304
340,Golem,0.02857,1015,0.184,816,0.223
341,Regigigas,0.02842,1407,0.255,943,0.258
342,Escavalier,0.02794,791,0.144,494,0.135
343,Qwilfish,0.02773,244,0.044,207,0.057
344,Clawitzer,0.02757,1074,0.195,705,0.193
345,Lilligant,0.02754,658,0.119,399,0.109
346,Shiinotic,0.02710,683,0.124,473,0.129
347,Emboar,0.02625,1922,0.349,1331,0.364
348,Tornadus-Therian,0.02623,889,0.161,568,0.155
349,Druddigon,0.02573,609,0.111,392,0.107
350,Lopunny,0.02548,1132,0.205,775,0.212
351,Exeggutor,0.02539,1055,0.191,670,0.183
352,Claydol,0.02527,625,0.113,465,0.127
353,Treecko,0.02518,354,0.064,223,0.061
354,Crabominable,0.02449,1281,0.232,820,0.224
355,Medicham,0.02421,650,0.118,419,0.114
356,Moltres,0.02419,1788,0.324,1173,0.321
357,Huntail,0.02413,472,0.086,324,0.089
358,Manectric,0.02362,1206,0.219,783,0.214
359,Mismagius,0.02361,1077,0.195,706,0.193
360,Rhydon,0.02351,652,0.118,488,0.133
361,Shaymin,0.02335,378,0.069,228,0.062
362,Bruxish,0.02325,459,0.083,299,0.082
363,Swellow,0.02325,1200,0.218,799,0.218
364,Barbaracle,0.02320,691,0.125,451,0.123
365,Raticate-Alola,0.02307,395,0.072,269,0.074
366,Omastar,0.02251,663,0.120,481,0.131
367,Seismitoad,0.02244,976,0.177,694,0.190
368,Silvally-Fire,0.02242,431,0.078,268,0.073
369,Gourgeist-Super,0.02215,430,0.078,299,0.082
370,Sawk,0.02211,603,0.109,408,0.111
371,Poliwrath,0.02203,1043,0.189,697,0.190
372,Cottonee,0.02198,594,0.108,371,0.101
373,Komala,0.02196,561,0.102,335,0.092
374,Tauros,0.02137,720,0.131,455,0.124
375,Lickilicky,0.02073,360,0.065,255,0.070
376,Mr. Mime,0.02057,558,0.101,372,0.102
377,Tropius,0.02025,705,0.128,438,0.120
378,Braviary,0.02006,1514,0.275,1024,0.280
379,Cobalion,0.02000,550,0.100,343,0.094
380,Muk,0.01962,639,0.116,438,0.120
381,Abomasnow,0.01956,1400,0.254,932,0.255
382,Bastiodon,0.01918,797,0.145,617,0.169
383,Slowking,0.01909,600,0.109,432,0.118
384,Miltank,0.01847,1088,0.197,695,0.190
385,Rapidash,0.01813,949,0.172,571,0.156
386,Archeops,0.01805,888,0.161,571,0.156
387,Granbull,0.01801,614,0.111,426,0.116
388,Exploud,0.01800,773,0.140,461,0.126
389,Samurott,0.01785,1458,0.265,941,0.257
390,Weezing,0.01744,719,0.130,546,0.149
391,Pyroar,0.01715,939,0.170,601,0.164
392,Rotom-Mow,0.01686,521,0.095,316,0.086
393,Kabutops,0.01662,724,0.131,482,0.132
394,Tornadus,0.01619,285,0.052,207,0.057
395,Stoutland,0.01579,542,0.098,355,0.097
396,Aurorus,0.01551,890,0.162,592,0.162
397,Hariyama,0.01544,1002,0.182,694,0.190
398,Dodrio,0.01544,516,0.094,335,0.092
399,Silvally-Ghost,0.01523,343,0.062,218,0.060
400,Cryogonal,0.01497,231,0.042,147,0.040
401,Nidoqueen,0.01481,551,0.100,389,0.106
402,Hoopa,0.01479,502,0.091,343,0.094
403,Cacturne,0.01474,553,0.100,382,0.104
404,Gogoat,0.01464,944,0.171,596,0.163
405,Mawile,0.01436,711,0.129,434,0.119
406,Rotom-Frost,0.01423,338,0.061,237,0.065
407,Marowak,0.01399,537,0.097,391,0.107
408,Victreebel,0.01394,564,0.102,384,0.105
409,Kangaskhan,0.01394,473,0.086,352,0.096
410,Floatzel,0.01364,1006,0.183,654,0.179
411,Chatot,0.01363,523,0.095,366,0.100
412,Raticate,0.01350,495,0.090,333,0.091
413,Linoone,0.01313,590,0.107,399,0.109
414,Sandslash,0.01307,363,0.066,238,0.065
415,Audino,0.01296,344,0.062,234,0.064
416,Dunsparce,0.01288,334,0.061,244,0.067
417,Taillow,0.01277,703,0.128,347,0.095
418,Uxie,0.01233,339,0.062,269,0.074
419,Rattata-Alola,0.01209,511,0.093,347,0.095
420,Silvally-Dragon,0.01199,488,0.089,300,0.082
421,Klinklang,0.01199,406,0.074,279,0.076
422,Butterfree,0.01189,876,0.159,587,0.160
423,Magneton,0.01188,350,0.064,229,0.063
424,Kecleon,0.01159,440,0.080,325,0.089
425,Arbok,0.01142,592,0.107,430,0.117
426,Squirtle,0.01120,492,0.089,360,0.098
427,Ferroseed,0.01111,267,0.048,204,0.056
428,Electrode,0.01102,520,0.094,379,0.104
429,Carracosta,0.01096,911,0.165,672,0.184
430,Furfrou,0.01057,495,0.090,307,0.084
431,Electabuzz,0.01037,300,0.054,210,0.057
432,Parasect,0.01033,276,0.050,200,0.055
433,Hitmonchan,0.01033,643,0.117,457,0.125
434,Silvally-Water,0.01023,224,0.041,143,0.039
435,Togetic,0.01011,401,0.073,259,0.071
436,Pachirisu,0.01001,339,0.062,251,0.069
437,Bulbasaur,0.00992,538,0.098,403,0.110
438,Shiftry,0.00988,633,0.115,374,0.102
439,Spinda,0.00982,266,0.048,223,0.061
440,Vanilluxe,0.00981,368,0.067,272,0.074
441,Magikarp,0.00975,1146,0.208,708,0.193
442,Riolu,0.00968,433,0.079,329,0.090
443,Camerupt,0.00965,651,0.118,442,0.121
444,Swoobat,0.00960,508,0.092,301,0.082
445,Wailord,0.00958,691,0.125,441,0.121
446,Vespiquen,0.00954,441,0.080,238,0.065
447,Armaldo,0.00949,412,0.075,295,0.081
448,Pidgeot,0.00930,1742,0.316,1097,0.300
449,Emolga,0.00923,714,0.130,521,0.142
450,Corsola,0.00903,147,0.027,110,0.030
451,Banette,0.00901,578,0.105,410,0.112
452,Hypno,0.00896,487,0.088,309,0.084
453,Primeape,0.00896,494,0.090,343,0.094
454,Salandit,0.00893,237,0.043,156,0.043
455,Meganium,0.00892,1043,0.189,676,0.185
456,Silvally-Fairy,0.00891,265,0.048,183,0.050
457,Oricorio-Sensu,0.00890,269,0.049,188,0.051
458,Beartic,0.00888,478,0.087,332,0.091
459,Chimecho,0.00884,218,0.040,138,0.038
460,Maractus,0.00862,331,0.060,167,0.046
461,Silvally-Steel,0.00821,201,0.036,139,0.038
462,Solosis,0.00816,93,0.017,40,0.011
463,Unfezant,0.00793,773,0.140,511,0.140
464,Wynaut,0.00775,460,0.083,376,0.103
465,Gothorita,0.00773,474,0.086,370,0.101
466,Jumpluff,0.00769,466,0.085,351,0.096
467,Magcargo,0.00733,366,0.066,287,0.078
468,Starly,0.00726,510,0.093,319,0.087
469,Beautifly,0.00724,169,0.031,112,0.031
470,Gumshoos,0.00723,386,0.070,255,0.070
471,Sudowoodo,0.00722,331,0.060,217,0.059
472,Swalot,0.00712,94,0.017,69,0.019
473,Silvally-Electric,0.00711,341,0.062,215,0.059
474,Dedenne,0.00710,758,0.138,504,0.138
475,Vileplume,0.00707,491,0.089,352,0.096
476,Persian,0.00703,435,0.079,330,0.090
477,Ursaring,0.00702,732,0.133,519,0.142
478,Silvally-Dark,0.00701,168,0.030,104,0.028
479,Jynx,0.00699,303,0.055,194,0.053
480,Wartortle,0.00697,211,0.038,128,0.035
481,Bibarel,0.00691,389,0.071,259,0.071
482,Passimian,0.00686,377,0.068,268,0.073
483,Bouffalant,0.00681,340,0.062,212,0.058
484,Aromatisse,0.00676,210,0.038,123,0.034
485,Mightyena,0.00675,273,0.050,172,0.047
486,Darumaka,0.00661,98,0.018,73,0.020
487,Silvally-Fighting,0.00652,139,0.025,88,0.024
488,Fearow,0.00646,249,0.045,160,0.044
489,Beheeyem,0.00624,223,0.040,150,0.041
490,Pinsir,0.00618,227,0.041,143,0.039
491,Garbodor,0.00613,482,0.087,392,0.107
492,Lunatone,0.00596,303,0.055,229,0.063
493,Leavanny,0.00593,518,0.094,346,0.095
494,Beedrill,0.00586,470,0.085,338,0.092
495,Oricorio,0.00580,192,0.035,130,0.036
496,Combusken,0.00576,310,0.056,228,0.062
497,Porygon,0.00574,94,0.017,69,0.019
498,Relicanth,0.00571,104,0.019,73,0.020
499,Pichu,0.00558,295,0.054,200,0.055
500,Caterpie,0.00545,422,0.077,257,0.070
501,Sawsbuck,0.00536,243,0.044,172,0.047
502,Stunfisk,0.00534,369,0.067,271,0.074
503,Sneasel,0.00523,113,0.021,82,0.022
504,Bidoof,0.00523,249,0.045,198,0.054
505,Jigglypuff,0.00522,181,0.033,128,0.035
506,Noctowl,0.00522,565,0.103,375,0.102
507,Walrein,0.00521,688,0.125,481,0.131
508,Munchlax,0.00516,144,0.026,103,0.028
509,Castform,0.00500,275,0.050,229,0.063
510,Koffing,0.00494,69,0.013,54,0.015
511,Silvally-Ice,0.00494,121,0.022,68,0.019
512,Silvally-Ground,0.00492,105,0.019,75,0.020
513,Haunter,0.00481,320,0.058,248,0.068
514,Lumineon,0.00480,99,0.018,78,0.021
515,Combee,0.00473,51,0.009,41,0.011
516,Dragonair,0.00450,218,0.040,139,0.038
517,Gastly,0.00449,254,0.046,192,0.052
518,Gligar,0.00449,183,0.033,138,0.038
519,Rotom,0.00446,408,0.074,305,0.083
520,Oranguru,0.00441,354,0.064,215,0.059
521,Silvally-Poison,0.00435,100,0.018,65,0.018
522,Glalie,0.00427,477,0.087,328,0.090
523,Oricorio-Pom-Pom,0.00424,261,0.047,212,0.058
524,Musharna,0.00420,180,0.033,126,0.034
525,Psyduck,0.00413,106,0.019,66,0.018
526,Mesprit,0.00407,188,0.034,116,0.032
527,Skuntank,0.00392,258,0.047,186,0.051
528,Wigglytuff,0.00382,407,0.074,279,0.076
529,Illumise,0.00380,72,0.013,65,0.018
530,Braixen,0.00380,322,0.058,208,0.057
531,Gothita,0.00376,96,0.017,69,0.019
532,Hippopotas,0.00375,226,0.041,185,0.051
533,Mudkip,0.00374,142,0.026,83,0.023
534,Whiscash,0.00368,195,0.035,139,0.038
535,Grumpig,0.00357,149,0.027,94,0.026
536,Chikorita,0.00357,101,0.018,78,0.021
537,Onix,0.00354,248,0.045,191,0.052
538,Misdreavus,0.00350,119,0.022,89,0.024
539,Gourgeist,0.00347,127,0.023,85,0.023
540,Seviper,0.00341,208,0.038,146,0.040
541,Dartrix,0.00340,182,0.033,137,0.037
542,Grovyle,0.00337,135,0.025,100,0.027
543,Ledian,0.00334,142,0.026,85,0.023
544,Dwebble,0.00331,82,0.015,66,0.018
545,Machoke,0.00322,172,0.031,119,0.033
546,Whismur,0.00321,36,0.007,24,0.007
547,Nuzleaf,0.00316,103,0.019,75,0.020
548,Kingler,0.00314,378,0.069,244,0.067
549,Furret,0.00313,360,0.065,261,0.071
550,Clefairy,0.00309,166,0.030,115,0.031
551,Torchic,0.00309,144,0.026,111,0.030
552,Metang,0.00308,133,0.024,102,0.028
553,Nidorino,0.00304,72,0.013,46,0.013
554,Zebstrika,0.00295,444,0.081,306,0.084
555,Charjabug,0.00295,107,0.019,79,0.022
556,Buneary,0.00284,88,0.016,47,0.013
557,Piloswine,0.00284,38,0.007,26,0.007
558,Zubat,0.00281,77,0.014,58,0.016
559,Bellossom,0.00264,203,0.037,141,0.039
560,Hoothoot,0.00261,34,0.006,27,0.007
561,Carnivine,0.00257,149,0.027,91,0.025
562,Basculin,0.00254,98,0.018,69,0.019
563,Heatmor,0.00251,153,0.028,107,0.029
564,Minun,0.00250,98,0.018,75,0.020
565,Honedge,0.00240,60,0.011,44,0.012
566,Girafarig,0.00230,158,0.029,85,0.023
567,Silvally-Grass,0.00225,160,0.029,104,0.028
568,Sunflora,0.00224,132,0.024,91,0.025
569,Delcatty,0.00223,220,0.040,133,0.036
570,Amaura,0.00219,103,0.019,84,0.023
571,Silvally-Psychic,0.00218,74,0.013,50,0.014
572,Torracat,0.00215,127,0.023,81,0.022
573,Lileep,0.00210,43,0.008,35,0.010
574,Stantler,0.00207,66,0.012,46,0.013
575,Abra,0.00206,182,0.033,145,0.040
576,Chimchar,0.00204,94,0.017,57,0.016
577,Shellos,0.00200,83,0.015,39,0.011
578,Kricketune,0.00200,152,0.028,105,0.029
579,Dewgong,0.00200,170,0.031,107,0.029
580,Mienfoo,0.00197,43,0.008,29,0.008
581,Graveler-Alola,0.00195,99,0.018,71,0.019
582,Froakie,0.00182,152,0.028,101,0.028
583,Swanna,0.00182,185,0.034,136,0.037
584,Delibird,0.00179,165,0.030,125,0.034
585,Snover,0.00177,38,0.007,27,0.007
586,Silvally-Flying,0.00174,83,0.015,49,0.013
587,Gourgeist-Large,0.00173,51,0.009,26,0.007
588,Zweilous,0.00170,52,0.009,40,0.011
589,Togepi,0.00168,93,0.017,56,0.015
590,Totodile,0.00168,131,0.024,88,0.024
591,Rowlet,0.00165,127,0.023,105,0.029
592,Shroomish,0.00165,39,0.007,31,0.008
593,Geodude,0.00164,133,0.024,106,0.029
594,Turtwig,0.00164,41,0.007,30,0.008
595,Meowth,0.00160,179,0.032,148,0.040
596,Purugly,0.00160,77,0.014,54,0.015
597,Simisage,0.00154,115,0.021,77,0.021
598,Fraxure,0.00149,32,0.006,25,0.007
599,Farfetch'd,0.00148,162,0.029,118,0.032
600,Mantyke,0.00148,25,0.005,14,0.004
601,Kakuna,0.00144,94,0.017,72,0.020
602,Bergmite,0.00144,53,0.010,26,0.007
603,Dustox,0.00140,91,0.017,51,0.014
604,Silvally-Bug,0.00140,33,0.006,24,0.007
605,Bayleef,0.00139,231,0.042,144,0.039
606,Wailmer,0.00138,20,0.004,15,0.004
607,Mothim,0.00133,98,0.018,60,0.016
608,Pidgey,0.00130,93,0.017,71,0.019
609,Mankey,0.00129,29,0.005,18,0.005
610,Staravia,0.00126,95,0.017,61,0.017
611,Duskull,0.00125,56,0.010,37,0.010
612,Krokorok,0.00121,55,0.010,42,0.011
613,Morelull,0.00120,19,0.003,13,0.004
614,Golbat,0.00119,86,0.016,61,0.017
615,Shuppet,0.00117,40,0.007,32,0.009
616,Carvanha,0.00116,76,0.014,52,0.014
617,Rotom-Fan,0.00116,119,0.022,88,0.024
618,Feebas,0.00114,66,0.012,52,0.014
619,Swadloon,0.00114,39,0.007,32,0.009
620,Machop,0.00111,44,0.008,28,0.008
621,Bellsprout,0.00109,25,0.005,20,0.005
622,Oricorio-Pa'u,0.00108,59,0.011,41,0.011
623,Lairon,0.00107,65,0.012,38,0.010
624,Cosmoem,0.00105,103,0.019,63,0.017
625,Horsea,0.00105,13,0.002,7,0.002
626,Popplio,0.00104,140,0.025,108,0.030
627,Zigzagoon,0.00103,28,0.005,22,0.006
628,Octillery,0.00102,216,0.039,153,0.042
629,Sewaddle,0.00102,24,0.004,21,0.006
630,Goomy,0.00102,67,0.012,42,0.011
631,Gabite,0.00102,95,0.017,69,0.019
632,Gourgeist-Small,0.00097,47,0.009,31,0.008
633,Wooper,0.00097,110,0.020,79,0.022
634,Throh,0.00096,114,0.021,83,0.023
635,Brionne,0.00096,102,0.019,69,0.019
636,Pancham,0.00095,46,0.008,33,0.009
637,Remoraid,0.00095,15,0.003,9,0.002
638,Oshawott,0.00094,128,0.023,97,0.027
639,Ivysaur,0.00091,98,0.018,66,0.018
640,Rockruff,0.00089,72,0.013,41,0.011
641,Corphish,0.00088,137,0.025,82,0.022
642,Cherrim,0.00086,65,0.012,48,0.013
643,Gulpin,0.00086,16,0.003,7,0.002
644,Weepinbell,0.00085,70,0.013,48,0.013
645,Natu,0.00084,26,0.005,17,0.005
646,Slowpoke,0.00084,47,0.009,32,0.009
647,Simipour,0.00084,58,0.011,44,0.012
648,Mareanie,0.00082,141,0.026,109,0.030
649,Eelektrik,0.00081,28,0.005,12,0.003
650,Staryu,0.00081,26,0.005,18,0.005
651,Mudbray,0.00079,44,0.008,33,0.009
652,Frillish,0.00079,26,0.005,17,0.005
653,Hakamo-o,0.00079,125,0.023,80,0.022
654,Cosmog,0.00078,147,0.027,70,0.019
655,Vigoroth,0.00078,82,0.015,45,0.012
656,Simisear,0.00078,143,0.026,95,0.026
657,Unown,0.00076,200,0.036,121,0.033
658,Roselia,0.00076,45,0.008,28,0.008
659,Charmander,0.00074,257,0.047,188,0.051
660,Plusle,0.00074,131,0.024,92,0.025
661,Crabrawler,0.00071,53,0.010,36,0.010
662,Doduo,0.00071,139,0.025,75,0.020
663,Watchog,0.00070,51,0.009,31,0.008
664,Wurmple,0.00070,87,0.016,60,0.016
665,Snorunt,0.00069,15,0.003,13,0.004
666,Skitty,0.00068,41,0.007,31,0.008
667,Metapod,0.00067,92,0.017,68,0.019
668,Kadabra,0.00067,93,0.017,60,0.016
669,Voltorb,0.00065,57,0.010,44,0.012
670,Cubchoo,0.00065,17,0.003,11,0.003
671,Weedle,0.00064,101,0.018,80,0.022
672,Trapinch,0.00064,140,0.025,96,0.026
673,Paras,0.00064,20,0.004,13,0.004
674,Grubbin,0.00063,29,0.005,26,0.007
675,Geodude-Alola,0.00063,95,0.017,81,0.022
676,Elekid,0.00062,50,0.009,32,0.009
677,Loudred,0.00061,38,0.007,21,0.006
678,Croconaw,0.00060,43,0.008,29,0.008
679,Charmeleon,0.00060,147,0.027,111,0.030
680,Dewott,0.00058,105,0.019,73,0.020
681,Monferno,0.00058,106,0.019,84,0.023
682,Beldum,0.00055,19,0.003,18,0.005
683,Petilil,0.00054,6,0.001,4,0.001
684,Shellder,0.00054,193,0.035,158,0.043
685,Gurdurr,0.00054,54,0.010,38,0.010
686,Vulpix-Alola,0.00054,117,0.021,87,0.024
687,Piplup,0.00050,116,0.021,87,0.024
688,Marill,0.00050,51,0.009,38,0.010
689,Magmar,0.00048,132,0.024,95,0.026
690,Silvally-Rock,0.00048,14,0.003,8,0.002
691,Archen,0.00046,58,0.011,31,0.008
692,Wormadam-Trash,0.00046,32,0.006,23,0.006
693,Ralts,0.00046,141,0.026,112,0.031
694,Espurr,0.00046,29,0.005,11,0.003
695,Vanillite,0.00045,36,0.007,23,0.006
696,Sandshrew-Alola,0.00045,53,0.010,41,0.011
697,Tyrunt,0.00045,47,0.009,33,0.009
698,Zorua,0.00044,114,0.021,55,0.015
699,Shelgon,0.00044,38,0.007,30,0.008
700,Sunkern,0.00044,121,0.022,66,0.018
701,Flabebe,0.00044,25,0.005,18,0.005
702,Numel,0.00043,38,0.007,30,0.008
703,Surskit,0.00042,13,0.002,11,0.003
704,Trubbish,0.00042,66,0.012,59,0.016
705,Silcoon,0.00042,24,0.004,17,0.005
706,Spewpa,0.00042,19,0.003,17,0.005
707,Bonsly,0.00042,48,0.009,33,0.009
708,Mime Jr.,0.00041,31,0.006,24,0.007
709,Gible,0.00041,133,0.024,85,0.023
710,Seaking,0.00041,99,0.018,64,0.017
711,Larvitar,0.00039,44,0.008,35,0.010
712,Cleffa,0.00039,196,0.036,66,0.018
713,Stufful,0.00039,28,0.005,15,0.004
714,Buizel,0.00039,223,0.040,156,0.043
715,Marshtomp,0.00038,60,0.011,50,0.014
716,Poliwhirl,0.00038,43,0.008,30,0.008
717,Diglett-Alola,0.00037,41,0.007,32,0.009
718,Phanpy,0.00037,82,0.015,61,0.017
719,Croagunk,0.00036,32,0.006,23,0.006
720,Grimer-Alola,0.00036,18,0.003,16,0.004
721,Exeggcute,0.00036,30,0.005,21,0.006
722,Yamask,0.00036,63,0.011,50,0.014
723,Bunnelby,0.00035,173,0.031,101,0.028
724,Deino,0.00035,14,0.003,12,0.003
725,Tentacool,0.00034,46,0.008,39,0.011
726,Grotle,0.00034,30,0.005,22,0.006
727,Vullaby,0.00033,45,0.008,34,0.009
728,Rhyhorn,0.00032,37,0.007,24,0.007
729,Lickitung,0.00031,53,0.010,45,0.012
730,Whirlipede,0.00030,44,0.008,42,0.011
731,Poliwag,0.00029,10,0.002,9,0.002
732,Litten,0.00029,169,0.031,131,0.036
733,Herdier,0.00029,13,0.002,7,0.002
734,Chinchou,0.00027,15,0.003,9,0.002
735,Frogadier,0.00027,117,0.021,92,0.025
736,Clamperl,0.00027,102,0.019,71,0.019
737,Boldore,0.00026,62,0.011,51,0.014
738,Seedot,0.00025,10,0.002,9,0.002
739,Dratini,0.00025,53,0.010,35,0.010
740,Meditite,0.00025,7,0.001,6,0.002
741,Kirlia,0.00025,24,0.004,17,0.005
742,Magby,0.00025,27,0.005,23,0.006
743,Wingull,0.00024,18,0.003,15,0.004
744,Teddiursa,0.00024,30,0.005,15,0.004
745,Pawniard,0.00023,150,0.027,104,0.028
746,Skiddo,0.00023,10,0.002,7,0.002
747,Snivy,0.00023,104,0.019,74,0.020
748,Graveler,0.00023,102,0.019,74,0.020
749,Lombre,0.00021,22,0.004,13,0.004
750,Jangmo-o,0.00021,34,0.006,23,0.006
751,Karrablast,0.00021,5,0.001,4,0.001
752,Poochyena,0.00020,22,0.004,17,0.005
753,Baltoy,0.00020,93,0.017,86,0.023
754,Steenee,0.00019,28,0.005,18,0.005
755,Tympole,0.00019,14,0.003,8,0.002
756,Tynamo,0.00019,7,0.001,5,0.001
757,Pumpkaboo-Small,0.00019,3,0.001,3,0.001
758,Pignite,0.00019,108,0.020,83,0.023
759,Finneon,0.00019,13,0.002,10,0.003
760,Tyrogue,0.00019,25,0.005,18,0.005
761,Pansage,0.00018,43,0.008,35,0.010
762,Azurill,0.00018,29,0.005,23,0.006
763,Omanyte,0.00018,70,0.013,60,0.016
764,Shinx,0.00018,35,0.006,26,0.007
765,Pumpkaboo-Large,0.00017,4,0.001,4,0.001
766,Cutiefly,0.00017,18,0.003,14,0.004
767,Hoppip,0.00017,59,0.011,51,0.014
768,Vibrava,0.00017,22,0.004,17,0.005
769,Cubone,0.00016,55,0.010,38,0.010
770,Pumpkaboo-Super,0.00016,22,0.004,15,0.004
771,Phione,0.00016,42,0.008,25,0.007
772,Bronzor,0.00016,16,0.003,13,0.004
773,Fomantis,0.00016,9,0.002,8,0.002
774,Pidgeotto,0.00015,86,0.016,53,0.014
775,Fennekin,0.00015,63,0.011,47,0.013
776,Drowzee,0.00014,24,0.004,15,0.004
777,Krabby,0.00014,11,0.002,9,0.002
778,Budew,0.00013,9,0.002,6,0.002
779,Palpitoad,0.00013,60,0.011,45,0.012
780,Meowth-Alola,0.00012,28,0.005,25,0.007
781,Chespin,0.00012,77,0.014,55,0.015
782,Drilbur,0.00012,9,0.002,6,0.002
783,Quilava,0.00012,133,0.024,86,0.023
784,Aipom,0.00012,128,0.023,100,0.027
785,Deerling,0.00012,9,0.002,4,0.001
786,Wimpod,0.00012,33,0.006,18,0.005
787,Cyndaquil,0.00011,38,0.007,32,0.009
788,Patrat,0.00011,62,0.011,34,0.009
789,Sentret,0.00011,19,0.003,18,0.005
790,Litwick,0.00011,24,0.004,21,0.006
791,Scraggy,0.00011,39,0.007,30,0.008
792,Phantump,0.00011,25,0.005,22,0.006
793,Servine,0.00011,49,0.009,39,0.011
794,Lampent,0.00010,65,0.012,49,0.013
795,Fletchling,0.00010,31,0.006,13,0.004
796,Spritzee,0.00010,19,0.003,11,0.003
797,Ponyta,0.00010,16,0.003,11,0.003
798,Quilladin,0.00010,33,0.006,27,0.007
799,Pupitar,0.00010,41,0.007,36,0.010
800,Binacle,0.00010,11,0.002,7,0.002
801,Kricketot,0.00010,16,0.003,15,0.004
802,Pikipek,0.00010,36,0.007,24,0.007
803,Swirlix,0.00009,16,0.003,9,0.002
804,Fletchinder,0.00009,102,0.019,66,0.018
805,Minccino,0.00009,57,0.010,42,0.011
806,Yungoos,0.00009,26,0.005,15,0.004
807,Bagon,0.00009,29,0.005,21,0.006
808,Venipede,0.00009,35,0.006,29,0.008
809,Cacnea,0.00008,30,0.005,15,0.004
810,Litleo,0.00008,19,0.003,13,0.004
811,Luvdisc,0.00007,80,0.015,42,0.011
812,Swinub,0.00007,16,0.003,13,0.004
813,Igglybuff,0.00007,45,0.008,27,0.007
814,Yanma,0.00007,36,0.007,26,0.007
815,Pansear,0.00007,16,0.003,13,0.004
816,Sealeo,0.00007,10,0.002,7,0.002
817,Prinplup,0.00007,19,0.003,16,0.004
818,Panpour,0.00007,5,0.001,5,0.001
819,Spearow,0.00007,11,0.002,11,0.003
820,Golett,0.00006,13,0.002,5,0.001
821,Slakoth,0.00006,13,0.002,10,0.003
822,NidoranM,0.00006,23,0.004,21,0.006
823,Clauncher,0.00006,4,0.001,2,0.001
824,Cranidos,0.00006,19,0.003,13,0.004
825,Scatterbug,0.00006,32,0.006,28,0.008
826,Rufflet,0.00006,10,0.002,5,0.001
827,Tranquill,0.00006,20,0.004,16,0.004
828,Wormadam-Sandy,0.00006,8,0.001,7,0.002
829,Flaaffy,0.00006,21,0.004,14,0.004
830,Spinarak,0.00005,19,0.003,16,0.004
831,Sandile,0.00005,28,0.005,21,0.006
832,Kabuto,0.00005,9,0.002,7,0.002
833,Ledyba,0.00004,9,0.002,3,0.001
834,Bounsweet,0.00004,9,0.002,7,0.002
835,Axew,0.00004,55,0.010,29,0.008
836,Vulpix,0.00004,121,0.022,70,0.019
837,Luxio,0.00004,61,0.011,33,0.009
838,Elgyem,0.00004,9,0.002,7,0.002
839,NidoranF,0.00004,21,0.004,19,0.005
840,Pumpkaboo,0.00004,5,0.001,4,0.001
841,Spheal,0.00004,10,0.002,8,0.002
842,Gloom,0.00004,31,0.006,19,0.005
843,Nidorina,0.00003,11,0.002,11,0.003
844,Foongus,0.00003,6,0.001,4,0.001
845,Snubbull,0.00003,16,0.003,9,0.002
846,Duosion,0.00003,35,0.006,18,0.005
847,Oddish,0.00002,12,0.002,7,0.002
848,Spoink,0.00002,22,0.004,16,0.004
849,Klang,0.00002,17,0.003,14,0.004
850,Timburr,0.00002,16,0.003,11,0.003
851,Growlithe,0.00002,28,0.005,22,0.006
852,Inkay,0.00002,26,0.005,16,0.004
853,Sandygast,0.00002,23,0.004,14,0.004
854,Nincada,0.00002,5,0.001,4,0.001
855,Blitzle,0.00001,5,0.001,4,0.001
856,Houndour,0.00001,13,0.002,12,0.003
857,Trumbeak,0.00001,15,0.003,11,0.003
858,Drifloon,0.00001,21,0.004,17,0.005
859,Happiny,0.00001,10,0.002,8,0.002
860,Glameow,0.00001,34,0.006,27,0.007
861,Makuhita,0.00001,24,0.004,18,0.005
862,Pidove,0.00001,22,0.004,17,0.005
863,Tepig,0.00001,43,0.008,33,0.009
864,Lotad,0.00001,11,0.002,10,0.003
865,Helioptile,0.00001,12,0.002,5,0.001
866,Chingling,0.00001,16,0.003,15,0.004
867,Slugma,0.00001,15,0.003,12,0.003
868,Munna,0.00001,11,0.002,11,0.003
869,Roggenrola,0.00001,17,0.003,11,0.003
870,Floette,0.00001,9,0.002,7,0.002
871,Mareep,0.00001,21,0.004,13,0.004
872,Goldeen,0.00001,12,0.002,10,0.003
873,Seel,0.00000,11,0.002,9,0.002
874,Grimer,0.00000,24,0.004,20,0.005
875,Sliggoo,0.00000,13,0.002,9,0.002
876,Venonat,0.00000,15,0.003,12,0.003
877,Sandshrew,0.00000,14,0.003,9,0.002
878,Ducklett,0.00000,4,0.001,4,0.001
879,Noibat,0.00000,41,0.007,30,0.008
880,Smoochum,0.00000,18,0.003,15,0.004
881,Shieldon,0.00000,23,0.004,21,0.006
882,Seadra,0.00000,55,0.010,31,0.008
883,Lillipup,0.00000,9,0.002,6,0.002
884,Cascoon,0.00000,9,0.002,7,0.002
885,Electrike,0.00000,9,0.002,7,0.002
886,Skorupi,0.00000,8,0.001,6,0.002
887,Vanillish,0.00000,11,0.002,10,0.003
888,Woobat,0.00000,14,0.003,10,0.003
889,Dewpider,0.00000,5,0.001,4,0.001
890,Tirtouga,0.00000,20,0.004,14,0.004
891,Anorith,0.00000,3,0.001,3,0.001
892,Barboach,0.00000,1,0.000,1,0.000
893,Skrelp,0.00000,6,0.001,4,0.001
894,Purrloin,0.00000,7,0.001,5,0.001
895,Burmy,0.00000,2,0.000,2,0.001
896,Ekans,0.00000,9,0.002,6,0.002
897,Larvesta,0.00000,9,0.002,7,0.002
898,Skiploom,0.00000,9,0.002,8,0.002
899,Joltik,0.00000,6,0.001,5,0.001
900,Klink,0.00000,3,0.001,3,0.001
901,Cherubi,0.00000,2,0.000,1,0.000
902,Wormadam,0.00000,14,0.003,10,0.003
903,Stunky,0.00000,5,0.001,5,0.001
904,Swablu,0.00000,3,0.001,1,0.000
905,Shelmet,0.00000,2,0.000,2,0.001
