 Total battles: 30201
 Avg. weight/team: 0.629
Rank,Pokemon,Usage percentage,Raw,Raw percentage,Real,Real percentage
1,Groudon-Primal,41.83509,19307,31.964,11713,35.093
2,Kyogre-Primal,33.38426,15997,26.484,9194,27.546
3,Xerneas,31.65219,14837,24.564,7652,22.926
4,Rayquaza-Mega,26.77115,12269,20.312,6334,18.977
5,Magearna,13.51851,6525,10.803,3790,11.355
6,Darkrai,11.66462,5735,9.495,2966,8.886
7,Mewtwo,9.75460,4651,7.700,2200,6.591
8,Kangaskhan-Mega,9.48896,4660,7.715,2491,7.463
9,Arceus,9.37421,4251,7.038,2385,7.146
10,Lunala,8.40399,4311,7.137,2369,7.098
11,Ho-Oh,7.77410,3462,5.732,2122,6.358
12,Zygarde,7.44841,4440,7.351,2537,7.601
13,Yveltal,7.20906,3533,5.849,1981,5.935
14,Greninja-Ash,7.02191,5217,8.637,2861,8.572
15,Smeargle,6.52444,3334,5.520,1872,5.609
16,Lugia,6.37555,3308,5.477,1820,5.453
17,Mew,6.21937,2883,4.773,1843,5.522
18,Aegislash,5.90449,3634,6.016,2154,6.454
19,Solgaleo,5.85118,3415,5.654,1825,5.468
20,Tapu Koko,5.64538,3422,5.665,1866,5.591
21,Salamence-Mega,5.47916,3202,5.301,1734,5.195
22,Gengar-Mega,5.47309,3300,5.463,1761,5.276
23,Tapu Lele,5.30718,2550,4.222,1394,4.177
24,Eevee,5.26891,3621,5.995,1980,5.932
25,Oranguru,5.05397,3514,5.818,2117,6.343
26,Dialga,4.95484,2612,4.324,1539,4.611
27,Giratina-Origin,4.67834,2312,3.828,1373,4.114
28,Whimsicott,4.42996,2354,3.897,1167,3.496
29,Mimikyu,4.31641,3287,5.442,1902,5.699
30,Garchomp,4.24324,2569,4.253,1393,4.174
31,Lucario-Mega,4.15688,2921,4.836,1512,4.530
32,Arceus-Ghost,4.07743,1646,2.725,956,2.864
33,Tapu Fini,3.99496,2366,3.917,1397,4.186
34,Palkia,3.94322,2067,3.422,1144,3.428
35,Zekrom,3.84617,2121,3.511,1141,3.419
36,Genesect,3.67704,1989,3.293,1138,3.410
37,Kartana,3.67502,2145,3.551,1162,3.481
38,Greninja,3.56348,2447,4.051,1319,3.952
39,Celesteela,3.39607,2156,3.569,1348,4.039
40,Metagross-Mega,3.35292,1988,3.291,1188,3.559
41,Shaymin-Sky,3.30728,1584,2.622,912,2.732
42,Charizard-Mega-Y,3.21434,2368,3.920,1207,3.616
43,Blaziken,3.18641,2108,3.490,1226,3.673
44,Kyurem-White,2.92339,1509,2.498,874,2.619
45,Deoxys-Attack,2.79262,1468,2.430,759,2.274
46,Landorus-Therian,2.78988,1506,2.493,891,2.670
47,Shedinja,2.76050,2703,4.475,1543,4.623
48,Charizard-Mega-X,2.75723,2429,4.021,1356,4.063
49,Ferrothorn,2.65481,1585,2.624,899,2.693
50,Arcanine,2.64767,2060,3.410,1258,3.769
51,Golem-Alola,2.63043,1580,2.616,1048,3.140
52,Muk-Alola,2.61992,1721,2.849,961,2.879
53,Cresselia,2.55244,1282,2.122,752,2.253
54,Marowak-Alola,2.50242,1952,3.232,1206,3.613
55,Toxapex,2.50090,1824,3.020,1063,3.185
56,Volcarona,2.38327,1778,2.944,847,2.538
57,Kyogre,2.38264,1153,1.909,691,2.070
58,Alakazam-Mega,2.31616,1649,2.730,899,2.693
59,Reshiram,2.30679,1359,2.250,737,2.208
60,Xurkitree,2.26444,1400,2.318,771,2.310
61,Weavile,2.16434,1258,2.083,689,2.064
62,Arceus-Steel,2.12955,892,1.477,487,1.459
63,Pheromosa,1.98460,1194,1.977,627,1.879
64,Togekiss,1.96795,1289,2.134,805,2.412
65,Tapu Bulu,1.92452,1251,2.071,696,2.085
66,Ninetales-Alola,1.89750,1327,2.197,677,2.028
67,Hitmontop,1.84796,844,1.397,578,1.732
68,Clefairy,1.76431,984,1.629,638,1.912
69,Dragonite,1.75823,1287,2.131,797,2.388
70,Venusaur-Mega,1.75093,1138,1.884,649,1.944
71,Hoopa-Unbound,1.73147,1180,1.954,662,1.983
72,Clefable,1.72663,1177,1.949,686,2.055
73,Raichu-Alola,1.67081,1304,2.159,724,2.169
74,Landorus,1.63582,766,1.268,400,1.198
75,Sylveon,1.63548,1255,2.078,752,2.253
76,Comfey,1.63278,1153,1.909,601,1.801
77,Gardevoir,1.57666,1257,2.081,709,2.124
78,Bronzong,1.55837,885,1.465,437,1.309
79,Snorlax,1.55634,1151,1.906,702,2.103
80,Sableye-Mega,1.54144,915,1.515,507,1.519
81,Jirachi,1.52668,968,1.603,585,1.753
82,Victini,1.51619,907,1.502,467,1.399
83,Linoone,1.48835,959,1.588,720,2.157
84,Chansey,1.47124,975,1.614,573,1.717
85,Espeon,1.45888,1092,1.808,577,1.729
86,Gyarados-Mega,1.45204,1105,1.829,622,1.864
87,Zapdos,1.43363,875,1.449,500,1.498
88,Tyranitar,1.37844,1092,1.808,608,1.822
89,Pelipper,1.31008,1049,1.737,575,1.723
90,Audino,1.30403,1290,2.136,793,2.376
91,Serperior,1.30318,1020,1.689,541,1.621
92,Shuckle,1.30180,1026,1.699,598,1.792
93,Scizor-Mega,1.28739,981,1.624,577,1.729
94,Giratina,1.24016,723,1.197,436,1.306
95,Raichu,1.22662,706,1.169,417,1.249
96,Araquanid,1.19947,882,1.460,539,1.615
97,Golduck,1.14471,617,1.021,365,1.094
98,Porygon2,1.12373,741,1.227,402,1.204
99,Deoxys-Defense,1.11611,770,1.275,377,1.130
100,Gastrodon,1.10770,870,1.440,541,1.621
101,Lickilicky,1.10312,713,1.180,424,1.270
102,Scolipede,1.07992,692,1.146,422,1.264
103,Kyurem-Black,1.07720,700,1.159,394,1.180
104,Cloyster,1.07592,589,0.975,424,1.270
105,Rotom-Wash,1.06067,686,1.136,418,1.252
106,Spinda,1.05143,658,1.089,394,1.180
107,Ditto,1.04441,806,1.334,456,1.366
108,Sableye,1.03272,530,0.877,298,0.893
109,Porygon-Z,1.02836,814,1.348,481,1.441
110,Volcanion,1.01683,600,0.993,369,1.106
111,Thundurus-Therian,1.01070,656,1.086,363,1.088
112,Arceus-Fairy,0.97304,521,0.863,296,0.887
113,Decidueye,0.96719,955,1.581,576,1.726
114,Oricorio-Pom-Pom,0.96550,733,1.214,403,1.207
115,Venusaur,0.95869,721,1.194,484,1.450
116,Buzzwole,0.94492,679,1.124,387,1.159
117,Primarina,0.93540,724,1.199,426,1.276
118,Salazzle,0.92908,607,1.005,246,0.737
119,Zygarde-10,0.90958,436,0.722,294,0.881
120,Gengar,0.90954,676,1.119,358,1.073
121,Latios,0.90207,698,1.156,372,1.115
122,Nihilego,0.86787,601,0.995,312,0.935
123,Thundurus,0.86196,510,0.844,265,0.794
124,Talonflame,0.85495,692,1.146,392,1.174
125,Incineroar,0.85311,691,1.144,433,1.297
126,Crobat,0.85279,466,0.771,237,0.710
127,Umbreon,0.83612,660,1.093,376,1.127
128,Gigalith,0.83495,470,0.778,279,0.836
129,Arceus-Ground,0.82041,386,0.639,195,0.584
130,Excadrill,0.81811,614,1.017,350,1.049
131,Breloom,0.80716,563,0.932,318,0.953
132,Blissey,0.79463,520,0.861,328,0.983
133,Manaphy,0.79180,613,1.015,349,1.046
134,Infernape,0.78949,630,1.043,348,1.043
135,Terrakion,0.77534,519,0.859,237,0.710
136,Salamence,0.77223,634,1.050,363,1.088
137,Kingdra,0.76689,488,0.808,269,0.806
138,Noivern,0.75098,632,1.046,352,1.055
139,Amoonguss,0.74226,419,0.694,233,0.698
140,Nidoking,0.74129,507,0.839,323,0.968
141,Staraptor,0.73845,551,0.912,295,0.884
142,Gliscor,0.73532,620,1.026,384,1.151
143,Liepard,0.73049,352,0.583,195,0.584
144,Ninetales,0.72825,557,0.922,284,0.851
145,Heatran,0.72613,492,0.815,307,0.920
146,Politoed,0.71276,543,0.899,291,0.872
147,Krookodile,0.70433,535,0.886,318,0.953
148,Golisopod,0.70340,476,0.788,314,0.941
149,Jolteon,0.70006,627,1.038,360,1.079
150,Meowstic,0.69604,423,0.700,225,0.674
151,Gyarados,0.69184,630,1.043,381,1.142
152,Lapras,0.68726,527,0.872,316,0.947
153,Toxicroak,0.66969,424,0.702,241,0.722
154,Electivire,0.66939,590,0.977,352,1.055
155,Lilligant,0.66128,497,0.823,214,0.641
156,Lucario,0.65686,531,0.879,307,0.920
157,Arceus-Water,0.65665,321,0.531,187,0.560
158,Exeggutor-Alola,0.65601,490,0.811,272,0.815
159,Milotic,0.65517,485,0.803,286,0.857
160,Arceus-Poison,0.65130,287,0.475,145,0.434
161,Sceptile,0.64958,652,1.079,350,1.049
162,Garchomp-Mega,0.64941,526,0.871,313,0.938
163,Charizard,0.63804,476,0.788,244,0.731
164,Cradily,0.63666,407,0.674,227,0.680
165,Slaking,0.62683,453,0.750,244,0.731
166,Deoxys-Speed,0.61827,463,0.767,218,0.653
167,Ninjask,0.61667,480,0.795,261,0.782
168,Ribombee,0.61481,461,0.763,240,0.719
169,Magnezone,0.61238,540,0.894,320,0.959
170,Oricorio-Sensu,0.58498,407,0.674,255,0.764
171,Klefki,0.58170,354,0.586,226,0.677
172,Blastoise-Mega,0.57845,447,0.740,258,0.773
173,Palossand,0.57632,502,0.831,244,0.731
174,Scrafty,0.57334,330,0.546,180,0.539
175,Luxray,0.56709,397,0.657,268,0.803
176,Pachirisu,0.56553,300,0.497,185,0.554
177,Necrozma,0.56216,354,0.586,218,0.653
178,Metagross,0.55094,420,0.695,281,0.842
179,Skarmory,0.54677,459,0.760,247,0.740
180,Typhlosion,0.54620,526,0.871,307,0.920
181,Goodra,0.54302,468,0.775,287,0.860
182,Oricorio,0.54177,439,0.727,247,0.740
183,Alakazam,0.54147,428,0.709,265,0.794
184,Rayquaza,0.53518,449,0.743,257,0.770
185,Hawlucha,0.53234,470,0.778,259,0.776
186,Hydreigon,0.52881,363,0.601,192,0.575
187,Tentacruel,0.52048,276,0.457,135,0.404
188,Groudon,0.51597,291,0.482,136,0.407
189,Aerodactyl-Mega,0.51376,376,0.622,211,0.632
190,Eelektross,0.50814,474,0.785,271,0.812
191,Minior,0.50692,342,0.566,181,0.542
192,Mamoswine,0.49569,408,0.675,240,0.719
193,Omastar,0.49530,266,0.440,136,0.407
194,Heliolisk,0.49437,441,0.730,283,0.848
195,Bisharp,0.48956,355,0.588,203,0.608
196,Chandelure,0.48896,382,0.632,234,0.701
197,Vikavolt,0.48710,369,0.611,248,0.743
198,Mr. Mime,0.48114,285,0.472,172,0.515
199,Aggron,0.48078,361,0.598,226,0.677
200,Mudsdale,0.47828,344,0.570,191,0.572
201,Blastoise,0.47790,385,0.637,236,0.707
202,Regigigas,0.47618,442,0.732,200,0.599
203,Pikachu,0.47567,527,0.872,257,0.770
204,Azumarill,0.47522,377,0.624,224,0.671
205,Latias,0.46956,332,0.550,168,0.503
206,Torkoal,0.46716,347,0.574,203,0.608
207,Dusknoir,0.46418,286,0.473,153,0.458
208,Vaporeon,0.46412,417,0.690,243,0.728
209,Froslass,0.46359,339,0.561,201,0.602
210,Accelgor,0.45713,344,0.570,209,0.626
211,Exploud,0.45072,346,0.573,196,0.587
212,Honchkrow,0.44779,256,0.424,159,0.476
213,Wishiwashi,0.44140,402,0.666,240,0.719
214,Trevenant,0.43479,433,0.717,249,0.746
215,Slowbro-Mega,0.43284,372,0.616,224,0.671
216,Pyukumuku,0.43121,364,0.603,222,0.665
217,Persian-Alola,0.42845,275,0.455,155,0.464
218,Arceus-Flying,0.41638,200,0.331,106,0.318
219,Murkrow,0.41528,256,0.424,98,0.294
220,Mienshao,0.40782,225,0.373,147,0.440
221,Gallade,0.40649,397,0.657,209,0.626
222,Kommo-o,0.40316,327,0.541,182,0.545
223,Cofagrigus,0.40288,345,0.571,222,0.665
224,Shiftry,0.39318,207,0.343,115,0.345
225,Articuno,0.39301,357,0.591,228,0.683
226,Delphox,0.39122,365,0.604,202,0.605
227,Malamar,0.39091,258,0.427,141,0.422
228,Carbink,0.38981,367,0.608,200,0.599
229,Arceus-Electric,0.38471,230,0.381,125,0.375
230,Glalie-Mega,0.38191,278,0.460,156,0.467
231,Hariyama,0.37975,231,0.382,117,0.351
232,Ambipom,0.37772,224,0.371,123,0.369
233,Togetic,0.37563,254,0.421,169,0.506
234,Aron,0.37046,204,0.338,80,0.240
235,Dugtrio-Alola,0.36986,219,0.363,108,0.324
236,Togedemaru,0.36782,271,0.449,150,0.449
237,Suicune,0.36328,220,0.364,125,0.375
238,Pinsir-Mega,0.36191,244,0.404,140,0.419
239,Drampa,0.35910,308,0.510,170,0.509
240,Swoobat,0.34395,249,0.412,119,0.357
241,Rhyperior,0.34193,254,0.421,158,0.473
242,Machamp,0.33783,272,0.450,182,0.545
243,Guzzlord,0.33759,265,0.439,159,0.476
244,Cinccino,0.33278,205,0.339,130,0.389
245,Xatu,0.33130,232,0.384,162,0.485
246,Ludicolo,0.32928,325,0.538,192,0.575
247,Flygon,0.32782,265,0.439,148,0.443
248,Heracross,0.32691,351,0.581,195,0.584
249,Jellicent,0.32507,185,0.306,131,0.392
250,Swampert,0.32374,313,0.518,206,0.617
251,Tsareena,0.31880,196,0.324,116,0.348
252,Starmie,0.31480,242,0.401,117,0.351
253,Dugtrio,0.31163,242,0.401,143,0.428
254,Meloetta,0.30887,285,0.472,156,0.467
255,Florges,0.30525,247,0.409,127,0.381
256,Arceus-Grass,0.30168,137,0.227,58,0.174
257,Dhelmise,0.30091,233,0.386,139,0.416
258,Vivillon,0.29722,220,0.364,107,0.321
259,Arceus-Dragon,0.29631,188,0.311,125,0.375
260,Haxorus,0.29509,221,0.366,108,0.324
261,Pyroar,0.29005,248,0.411,130,0.389
262,Raikou,0.28941,198,0.328,99,0.297
263,Seismitoad,0.28826,208,0.344,134,0.401
264,Dusclops,0.28671,196,0.324,104,0.312
265,Scizor,0.28396,251,0.416,165,0.494
266,Sandslash-Alola,0.28396,252,0.417,168,0.503
267,Turtonator,0.28004,207,0.343,137,0.410
268,Tauros,0.27816,223,0.369,99,0.297
269,Galvantula,0.27723,309,0.512,138,0.413
270,Torterra,0.27647,227,0.376,120,0.360
271,Aurorus,0.27184,242,0.401,122,0.366
272,Meganium,0.27131,216,0.358,134,0.401
273,Zoroark,0.26989,266,0.440,99,0.297
274,Bewear,0.26672,186,0.308,104,0.312
275,Slowking,0.26275,194,0.321,106,0.318
276,Lycanroc-Midnight,0.26252,235,0.389,151,0.452
277,Slowbro,0.25882,170,0.281,92,0.276
278,Durant,0.25653,224,0.371,116,0.348
279,Aerodactyl,0.25319,177,0.293,92,0.276
280,Charjabug,0.25241,158,0.262,72,0.216
281,Wobbuffet,0.25221,195,0.323,101,0.303
282,Absol-Mega,0.25125,208,0.344,109,0.327
283,Lycanroc,0.25101,259,0.429,151,0.452
284,Lanturn,0.24432,214,0.354,134,0.401
285,Escavalier,0.24304,192,0.318,112,0.336
286,Mandibuzz,0.24203,158,0.262,93,0.279
287,Diancie,0.23787,173,0.286,97,0.291
288,Alomomola,0.23689,150,0.248,85,0.255
289,Deoxys,0.23434,146,0.242,76,0.228
290,Kabutops,0.23286,128,0.212,64,0.192
291,Medicham,0.22981,157,0.260,111,0.333
292,Crabominable,0.22916,190,0.315,114,0.342
293,Steelix,0.22680,216,0.358,147,0.440
294,Gothitelle,0.22562,180,0.298,93,0.279
295,Conkeldurr,0.22180,173,0.286,111,0.333
296,Magmortar,0.21810,200,0.331,107,0.321
297,Passimian,0.21721,260,0.430,150,0.449
298,Empoleon,0.21662,184,0.305,111,0.333
299,Bruxish,0.21534,127,0.210,62,0.186
300,Spiritomb,0.21500,170,0.281,102,0.306
301,Poliwrath,0.21343,152,0.252,88,0.264
302,Houndoom,0.21245,159,0.263,89,0.267
303,Musharna,0.20980,139,0.230,71,0.213
304,Toucannon,0.20235,161,0.267,87,0.261
305,Cherrim,0.20160,141,0.233,92,0.276
306,Moltres,0.20047,204,0.338,119,0.357
307,Abomasnow,0.19646,175,0.290,92,0.276
308,Miltank,0.19561,132,0.219,81,0.243
309,Leafeon,0.19442,179,0.296,102,0.306
310,Darmanitan,0.19253,138,0.228,89,0.267
311,Mismagius,0.18964,159,0.263,104,0.312
312,Keldeo,0.18928,169,0.280,100,0.300
313,Roserade,0.18405,151,0.250,82,0.246
314,Manectric,0.18314,155,0.257,99,0.297
315,Tangrowth,0.18227,131,0.217,75,0.225
316,Flareon,0.18125,173,0.286,119,0.357
317,Regice,0.18006,174,0.288,113,0.339
318,Mantine,0.17978,112,0.185,61,0.183
319,Arceus-Ice,0.17771,110,0.182,57,0.171
320,Arceus-Psychic,0.17631,98,0.162,62,0.186
321,Arceus-Fire,0.17412,118,0.195,76,0.228
322,Jumpluff,0.17378,110,0.182,74,0.222
323,Hippowdon,0.17225,118,0.195,52,0.156
324,Vanilluxe,0.17173,127,0.210,74,0.222
325,Masquerain,0.17106,102,0.169,57,0.171
326,Arceus-Dark,0.17023,114,0.189,53,0.159
327,Quagsire,0.17008,117,0.194,82,0.246
328,Sudowoodo,0.16911,214,0.354,153,0.458
329,Sigilyph,0.16859,137,0.227,92,0.276
330,Lurantis,0.16846,214,0.354,142,0.425
331,Exeggutor,0.16781,162,0.268,104,0.312
332,Absol,0.16734,177,0.293,101,0.303
333,Golurk,0.16674,132,0.219,84,0.252
334,Gumshoos,0.16652,100,0.166,70,0.210
335,Zangoose,0.16460,119,0.197,75,0.225
336,Armaldo,0.16342,144,0.238,97,0.291
337,Drapion,0.16286,180,0.298,93,0.279
338,Registeel,0.16000,119,0.197,77,0.231
339,Dragalge,0.15762,159,0.263,91,0.273
340,Tyrantrum,0.15705,171,0.283,105,0.315
341,Cacturne,0.15691,103,0.171,60,0.180
342,Cobalion,0.15608,123,0.204,56,0.168
343,Marowak,0.15481,113,0.187,79,0.237
344,Sharpedo-Mega,0.15420,125,0.207,78,0.234
345,Entei,0.15098,141,0.233,87,0.261
346,Electrode,0.15018,114,0.189,80,0.240
347,Floatzel,0.14969,136,0.225,67,0.201
348,Clawitzer,0.14933,211,0.349,124,0.372
349,Golem,0.14758,123,0.204,74,0.222
350,Pangoro,0.14750,149,0.247,92,0.276
351,Shiinotic,0.14601,124,0.205,66,0.198
352,Regirock,0.14577,115,0.190,45,0.135
353,Doublade,0.14319,105,0.174,61,0.183
354,Chesnaught,0.14197,142,0.235,75,0.225
355,Parasect,0.14173,104,0.172,60,0.180
356,Victreebel,0.14046,105,0.174,69,0.207
357,Ampharos,0.14040,138,0.228,99,0.297
358,Azelf,0.14004,101,0.167,52,0.156
359,Oricorio-Pa'u,0.13987,101,0.167,74,0.222
360,Tornadus-Therian,0.13968,133,0.220,69,0.207
361,Rotom-Heat,0.13758,97,0.161,56,0.168
362,Glaceon,0.13747,152,0.252,97,0.291
363,Zebstrika,0.13746,148,0.245,72,0.216
364,Emboar,0.13580,143,0.237,86,0.258
365,Kecleon,0.13411,126,0.209,72,0.216
366,Castform,0.13405,138,0.228,80,0.240
367,Seaking,0.13096,102,0.169,63,0.189
368,Rampardos,0.13020,102,0.169,64,0.192
369,Samurott,0.13006,131,0.217,76,0.228
370,Solrock,0.12917,84,0.139,53,0.159
371,Feraligatr,0.12899,152,0.252,76,0.228
372,Tornadus,0.12401,80,0.132,42,0.126
373,Lopunny,0.12281,161,0.267,85,0.255
374,Furret,0.12220,153,0.253,102,0.306
375,Chimecho,0.12153,86,0.142,58,0.174
376,Plusle,0.12128,143,0.237,77,0.231
377,Uxie,0.12118,72,0.119,31,0.093
378,Camerupt,0.12046,116,0.192,73,0.219
379,Sunflora,0.11935,73,0.121,46,0.138
380,Archeops,0.11920,96,0.159,50,0.150
381,Dedenne,0.11812,117,0.194,64,0.192
382,Celebi,0.11541,126,0.209,69,0.207
383,Druddigon,0.11535,97,0.161,38,0.114
384,Forretress,0.11376,116,0.192,67,0.201
385,Arceus-Fighting,0.11354,72,0.119,36,0.108
386,Stoutland,0.11302,170,0.281,107,0.321
387,Haunter,0.11277,75,0.124,45,0.135
388,Wigglytuff,0.11206,135,0.224,87,0.261
389,Altaria,0.11078,120,0.199,77,0.231
390,Dewgong,0.10910,81,0.134,40,0.120
391,Avalugg,0.10619,114,0.189,65,0.195
392,Kangaskhan,0.10538,55,0.091,41,0.123
393,Reuniclus,0.10483,105,0.174,66,0.198
394,Primeape,0.10213,108,0.179,63,0.189
395,Walrein,0.10205,83,0.137,55,0.165
396,Emolga,0.09979,96,0.159,52,0.156
397,Hitmonlee,0.09961,83,0.137,44,0.132
398,Yanmega,0.09902,75,0.124,42,0.126
399,Drifblim,0.09680,73,0.121,39,0.117
400,Rotom-Mow,0.09662,67,0.111,34,0.102
401,Bibarel,0.09647,91,0.151,43,0.129
402,Pidgeot,0.09605,99,0.164,66,0.198
403,Ariados,0.09503,91,0.151,44,0.132
404,Kyurem,0.09476,96,0.159,51,0.153
405,Beartic,0.09448,104,0.172,72,0.216
406,Braviary,0.09400,145,0.240,88,0.264
407,Ursaring,0.09005,96,0.159,57,0.171
408,Arceus-Rock,0.08978,43,0.071,20,0.060
409,Swellow,0.08822,158,0.262,90,0.270
410,Bastiodon,0.08796,111,0.184,67,0.201
411,Sawsbuck,0.08730,66,0.109,41,0.123
412,Aromatisse,0.08668,60,0.099,29,0.087
413,Girafarig,0.08572,59,0.098,30,0.090
414,Tropius,0.08459,73,0.121,51,0.153
415,Raticate-Alola,0.08343,61,0.101,28,0.084
416,Silvally,0.08300,66,0.109,35,0.105
417,Wailord,0.08142,91,0.151,48,0.144
418,Komala,0.08129,61,0.101,34,0.102
419,Maractus,0.08115,91,0.151,61,0.183
420,Sharpedo,0.08101,72,0.119,45,0.135
421,Staravia,0.07964,54,0.089,48,0.144
422,Carracosta,0.07962,67,0.111,46,0.138
423,Klinklang,0.07961,67,0.111,42,0.126
424,Minun,0.07833,80,0.132,53,0.159
425,Rotom-Frost,0.07788,46,0.076,32,0.096
426,Slurpuff,0.07649,103,0.171,40,0.120
427,Delcatty,0.07647,95,0.157,60,0.180
428,Probopass,0.07424,63,0.104,33,0.099
429,Gogoat,0.07285,80,0.132,40,0.120
430,Porygon,0.07199,35,0.058,15,0.045
431,Rhydon,0.07131,58,0.096,31,0.093
432,Virizion,0.07116,64,0.106,26,0.078
433,Shuppet,0.06962,44,0.073,15,0.045
434,Silvally-Fairy,0.06631,45,0.075,23,0.069
435,Mawile,0.06578,71,0.118,45,0.135
436,Sneasel,0.06530,35,0.058,30,0.090
437,Jynx,0.06474,78,0.129,45,0.135
438,Lunatone,0.06386,51,0.084,23,0.069
439,Hoopa,0.06335,60,0.099,28,0.084
440,Vileplume,0.06242,68,0.113,37,0.111
441,Scyther,0.06163,58,0.096,34,0.102
442,Gourgeist-Super,0.06152,47,0.078,32,0.096
443,Diggersby,0.06132,94,0.156,49,0.147
444,Trumbeak,0.06102,58,0.096,31,0.093
445,Weezing,0.06094,64,0.106,33,0.099
446,Hitmonchan,0.05891,58,0.096,27,0.081
447,Throh,0.05849,45,0.075,28,0.084
448,Rapidash,0.05828,56,0.093,29,0.087
449,Venomoth,0.05824,63,0.104,30,0.090
450,Nidoqueen,0.05741,58,0.096,34,0.102
451,Dodrio,0.05734,50,0.083,24,0.072
452,Donphan,0.05619,55,0.091,36,0.108
453,Chatot,0.05583,55,0.091,29,0.087
454,Crawdaunt,0.05569,91,0.151,62,0.186
455,Unfezant,0.05553,50,0.083,31,0.093
456,Silvally-Psychic,0.05481,30,0.050,14,0.042
457,Type: Null,0.05474,41,0.068,27,0.081
458,Butterfree,0.05277,54,0.089,26,0.078
459,Hypno,0.05215,60,0.099,36,0.108
460,Claydol,0.05192,61,0.101,41,0.123
461,Arbok,0.04957,49,0.081,34,0.102
462,Luvdisc,0.04942,43,0.071,22,0.066
463,Granbull,0.04883,42,0.070,21,0.063
464,Dunsparce,0.04867,41,0.068,27,0.081
465,Skuntank,0.04814,43,0.071,23,0.069
466,Hippopotas,0.04764,33,0.055,18,0.054
467,Arceus-Bug,0.04730,44,0.073,23,0.069
468,Furfrou,0.04629,45,0.075,23,0.069
469,Banette,0.04567,57,0.094,32,0.096
470,Beheeyem,0.04533,45,0.075,23,0.069
471,Hakamo-o,0.04501,33,0.055,15,0.045
472,Rattata,0.04419,72,0.119,38,0.114
473,Silvally-Ground,0.04371,21,0.035,14,0.042
474,Bouffalant,0.04287,37,0.061,20,0.060
475,Silvally-Poison,0.04230,21,0.035,11,0.033
476,Leavanny,0.04026,114,0.189,81,0.243
477,Jigglypuff,0.04021,40,0.066,21,0.063
478,Shaymin,0.03999,30,0.050,18,0.054
479,Octillery,0.03887,35,0.058,13,0.039
480,Gorebyss,0.03838,40,0.066,32,0.096
481,Grumpig,0.03785,35,0.058,25,0.075
482,Bidoof,0.03783,28,0.046,17,0.051
483,Whiscash,0.03654,29,0.048,14,0.042
484,Silvally-Dragon,0.03621,41,0.068,28,0.084
485,Volbeat,0.03611,39,0.065,20,0.060
486,Barbaracle,0.03513,35,0.058,17,0.051
487,Bellossom,0.03498,37,0.061,20,0.060
488,Illumise,0.03497,58,0.096,36,0.108
489,Silvally-Electric,0.03375,19,0.031,9,0.027
490,Mightyena,0.03250,20,0.033,13,0.039
491,Riolu,0.03224,36,0.060,24,0.072
492,Glalie,0.03190,31,0.051,20,0.060
493,Huntail,0.03176,27,0.045,21,0.063
494,Stantler,0.03140,91,0.151,59,0.177
495,Fearow,0.03069,31,0.051,14,0.042
496,Wartortle,0.03064,28,0.046,16,0.048
497,Diglett,0.03046,42,0.070,22,0.066
498,Cosmoem,0.02974,26,0.043,7,0.021
499,Silvally-Fire,0.02952,24,0.040,8,0.024
500,Numel,0.02872,26,0.043,5,0.015
501,Gothorita,0.02796,23,0.038,17,0.051
502,Noctowl,0.02746,18,0.030,15,0.045
503,Vespiquen,0.02705,50,0.083,33,0.099
504,Cryogonal,0.02670,36,0.060,18,0.054
505,Squirtle,0.02665,46,0.076,24,0.072
506,Muk,0.02631,27,0.045,16,0.048
507,Corsola,0.02615,24,0.040,10,0.030
508,Lumineon,0.02600,27,0.045,17,0.051
509,Silvally-Water,0.02564,19,0.031,11,0.033
510,Crustle,0.02535,34,0.056,19,0.057
511,Buizel,0.02431,20,0.033,11,0.033
512,Sawk,0.02406,23,0.038,13,0.039
513,Beautifly,0.02371,42,0.070,24,0.072
514,Mesprit,0.02344,17,0.028,10,0.030
515,Rotom,0.02331,26,0.043,18,0.054
516,Braixen,0.02326,29,0.048,16,0.048
517,Farfetch'd,0.02218,14,0.023,6,0.018
518,Kingler,0.02153,23,0.038,12,0.036
519,Piloswine,0.02115,19,0.031,4,0.012
520,Tangela,0.02113,18,0.030,14,0.042
521,Onix,0.02011,27,0.045,18,0.054
522,Graveler-Alola,0.01996,22,0.036,12,0.036
523,Ekans,0.01985,18,0.030,8,0.024
524,Magikarp,0.01904,31,0.051,14,0.042
525,Heatmor,0.01902,13,0.022,7,0.021
526,Happiny,0.01898,13,0.022,7,0.021
527,Swanna,0.01810,20,0.033,11,0.033
528,Bergmite,0.01762,13,0.022,8,0.024
529,Flabebe,0.01731,15,0.025,10,0.030
530,Sandslash,0.01697,17,0.028,13,0.039
531,Weepinbell,0.01660,10,0.017,4,0.012
532,Magmar,0.01650,15,0.025,9,0.027
533,Magnemite,0.01633,17,0.028,9,0.027
534,Phione,0.01622,22,0.036,14,0.042
535,Marshtomp,0.01596,14,0.023,11,0.033
536,Seviper,0.01585,19,0.031,11,0.033
537,Rattata-Alola,0.01577,20,0.033,14,0.042
538,Torracat,0.01576,17,0.028,5,0.015
539,Natu,0.01555,9,0.015,3,0.009
540,Sandshrew-Alola,0.01535,12,0.020,9,0.027
541,Bulbasaur,0.01531,17,0.028,8,0.024
542,Persian,0.01517,20,0.033,8,0.024
543,Beedrill,0.01504,37,0.061,21,0.063
544,Gourgeist-Large,0.01456,23,0.038,18,0.054
545,Servine,0.01452,10,0.017,9,0.027
546,Rotom-Fan,0.01445,33,0.055,22,0.066
547,Dragonair,0.01443,22,0.036,16,0.048
548,Silvally-Dark,0.01438,15,0.025,9,0.027
549,Kadabra,0.01434,12,0.020,5,0.015
550,Silvally-Ice,0.01424,11,0.018,6,0.018
551,Magcargo,0.01401,12,0.020,6,0.018
552,Chinchou,0.01398,11,0.018,6,0.018
553,Delibird,0.01385,14,0.023,5,0.015
554,Gourgeist,0.01367,12,0.020,11,0.033
555,Frogadier,0.01319,19,0.031,10,0.030
556,Bayleef,0.01312,13,0.022,9,0.027
557,Surskit,0.01308,56,0.093,39,0.117
558,Vigoroth,0.01306,9,0.015,7,0.021
559,Misdreavus,0.01279,19,0.031,8,0.024
560,Gourgeist-Small,0.01277,12,0.020,2,0.006
561,Litten,0.01272,14,0.023,8,0.024
562,Silvally-Flying,0.01266,8,0.013,4,0.012
563,Meditite,0.01266,11,0.018,3,0.009
564,Cottonee,0.01241,6,0.010,3,0.009
565,Silvally-Steel,0.01224,20,0.033,16,0.048
566,Smoochum,0.01220,8,0.013,6,0.018
567,Magneton,0.01174,22,0.036,11,0.033
568,Bronzor,0.01143,7,0.012,4,0.012
569,Hoothoot,0.01141,6,0.010,1,0.003
570,Silvally-Fighting,0.01137,6,0.010,2,0.006
571,Rowlet,0.01114,11,0.018,6,0.018
572,Pumpkaboo,0.01112,6,0.010,1,0.003
573,Electabuzz,0.01109,10,0.017,3,0.009
574,Aipom,0.01084,13,0.022,7,0.021
575,Charmeleon,0.01081,18,0.030,11,0.033
576,Golbat,0.01080,13,0.022,7,0.021
577,Garbodor,0.01071,8,0.013,4,0.012
578,Minccino,0.01069,14,0.023,10,0.030
579,Dustox,0.01055,25,0.041,17,0.051
580,Abra,0.01038,10,0.017,3,0.009
581,Vulpix-Alola,0.01017,14,0.023,9,0.027
582,Trubbish,0.01007,6,0.010,1,0.003
583,Wormadam-Trash,0.01006,19,0.031,12,0.036
584,Caterpie,0.00998,18,0.030,12,0.036
585,Cyndaquil,0.00997,9,0.015,7,0.021
586,Piplup,0.00987,9,0.015,6,0.018
587,Raticate,0.00979,20,0.033,11,0.033
588,Clamperl,0.00974,9,0.015,6,0.018
589,Carnivine,0.00968,17,0.028,10,0.030
590,Pichu,0.00964,13,0.022,7,0.021
591,Ferroseed,0.00928,27,0.045,23,0.069
592,Unown,0.00910,11,0.018,8,0.024
593,Teddiursa,0.00904,10,0.017,7,0.021
594,Ralts,0.00887,14,0.023,4,0.012
595,Basculin,0.00854,11,0.018,10,0.030
596,Krokorok,0.00841,16,0.026,11,0.033
597,Froakie,0.00833,10,0.017,3,0.009
598,Dewott,0.00822,9,0.015,3,0.009
599,Fletchinder,0.00821,16,0.026,9,0.027
600,Purugly,0.00817,12,0.020,7,0.021
601,Nosepass,0.00812,12,0.020,5,0.015
602,Espurr,0.00787,6,0.010,2,0.006
603,Totodile,0.00767,6,0.010,4,0.012
604,Pineco,0.00759,6,0.010,5,0.015
605,Purrloin,0.00751,7,0.012,2,0.006
606,Cubone,0.00730,14,0.023,4,0.012
607,Popplio,0.00727,9,0.015,6,0.018
608,Paras,0.00720,5,0.008,2,0.006
609,Qwilfish,0.00713,13,0.022,10,0.030
610,Igglybuff,0.00699,7,0.012,4,0.012
611,Starly,0.00698,11,0.018,6,0.018
612,Fennekin,0.00695,10,0.017,3,0.009
613,Silvally-Rock,0.00695,5,0.008,5,0.015
614,Duskull,0.00692,11,0.018,11,0.033
615,Chingling,0.00692,5,0.008,0,0.000
616,Pikipek,0.00685,9,0.015,6,0.018
617,Zorua,0.00683,8,0.013,4,0.012
618,Silvally-Grass,0.00673,5,0.008,4,0.012
619,Quilava,0.00665,4,0.007,3,0.009
620,Charmander,0.00665,16,0.026,8,0.024
621,Chespin,0.00649,6,0.010,5,0.015
622,Togepi,0.00640,8,0.013,5,0.015
623,Torchic,0.00637,6,0.010,2,0.006
624,Combusken,0.00635,8,0.013,8,0.024
625,Mothim,0.00633,14,0.023,6,0.018
626,Snivy,0.00631,12,0.020,11,0.033
627,Klang,0.00613,14,0.023,3,0.009
628,Simisear,0.00604,5,0.008,1,0.003
629,Kricketune,0.00601,41,0.068,26,0.078
630,Pinsir,0.00592,10,0.017,4,0.012
631,Taillow,0.00588,4,0.007,2,0.006
632,Lickitung,0.00588,8,0.013,5,0.015
633,Roselia,0.00586,6,0.010,4,0.012
634,Ivysaur,0.00585,11,0.018,5,0.015
635,Scraggy,0.00583,6,0.010,5,0.015
636,Omanyte,0.00579,4,0.007,2,0.006
637,Kabuto,0.00579,4,0.007,3,0.009
638,Geodude-Alola,0.00570,8,0.013,3,0.009
639,Treecko,0.00569,12,0.020,7,0.021
640,Doduo,0.00565,13,0.022,8,0.024
641,Simisage,0.00545,5,0.008,4,0.012
642,Metapod,0.00541,4,0.007,3,0.009
643,Frillish,0.00538,5,0.008,3,0.009
644,Poliwag,0.00534,8,0.013,4,0.012
645,Growlithe,0.00532,6,0.010,4,0.012
646,Magby,0.00522,6,0.010,3,0.009
647,Simipour,0.00512,3,0.005,1,0.003
648,Skitty,0.00507,4,0.007,4,0.012
649,Goldeen,0.00490,3,0.005,3,0.009
650,Inkay,0.00483,8,0.013,5,0.015
651,Pancham,0.00472,9,0.015,8,0.024
652,Oddish,0.00464,10,0.017,6,0.018
653,Marill,0.00457,6,0.010,5,0.015
654,Graveler,0.00444,6,0.010,4,0.012
655,Sandygast,0.00442,4,0.007,2,0.006
656,Stunfisk,0.00436,4,0.007,3,0.009
657,Corphish,0.00429,4,0.007,1,0.003
658,Larvitar,0.00418,5,0.008,3,0.009
659,Tyrogue,0.00407,2,0.003,2,0.006
660,Swalot,0.00401,9,0.015,3,0.009
661,Kirlia,0.00385,16,0.026,13,0.039
662,Tynamo,0.00385,5,0.008,3,0.009
663,Silvally-Ghost,0.00377,3,0.005,2,0.006
664,Boldore,0.00376,5,0.008,1,0.003
665,Gabite,0.00376,5,0.008,2,0.006
666,Elgyem,0.00373,3,0.005,2,0.006
667,Machoke,0.00372,5,0.008,3,0.009
668,Azurill,0.00368,7,0.012,3,0.009
669,Gligar,0.00362,6,0.010,3,0.009
670,Brionne,0.00362,7,0.012,7,0.021
671,Gible,0.00358,4,0.007,2,0.006
672,Pupitar,0.00358,4,0.007,2,0.006
673,Slugma,0.00351,2,0.003,1,0.003
674,Ledian,0.00350,6,0.010,4,0.012
675,Electrike,0.00345,3,0.005,2,0.006
676,Meowth,0.00338,6,0.010,3,0.009
677,Munchlax,0.00330,4,0.007,4,0.012
678,Bunnelby,0.00328,13,0.022,10,0.030
679,Darumaka,0.00325,5,0.008,2,0.006
680,Mudbray,0.00322,3,0.005,2,0.006
681,Wormadam,0.00318,5,0.008,4,0.012
682,Litleo,0.00318,3,0.005,3,0.009
683,Feebas,0.00313,2,0.003,0,0.000
684,Trapinch,0.00310,2,0.003,1,0.003
685,Grovyle,0.00306,5,0.008,4,0.012
686,Pumpkaboo-Super,0.00304,4,0.007,2,0.006
687,Cosmog,0.00302,6,0.010,3,0.009
688,Croagunk,0.00295,6,0.010,5,0.015
689,Cutiefly,0.00294,3,0.005,1,0.003
690,Spritzee,0.00294,6,0.010,5,0.015
691,Salandit,0.00292,5,0.008,3,0.009
692,Voltorb,0.00281,2,0.003,2,0.006
693,Chimchar,0.00270,5,0.008,3,0.009
694,Honedge,0.00264,2,0.003,0,0.000
695,Gastly,0.00256,3,0.005,0,0.000
696,Dartrix,0.00251,5,0.008,2,0.006
697,Vullaby,0.00249,1,0.002,0,0.000
698,Helioptile,0.00242,2,0.003,0,0.000
699,Lombre,0.00239,2,0.003,2,0.006
700,Geodude,0.00236,3,0.005,3,0.009
701,Cherubi,0.00224,3,0.005,2,0.006
702,Metang,0.00223,6,0.010,4,0.012
703,Poliwhirl,0.00222,1,0.002,1,0.003
704,Shellder,0.00215,2,0.003,2,0.006
705,Buneary,0.00212,3,0.005,0,0.000
706,Duosion,0.00211,3,0.005,1,0.003
707,Tympole,0.00211,3,0.005,3,0.009
708,Grimer-Alola,0.00207,2,0.003,0,0.000
709,Weedle,0.00204,7,0.012,5,0.015
710,Pignite,0.00199,7,0.012,4,0.012
711,Rufflet,0.00196,2,0.003,1,0.003
712,Mareanie,0.00196,2,0.003,0,0.000
713,Exeggcute,0.00196,3,0.005,2,0.006
714,Stufful,0.00191,1,0.002,1,0.003
715,Skorupi,0.00184,6,0.010,3,0.009
716,Lotad,0.00183,3,0.005,1,0.003
717,Bellsprout,0.00181,2,0.003,2,0.006
718,Vulpix,0.00178,2,0.003,0,0.000
719,Fomantis,0.00176,2,0.003,2,0.006
720,Yanma,0.00174,3,0.005,3,0.009
721,Wynaut,0.00174,10,0.017,5,0.015
722,Meowth-Alola,0.00168,2,0.003,2,0.006
723,Chikorita,0.00168,2,0.003,1,0.003
724,Seadra,0.00161,3,0.005,3,0.009
725,Lairon,0.00160,3,0.005,1,0.003
726,Monferno,0.00160,7,0.012,3,0.009
727,Wormadam-Sandy,0.00159,3,0.005,2,0.006
728,Morelull,0.00153,2,0.003,1,0.003
729,Relicanth,0.00149,2,0.003,1,0.003
730,Remoraid,0.00146,2,0.003,0,0.000
731,Whismur,0.00141,2,0.003,2,0.006
732,Oshawott,0.00141,8,0.013,4,0.012
733,Shroomish,0.00136,2,0.003,1,0.003
734,Shellos,0.00134,2,0.003,0,0.000
735,Swinub,0.00134,2,0.003,2,0.006
736,Ponyta,0.00130,2,0.003,0,0.000
737,Dratini,0.00130,2,0.003,1,0.003
738,Fletchling,0.00125,7,0.012,5,0.015
739,Rockruff,0.00123,2,0.003,1,0.003
740,Flaaffy,0.00123,1,0.002,0,0.000
741,Sandile,0.00120,5,0.008,2,0.006
742,Noibat,0.00118,2,0.003,2,0.006
743,Gurdurr,0.00116,7,0.012,7,0.021
744,Kricketot,0.00116,10,0.017,2,0.006
745,Wurmple,0.00116,10,0.017,8,0.024
746,Loudred,0.00107,1,0.002,1,0.003
747,Luxio,0.00105,1,0.002,1,0.003
748,Elekid,0.00103,1,0.002,0,0.000
749,Swirlix,0.00101,1,0.002,1,0.003
750,Barboach,0.00100,1,0.002,1,0.003
751,Gothita,0.00100,1,0.002,1,0.003
752,Dwebble,0.00100,2,0.003,2,0.006
753,Snover,0.00100,2,0.003,2,0.006
754,Zweilous,0.00099,2,0.003,2,0.006
755,Whirlipede,0.00099,2,0.003,1,0.003
756,Solosis,0.00099,2,0.003,1,0.003
757,Sunkern,0.00099,1,0.002,0,0.000
758,Machop,0.00098,2,0.003,0,0.000
759,Mankey,0.00098,1,0.002,1,0.003
760,Skiddo,0.00098,1,0.002,1,0.003
761,Mareep,0.00098,1,0.002,1,0.003
762,Cubchoo,0.00098,1,0.002,0,0.000
763,Eelektrik,0.00098,1,0.002,1,0.003
764,Amaura,0.00098,1,0.002,1,0.003
765,Silvally-Bug,0.00098,1,0.002,1,0.003
766,Koffing,0.00098,1,0.002,1,0.003
767,Bonsly,0.00098,1,0.002,0,0.000
768,Clauncher,0.00098,1,0.002,0,0.000
769,Glameow,0.00098,1,0.002,1,0.003
770,Dewpider,0.00098,1,0.002,1,0.003
771,Snorunt,0.00098,1,0.002,1,0.003
772,Shelgon,0.00098,3,0.005,1,0.003
773,Spewpa,0.00095,1,0.002,1,0.003
774,Wimpod,0.00093,1,0.002,0,0.000
775,Anorith,0.00093,3,0.005,1,0.003
776,Zigzagoon,0.00082,1,0.002,1,0.003
777,Cranidos,0.00080,1,0.002,1,0.003
778,Cleffa,0.00078,1,0.002,1,0.003
779,Blitzle,0.00076,1,0.002,0,0.000
780,Lampent,0.00076,3,0.005,3,0.009
781,Tyrunt,0.00074,3,0.005,2,0.006
782,Grotle,0.00072,1,0.002,1,0.003
783,Croconaw,0.00071,1,0.002,1,0.003
784,Mudkip,0.00070,1,0.002,0,0.000
785,Fraxure,0.00070,1,0.002,1,0.003
786,Yamask,0.00068,1,0.002,1,0.003
787,Diglett-Alola,0.00065,2,0.003,1,0.003
788,Prinplup,0.00063,2,0.003,0,0.000
789,Drilbur,0.00063,2,0.003,2,0.006
790,Pidgeotto,0.00059,2,0.003,2,0.006
791,Palpitoad,0.00059,4,0.007,2,0.006
792,Quilladin,0.00053,2,0.003,2,0.006
793,Axew,0.00053,2,0.003,2,0.006
794,Ducklett,0.00046,1,0.002,0,0.000
795,Klink,0.00042,1,0.002,0,0.000
796,Herdier,0.00039,1,0.002,1,0.003
797,Tranquill,0.00033,1,0.002,1,0.003
798,Budew,0.00033,1,0.002,1,0.003
799,Petilil,0.00032,1,0.002,1,0.003
800,Slowpoke,0.00025,1,0.002,1,0.003
801,Scatterbug,0.00017,9,0.015,8,0.024
802,Shieldon,0.00015,1,0.002,1,0.003
803,Kakuna,0.00014,5,0.008,5,0.015
804,Spoink,0.00014,3,0.005,0,0.000
805,Watchog,0.00013,3,0.005,2,0.006
806,Sliggoo,0.00010,1,0.002,0,0.000
807,Tepig,0.00009,1,0.002,1,0.003
808,Karrablast,0.00007,4,0.007,4,0.012
809,Timburr,0.00005,2,0.003,2,0.006
810,Makuhita,0.00004,1,0.002,0,0.000
811,Cacnea,0.00002,3,0.005,3,0.009
812,Nincada,0.00002,1,0.002,1,0.003
813,Tentacool,0.00002,1,0.002,0,0.000
814,Sentret,0.00001,1,0.002,1,0.003
815,Gulpin,0.00001,2,0.003,2,0.006
816,Carvanha,0.00001,2,0.003,2,0.006
817,Lileep,0.00001,2,0.003,2,0.006
818,Gloom,0.00001,1,0.002,1,0.003
819,Nidorino,0.00001,1,0.002,1,0.003
820,Goomy,0.00000,1,0.002,1,0.003
821,Vanillite,0.00000,3,0.005,1,0.003
822,Floette,0.00000,4,0.007,2,0.006
