 Total battles: 191864
 Avg. weight/team: 0.18
Rank,Pokemon,Usage percentage,Raw,Raw percentage,Real,Real percentage
1,Gyarados-Mega,26.65420,45375,11.523,14689,22.968
2,Kyurem-Black,20.49287,37957,9.639,12935,20.225
3,Charizard-Mega-X,12.01148,33325,8.463,12279,19.200
4,Tapu Koko,10.41895,20706,5.258,7021,10.978
5,Donphan,9.40726,14841,3.769,5327,8.329
6,Mimikyu,9.13127,34179,8.680,13144,20.552
7,Aegislash,8.64660,19134,4.859,6241,9.758
8,Magnezone,7.92791,12810,3.253,4583,7.166
9,Charizard-Mega-Y,7.25288,24101,6.120,8553,13.374
10,Porygon-Z,7.03791,21677,5.505,7755,12.126
11,Metagross-Mega,6.93188,16308,4.141,5400,8.443
12,Tapu Lele,6.26564,14864,3.775,4872,7.618
13,Jirachi,6.04449,16260,4.129,6378,9.973
14,Durant,5.42887,7947,2.018,2595,4.058
15,Golem,5.29159,7061,1.793,2473,3.867
16,Dragonite,5.17562,15629,3.969,5587,8.736
17,Venusaur-Mega,5.08786,14465,3.673,4470,6.989
18,Celesteela,5.08318,12326,3.130,3910,6.114
19,Crustle,4.76763,8854,2.248,3101,4.849
20,Kartana,4.60157,16779,4.261,5257,8.220
21,Greninja,3.93730,19842,5.039,6875,10.750
22,Snorlax,3.56428,10733,2.726,4295,6.716
23,Magearna,3.38889,9061,2.301,2830,4.425
24,Chansey,3.25504,7009,1.780,2370,3.706
25,Sawk,3.21919,6609,1.678,2522,3.943
26,Slowbro-Mega,3.06951,5982,1.519,1792,2.802
27,Pinsir-Mega,3.06572,7419,1.884,2292,3.584
28,Landorus-Therian,3.04018,5121,1.300,1798,2.811
29,Genesect,3.01281,6264,1.591,2308,3.609
30,Primarina,2.83367,8167,2.074,3764,5.885
31,Sableye-Mega,2.77131,8114,2.061,2887,4.514
32,Garchomp,2.71425,11517,2.925,3755,5.871
33,Pheromosa,2.66615,11659,2.961,3903,6.103
34,Buzzwole,2.20690,5140,1.305,1638,2.561
35,Meloetta,2.17920,3654,0.928,1420,2.220
36,Heatran,2.03461,4780,1.214,1588,2.483
37,Alakazam-Mega,2.00224,15739,3.997,5264,8.231
38,Blastoise-Mega,1.90350,6152,1.562,2062,3.224
39,Breloom,1.84764,7713,1.959,2236,3.496
40,Gengar-Mega,1.81074,10177,2.584,3715,5.809
41,Terrakion,1.78748,2642,0.671,780,1.220
42,Whimsicott,1.66498,7790,1.978,2890,4.519
43,Ferrothorn,1.58165,7531,1.912,2624,4.103
44,Hitmonlee,1.53782,3873,0.984,1498,2.342
45,Quagsire,1.40940,2045,0.519,816,1.276
46,Victini,1.35719,6441,1.636,2541,3.973
47,Latios,1.32753,4471,1.135,1372,2.145
48,Landorus,1.31449,1930,0.490,548,0.857
49,Deoxys-Defense,1.29744,3848,0.977,1437,2.247
50,Talonflame,1.25248,4494,1.141,1346,2.105
51,Haxorus,1.22985,6395,1.624,2421,3.785
52,Jumpluff,1.21072,3450,0.876,1257,1.965
53,Hoopa-Unbound,1.19192,4816,1.223,1831,2.863
54,Volcanion,1.16341,3933,0.999,1409,2.203
55,Tapu Bulu,1.07810,4124,1.047,1165,1.822
56,Nihilego,1.07611,2355,0.598,650,1.016
57,Excadrill,1.06510,5068,1.287,1558,2.436
58,Marowak-Alola,1.01836,6292,1.598,2024,3.165
59,Lucario-Mega,0.98870,10553,2.680,3873,6.056
60,Blissey,0.98503,3552,0.902,1155,1.806
61,Scizor-Mega,0.93108,6263,1.590,2135,3.338
62,Deoxys-Speed,0.90554,3238,0.822,1206,1.886
63,Volcarona,0.86357,3398,0.863,1042,1.629
64,Rhyperior,0.83713,2502,0.635,1025,1.603
65,Avalugg,0.83307,3107,0.789,1200,1.876
66,Gastrodon,0.81284,2199,0.558,798,1.248
67,Togekiss,0.78153,4730,1.201,1717,2.685
68,Xurkitree,0.77504,5224,1.327,1918,2.999
69,Aggron,0.77104,3656,0.928,1491,2.331
70,Swampert,0.73613,4024,1.022,1551,2.425
71,Tapu Fini,0.68878,2489,0.632,788,1.232
72,Mew,0.68065,3681,0.935,1582,2.474
73,Pyukumuku,0.67215,5476,1.391,2198,3.437
74,Smeargle,0.67060,8531,2.166,3623,5.665
75,Arcanine,0.62549,3681,0.935,1192,1.864
76,Conkeldurr,0.61089,1810,0.460,609,0.952
77,Cloyster,0.59924,4721,1.199,1843,2.882
78,Salazzle,0.58614,3891,0.988,1341,2.097
79,Umbreon,0.58485,3161,0.803,1198,1.873
80,Thundurus-Therian,0.56192,2252,0.572,811,1.268
81,Azumarill,0.52924,3497,0.888,1280,2.001
82,Slaking,0.51938,3417,0.868,1610,2.517
83,Keldeo,0.51104,1336,0.339,514,0.804
84,Araquanid,0.51056,3026,0.768,1182,1.848
85,Salamence,0.49624,4202,1.067,1381,2.159
86,Chandelure,0.48226,2811,0.714,763,1.193
87,Infernape,0.47653,2904,0.737,1005,1.571
88,Tyranitar,0.47040,3096,0.786,1030,1.611
89,Necrozma,0.46647,1419,0.360,533,0.833
90,Muk-Alola,0.46625,2462,0.625,763,1.193
91,Toxapex,0.44956,6180,1.569,1896,2.965
92,Togedemaru,0.42148,1716,0.436,710,1.110
93,Magnemite,0.41275,5898,1.498,2481,3.879
94,Gigalith,0.40726,1289,0.327,548,0.857
95,Weavile,0.38992,3443,0.874,1125,1.759
96,Entei,0.37976,1188,0.302,381,0.596
97,Carracosta,0.37771,1420,0.361,592,0.926
98,Medicham,0.36315,1733,0.440,590,0.923
99,Aron,0.35348,5747,1.459,2395,3.745
100,Rampardos,0.34670,1968,0.500,823,1.287
101,Cinccino,0.30643,3651,0.927,1384,2.164
102,Mudsdale,0.30471,1116,0.283,401,0.627
103,Darmanitan,0.28829,2570,0.653,930,1.454
104,Shuckle,0.28508,5208,1.323,2290,3.581
105,Greninja-Ash,0.27978,6672,1.694,2426,3.793
106,Bewear,0.27643,1414,0.359,527,0.824
107,Machamp,0.27047,4032,1.024,1503,2.350
108,Mamoswine,0.26799,1877,0.477,714,1.116
109,Vivillon,0.26428,1398,0.355,553,0.865
110,Serperior,0.26308,4812,1.222,1617,2.528
111,Zygarde,0.26168,1659,0.421,648,1.013
112,Minior,0.25887,3209,0.815,1297,2.028
113,Sylveon,0.25128,2266,0.575,799,1.249
114,Ambipom,0.25036,4386,1.114,1760,2.752
115,Gengar,0.24646,2898,0.736,1090,1.704
116,Suicune,0.24228,1946,0.494,519,0.812
117,Porygon2,0.23654,1958,0.497,700,1.095
118,Incineroar,0.23468,4093,1.039,1354,2.117
119,Ditto,0.23036,3769,0.957,1644,2.571
120,Staraptor,0.23028,2351,0.597,941,1.471
121,Golisopod,0.21900,2513,0.638,958,1.498
122,Hippowdon,0.21845,645,0.164,229,0.358
123,Golem-Alola,0.20948,1781,0.452,735,1.149
124,Relicanth,0.20811,615,0.156,272,0.425
125,Garchomp-Mega,0.20650,2517,0.639,885,1.384
126,Manaphy,0.18119,989,0.251,337,0.527
127,Gliscor,0.17307,3381,0.859,1075,1.681
128,Wobbuffet,0.16588,2061,0.523,763,1.193
129,Hawlucha,0.16532,1640,0.416,664,1.038
130,Lickilicky,0.15911,638,0.162,221,0.346
131,Typhlosion,0.15786,1509,0.383,575,0.899
132,Shedinja,0.15760,3135,0.796,1081,1.690
133,Barbaracle,0.15741,723,0.184,203,0.317
134,Rotom-Wash,0.15614,993,0.252,320,0.500
135,Sudowoodo,0.15051,684,0.174,328,0.513
136,Clefable,0.14949,2884,0.732,874,1.367
137,Raichu-Alola,0.14391,2403,0.610,929,1.453
138,Espeon,0.14364,1999,0.508,528,0.826
139,Regirock,0.14231,553,0.140,212,0.331
140,Archeops,0.14202,1403,0.356,582,0.910
141,Hydreigon,0.13567,1041,0.264,377,0.589
142,Scolipede,0.13344,859,0.218,246,0.385
143,Escavalier,0.13301,531,0.135,214,0.335
144,Cradily,0.12609,552,0.140,210,0.328
145,Ninetales-Alola,0.12506,2257,0.573,903,1.412
146,Type: Null,0.12307,670,0.170,351,0.549
147,Noivern,0.12303,1721,0.437,514,0.804
148,Gyarados,0.12235,996,0.253,332,0.519
149,Nosepass,0.12092,2464,0.626,1188,1.858
150,Zapdos,0.11948,1730,0.439,664,1.038
151,Skarmory,0.11919,1356,0.344,395,0.618
152,Absol-Mega,0.11725,1783,0.453,540,0.844
153,Bisharp,0.11599,1389,0.353,481,0.752
154,Latias,0.11511,591,0.150,140,0.219
155,Gardevoir,0.10957,2526,0.641,733,1.146
156,Toucannon,0.10844,1474,0.374,632,0.988
157,Scrafty,0.10576,777,0.197,337,0.527
158,Sharpedo-Mega,0.10395,1442,0.366,491,0.768
159,Nidoking,0.10326,1011,0.257,405,0.633
160,Aerodactyl-Mega,0.10170,1521,0.386,551,0.862
161,Exploud,0.09992,942,0.239,439,0.686
162,Decidueye,0.09927,3109,0.790,1035,1.618
163,Malamar,0.09912,1294,0.329,517,0.808
164,Reuniclus,0.09416,924,0.235,300,0.469
165,Goodra,0.09282,1438,0.365,469,0.733
166,Cresselia,0.09178,342,0.087,107,0.167
167,Milotic,0.09097,879,0.223,275,0.430
168,Crobat,0.09006,1207,0.307,349,0.546
169,Yanmega,0.08957,439,0.111,180,0.281
170,Dhelmise,0.08740,578,0.147,202,0.316
171,Emboar,0.08733,1129,0.287,405,0.633
172,Mienshao,0.08381,466,0.118,179,0.280
173,Uxie,0.08369,310,0.079,108,0.169
174,Lucario,0.08081,1883,0.478,554,0.866
175,Drampa,0.08010,598,0.152,213,0.333
176,Eelektross,0.07970,1528,0.388,638,0.998
177,Scizor,0.07961,983,0.250,309,0.483
178,Palossand,0.07817,577,0.147,202,0.316
179,Moltres,0.07790,595,0.151,177,0.277
180,Dusclops,0.07579,1002,0.254,379,0.593
181,Sigilyph,0.07457,2116,0.537,918,1.435
182,Stoutland,0.07401,197,0.050,83,0.130
183,Thundurus,0.07387,647,0.164,197,0.308
184,Electivire,0.07379,1084,0.275,400,0.625
185,Zoroark,0.07362,1082,0.275,338,0.528
186,Pelipper,0.07337,857,0.218,290,0.453
187,Chatot,0.07195,631,0.160,289,0.452
188,Wishiwashi,0.07118,1206,0.306,481,0.752
189,Kommo-o,0.06854,1041,0.264,365,0.571
190,Dragalge,0.06847,455,0.116,157,0.245
191,Aerodactyl,0.06806,631,0.160,193,0.302
192,Alakazam,0.06795,1187,0.301,455,0.711
193,Tangrowth,0.06703,410,0.104,155,0.242
194,Lycanroc-Midnight,0.06642,930,0.236,358,0.560
195,Bastiodon,0.06420,674,0.171,342,0.535
196,Regice,0.06248,602,0.153,129,0.202
197,Registeel,0.06224,349,0.089,110,0.172
198,Pikachu,0.06221,2837,0.720,1012,1.582
199,Kingdra,0.06192,1162,0.295,393,0.614
200,Kangaskhan,0.06149,508,0.129,168,0.263
201,Steelix,0.06013,997,0.253,349,0.546
202,Mismagius,0.05814,420,0.107,202,0.316
203,Sceptile,0.05766,1716,0.436,516,0.807
204,Metagross,0.05743,574,0.146,176,0.275
205,Cryogonal,0.05652,503,0.128,177,0.277
206,Guzzlord,0.05645,799,0.203,269,0.421
207,Probopass,0.05582,1265,0.321,414,0.647
208,Ninetales,0.05558,1571,0.399,767,1.199
209,Dugtrio,0.05511,839,0.213,285,0.446
210,Jolteon,0.05506,1458,0.370,456,0.713
211,Lanturn,0.05499,167,0.042,73,0.114
212,Slurpuff,0.05368,632,0.160,291,0.455
213,Shiinotic,0.05362,814,0.207,306,0.478
214,Accelgor,0.05357,836,0.212,254,0.397
215,Braviary,0.05247,416,0.106,149,0.233
216,Charizard,0.05202,1986,0.504,712,1.113
217,Meganium,0.05190,791,0.201,245,0.383
218,Seismitoad,0.05094,362,0.092,160,0.250
219,Vikavolt,0.05094,987,0.251,346,0.541
220,Feraligatr,0.05089,925,0.235,331,0.518
221,Empoleon,0.05014,950,0.241,368,0.575
222,Glalie-Mega,0.05004,767,0.195,277,0.433
223,Eevee,0.04986,1793,0.455,1092,1.707
224,Klefki,0.04953,747,0.190,183,0.286
225,Jellicent,0.04878,400,0.102,123,0.192
226,Raikou,0.04841,358,0.091,102,0.159
227,Komala,0.04818,541,0.137,237,0.371
228,Gallade,0.04770,1526,0.388,598,0.935
229,Ursaring,0.04764,526,0.134,231,0.361
230,Heliolisk,0.04595,343,0.087,104,0.163
231,Torterra,0.04582,1047,0.266,403,0.630
232,Swellow,0.04495,842,0.214,293,0.458
233,Sableye,0.04486,1032,0.262,315,0.493
234,Blastoise,0.04432,797,0.202,225,0.352
235,Comfey,0.04319,1032,0.262,291,0.455
236,Ninjask,0.04233,821,0.208,257,0.402
237,Tornadus-Therian,0.04199,541,0.137,137,0.214
238,Diggersby,0.04170,702,0.178,273,0.427
239,Delphox,0.04070,1134,0.288,371,0.580
240,Diancie,0.04056,364,0.092,112,0.175
241,Basculin,0.04018,337,0.086,131,0.205
242,Persian-Alola,0.03812,565,0.143,245,0.383
243,Arbok,0.03790,322,0.082,115,0.180
244,Clawitzer,0.03718,530,0.135,177,0.277
245,Luxray,0.03697,789,0.200,332,0.519
246,Lapras,0.03666,635,0.161,214,0.335
247,Lycanroc,0.03663,863,0.219,358,0.560
248,Furfrou,0.03604,1041,0.264,419,0.655
249,Rhydon,0.03498,265,0.067,62,0.097
250,Weezing,0.03417,354,0.090,134,0.210
251,Roserade,0.03398,532,0.135,180,0.281
252,Chesnaught,0.03328,650,0.165,200,0.313
253,Scyther,0.03288,369,0.094,149,0.233
254,Tauros,0.03278,414,0.105,153,0.239
255,Lilligant,0.03270,471,0.120,125,0.195
256,Cofagrigus,0.03254,585,0.149,278,0.435
257,Magneton,0.03138,394,0.100,139,0.217
258,Ferroseed,0.03089,265,0.067,154,0.241
259,Exeggutor-Alola,0.03074,1225,0.311,412,0.644
260,Tangela,0.03070,296,0.075,108,0.169
261,Linoone,0.03050,656,0.167,302,0.472
262,Honchkrow,0.03020,560,0.142,264,0.413
263,Bruxish,0.03014,448,0.114,147,0.230
264,Hariyama,0.03010,942,0.239,338,0.528
265,Klinklang,0.02987,254,0.065,115,0.180
266,Tornadus,0.02981,117,0.030,30,0.047
267,Druddigon,0.02912,287,0.073,99,0.155
268,Articuno,0.02900,515,0.131,171,0.267
269,Exeggutor,0.02847,723,0.184,230,0.360
270,Florges,0.02837,332,0.084,115,0.180
271,Golurk,0.02810,713,0.181,309,0.483
272,Bouffalant,0.02775,382,0.097,181,0.283
273,Torkoal,0.02768,463,0.118,215,0.336
274,Krookodile,0.02757,569,0.144,204,0.319
275,Doublade,0.02735,477,0.121,164,0.256
276,Turtonator,0.02713,756,0.192,253,0.396
277,Silvally-Water,0.02647,104,0.026,23,0.036
278,Venusaur,0.02643,1104,0.280,335,0.524
279,Trevenant,0.02527,1405,0.357,553,0.865
280,Sandslash-Alola,0.02437,365,0.093,124,0.194
281,Magikarp,0.02418,462,0.117,223,0.349
282,Zangoose,0.02386,840,0.213,346,0.541
283,Tyrantrum,0.02364,789,0.200,374,0.585
284,Rotom-Heat,0.02338,174,0.044,59,0.092
285,Dodrio,0.02318,528,0.134,237,0.371
286,Spiritomb,0.02287,498,0.126,155,0.242
287,Chimecho,0.02209,471,0.120,201,0.314
288,Tsareena,0.02182,399,0.101,132,0.206
289,Silvally,0.02180,215,0.055,115,0.180
290,Drapion,0.02060,914,0.232,366,0.572
291,Gumshoos,0.02039,493,0.125,277,0.433
292,Murkrow,0.02019,454,0.115,151,0.236
293,Cottonee,0.02019,705,0.179,280,0.438
294,Dugtrio-Alola,0.01980,530,0.135,193,0.302
295,Zygarde-10,0.01960,236,0.060,85,0.133
296,Heracross,0.01923,472,0.120,195,0.305
297,Starmie,0.01906,551,0.140,203,0.317
298,Slowking,0.01876,213,0.054,70,0.109
299,Mawile,0.01865,365,0.093,89,0.139
300,Crawdaunt,0.01829,338,0.086,137,0.214
301,Pangoro,0.01770,1305,0.331,263,0.411
302,Celebi,0.01725,530,0.135,161,0.252
303,Electrode,0.01716,440,0.112,199,0.311
304,Tentacruel,0.01707,270,0.069,89,0.139
305,Slowbro,0.01673,512,0.130,167,0.261
306,Pineco,0.01661,325,0.083,178,0.278
307,Dedenne,0.01649,609,0.155,191,0.299
308,Absol,0.01632,1793,0.455,251,0.392
309,Manectric,0.01605,275,0.070,78,0.122
310,Floatzel,0.01571,327,0.083,102,0.159
311,Vaporeon,0.01565,715,0.182,207,0.324
312,Mandibuzz,0.01556,295,0.075,98,0.153
313,Bayleef,0.01541,22,0.006,7,0.011
314,Kyurem,0.01512,279,0.071,106,0.166
315,Lurantis,0.01505,477,0.121,111,0.174
316,Ribombee,0.01494,349,0.089,125,0.195
317,Stunfisk,0.01492,83,0.021,32,0.050
318,Wailord,0.01490,397,0.101,200,0.313
319,Glaceon,0.01488,494,0.125,203,0.317
320,Camerupt,0.01473,171,0.043,44,0.069
321,Politoed,0.01454,284,0.072,90,0.141
322,Houndoom,0.01413,392,0.100,139,0.217
323,Amoonguss,0.01397,218,0.055,53,0.083
324,Magmortar,0.01396,594,0.151,239,0.374
325,Cobalion,0.01373,126,0.032,42,0.066
326,Flareon,0.01348,789,0.200,332,0.519
327,Crabominable,0.01347,457,0.116,157,0.245
328,Silvally-Fairy,0.01330,133,0.034,31,0.048
329,Aurorus,0.01323,184,0.047,72,0.113
330,Rotom-Mow,0.01300,124,0.031,43,0.067
331,Lopunny,0.01285,404,0.103,132,0.206
332,Stantler,0.01277,45,0.011,15,0.023
333,Pyroar,0.01259,236,0.060,79,0.124
334,Aromatisse,0.01168,147,0.037,52,0.081
335,Sharpedo,0.01165,257,0.065,65,0.102
336,Rapidash,0.01160,186,0.047,68,0.106
337,Skuntank,0.01157,119,0.030,56,0.088
338,Abomasnow,0.01152,261,0.066,60,0.094
339,Vespiquen,0.01145,770,0.196,228,0.357
340,Kingler,0.01126,501,0.127,185,0.289
341,Bronzong,0.01115,265,0.067,82,0.128
342,Victreebel,0.01108,308,0.078,77,0.120
343,Toxicroak,0.01077,429,0.109,138,0.216
344,Regigigas,0.01071,300,0.076,119,0.186
345,Leafeon,0.01014,498,0.126,181,0.283
346,Gourgeist-Super,0.01007,287,0.073,116,0.181
347,Butterfree,0.00983,360,0.091,131,0.205
348,Ampharos,0.00980,874,0.222,374,0.585
349,Metapod,0.00962,83,0.021,43,0.067
350,Hitmontop,0.00948,469,0.119,169,0.264
351,Raichu,0.00929,527,0.134,222,0.347
352,Kabutops,0.00869,213,0.054,65,0.102
353,Raticate-Alola,0.00850,423,0.107,195,0.305
354,Jynx,0.00842,140,0.036,53,0.083
355,Rufflet,0.00831,170,0.043,127,0.199
356,Miltank,0.00825,476,0.121,206,0.322
357,Oricorio-Sensu,0.00816,99,0.025,43,0.067
358,Altaria,0.00814,249,0.063,122,0.191
359,Azelf,0.00814,145,0.037,58,0.091
360,Poliwrath,0.00812,276,0.070,118,0.185
361,Ledian,0.00810,62,0.016,24,0.038
362,Pinsir,0.00796,273,0.069,57,0.089
363,Flygon,0.00770,410,0.104,197,0.308
364,Weedle,0.00770,71,0.018,46,0.072
365,Purugly,0.00767,116,0.029,43,0.067
366,Snover,0.00765,77,0.020,5,0.008
367,Crabrawler,0.00762,30,0.008,6,0.009
368,Swoobat,0.00761,470,0.119,167,0.261
369,Grumpig,0.00756,88,0.022,30,0.047
370,Jigglypuff,0.00725,154,0.039,62,0.097
371,Silvally-Ground,0.00706,21,0.005,7,0.011
372,Bibarel,0.00697,436,0.111,194,0.303
373,Cacturne,0.00686,306,0.078,95,0.149
374,Dusknoir,0.00671,454,0.115,168,0.263
375,Hypno,0.00667,219,0.056,114,0.178
376,Musharna,0.00663,66,0.017,29,0.045
377,Xatu,0.00652,378,0.096,122,0.191
378,Raticate,0.00639,249,0.063,103,0.161
379,Zubat,0.00619,23,0.006,3,0.005
380,Unfezant,0.00617,105,0.027,50,0.078
381,Granbull,0.00617,245,0.062,94,0.147
382,Virizion,0.00614,258,0.066,59,0.092
383,Stufful,0.00608,258,0.066,127,0.199
384,Hitmonchan,0.00604,648,0.165,260,0.407
385,Krabby,0.00596,123,0.031,34,0.053
386,Rattata,0.00587,331,0.084,192,0.300
387,Oricorio-Pom-Pom,0.00584,71,0.018,29,0.045
388,Clefairy,0.00580,249,0.063,91,0.142
389,Silvally-Poison,0.00568,127,0.032,58,0.091
390,Hoopa,0.00559,264,0.067,94,0.147
391,Golduck,0.00555,262,0.067,79,0.124
392,Kecleon,0.00549,365,0.093,169,0.264
393,Ludicolo,0.00545,588,0.149,251,0.392
394,Liepard,0.00537,907,0.230,195,0.305
395,Froslass,0.00535,375,0.095,114,0.178
396,Masquerain,0.00535,193,0.049,48,0.075
397,Bellossom,0.00531,241,0.061,81,0.127
398,Samurott,0.00519,377,0.096,127,0.199
399,Drifblim,0.00514,384,0.098,157,0.245
400,Galvantula,0.00506,513,0.130,148,0.231
401,Throh,0.00505,197,0.050,66,0.103
402,Magcargo,0.00500,136,0.035,48,0.075
403,Shaymin,0.00499,204,0.052,78,0.122
404,Chikorita,0.00496,58,0.015,32,0.050
405,Muk,0.00493,135,0.034,51,0.080
406,Omastar,0.00485,266,0.068,148,0.231
407,Mudbray,0.00470,141,0.036,69,0.108
408,Combusken,0.00439,110,0.028,49,0.077
409,Ariados,0.00438,184,0.047,102,0.159
410,Marshtomp,0.00436,45,0.011,12,0.019
411,Hakamo-o,0.00436,89,0.023,15,0.023
412,Vanilluxe,0.00432,138,0.035,42,0.066
413,Marowak,0.00428,262,0.067,109,0.170
414,Dunsparce,0.00421,412,0.105,158,0.247
415,Heatmor,0.00420,222,0.056,130,0.203
416,Walrein,0.00411,206,0.052,48,0.075
417,Beartic,0.00394,210,0.053,48,0.075
418,Misdreavus,0.00390,203,0.052,108,0.169
419,Beheeyem,0.00381,102,0.026,30,0.047
420,Mr. Mime,0.00371,451,0.115,208,0.325
421,Piloswine,0.00369,87,0.022,23,0.036
422,Alomomola,0.00367,79,0.020,20,0.031
423,Venomoth,0.00366,103,0.026,29,0.045
424,Goomy,0.00363,35,0.009,12,0.019
425,Gogoat,0.00341,198,0.050,58,0.091
426,Meowstic,0.00335,252,0.064,99,0.155
427,Maractus,0.00335,31,0.008,7,0.011
428,Dewgong,0.00332,197,0.050,66,0.103
429,Mantyke,0.00332,15,0.004,5,0.008
430,Farfetch'd,0.00327,480,0.122,387,0.605
431,Beedrill,0.00327,152,0.039,52,0.081
432,Bunnelby,0.00323,36,0.009,12,0.019
433,Gorebyss,0.00314,154,0.039,47,0.073
434,Tropius,0.00310,312,0.079,119,0.186
435,Wigglytuff,0.00293,269,0.068,140,0.219
436,Charjabug,0.00284,79,0.020,45,0.070
437,Klang,0.00282,101,0.026,33,0.052
438,Seaking,0.00281,158,0.040,78,0.122
439,Silvally-Grass,0.00277,57,0.014,15,0.023
440,Larvesta,0.00272,4,0.001,3,0.005
441,Gourgeist-Small,0.00267,26,0.007,7,0.011
442,Delibird,0.00266,142,0.036,58,0.091
443,Wartortle,0.00266,93,0.024,29,0.045
444,Charmeleon,0.00264,65,0.017,18,0.028
445,Simisear,0.00260,84,0.021,41,0.064
446,Nidoqueen,0.00260,163,0.041,54,0.084
447,Primeape,0.00260,169,0.043,56,0.088
448,Bidoof,0.00249,155,0.039,74,0.116
449,Passimian,0.00248,125,0.032,55,0.086
450,Claydol,0.00248,127,0.032,31,0.048
451,Mantine,0.00246,97,0.025,36,0.056
452,Silvally-Dragon,0.00243,55,0.014,10,0.016
453,Garbodor,0.00231,141,0.036,54,0.084
454,Torracat,0.00230,92,0.023,35,0.055
455,Corphish,0.00230,37,0.009,14,0.022
456,Vileplume,0.00229,268,0.068,102,0.159
457,Sawsbuck,0.00226,376,0.095,98,0.153
458,Quilava,0.00226,63,0.016,30,0.047
459,Parasect,0.00224,143,0.036,62,0.097
460,Silvally-Fire,0.00224,149,0.038,30,0.047
461,Sneasel,0.00218,132,0.034,43,0.067
462,Whiscash,0.00217,63,0.016,39,0.061
463,Riolu,0.00216,85,0.022,31,0.048
464,Silvally-Ice,0.00215,44,0.011,14,0.022
465,Emolga,0.00213,232,0.059,131,0.205
466,Croconaw,0.00211,38,0.010,22,0.034
467,Porygon,0.00203,55,0.014,12,0.019
468,Vullaby,0.00193,20,0.005,16,0.025
469,Volbeat,0.00191,92,0.023,49,0.077
470,Delcatty,0.00187,129,0.033,77,0.120
471,Geodude,0.00184,179,0.045,84,0.131
472,Piplup,0.00176,33,0.008,18,0.028
473,Inkay,0.00174,14,0.004,1,0.002
474,Pidgeot,0.00173,190,0.048,73,0.114
475,Yamask,0.00167,38,0.010,16,0.025
476,Rotom-Frost,0.00167,50,0.013,14,0.022
477,Phantump,0.00165,44,0.011,13,0.020
478,Eelektrik,0.00164,36,0.009,19,0.030
479,Natu,0.00161,106,0.027,16,0.025
480,Vigoroth,0.00161,72,0.018,51,0.080
481,Darumaka,0.00161,163,0.041,90,0.141
482,Silvally-Ghost,0.00158,32,0.008,9,0.014
483,Aipom,0.00155,44,0.011,31,0.048
484,Dragonair,0.00153,104,0.026,57,0.089
485,Rotom-Fan,0.00152,73,0.019,31,0.048
486,Simipour,0.00150,94,0.024,34,0.053
487,Salandit,0.00147,97,0.025,61,0.095
488,Mesprit,0.00146,26,0.007,10,0.016
489,Persian,0.00146,123,0.031,45,0.070
490,Abra,0.00145,90,0.023,20,0.031
491,Oricorio,0.00142,99,0.025,37,0.058
492,Dwebble,0.00137,30,0.008,17,0.027
493,Forretress,0.00137,105,0.027,56,0.088
494,Tyrunt,0.00136,73,0.019,25,0.039
495,Spinda,0.00130,111,0.028,65,0.102
496,Togetic,0.00129,101,0.026,50,0.078
497,Luvdisc,0.00124,167,0.042,115,0.180
498,Sandslash,0.00122,38,0.010,24,0.038
499,Graveler,0.00121,147,0.037,53,0.083
500,Swalot,0.00116,63,0.016,19,0.030
501,Banette,0.00116,226,0.057,73,0.114
502,Silvally-Electric,0.00115,51,0.013,13,0.020
503,Wormadam-Trash,0.00112,22,0.006,10,0.016
504,Taillow,0.00110,104,0.026,21,0.033
505,Qwilfish,0.00109,81,0.021,34,0.053
506,Swirlix,0.00108,20,0.005,8,0.013
507,Flaaffy,0.00106,55,0.014,12,0.019
508,Swadloon,0.00106,25,0.006,7,0.011
509,Carbink,0.00104,79,0.020,16,0.025
510,Leavanny,0.00103,69,0.018,26,0.041
511,Zebstrika,0.00101,134,0.034,31,0.048
512,Rotom,0.00099,24,0.006,11,0.017
513,Froakie,0.00098,54,0.014,23,0.036
514,Dratini,0.00093,16,0.004,0,0.000
515,Simisage,0.00092,69,0.018,23,0.036
516,Unown,0.00087,135,0.034,33,0.052
517,Pichu,0.00087,233,0.059,75,0.117
518,Sewaddle,0.00087,7,0.002,1,0.002
519,Minun,0.00086,38,0.010,20,0.031
520,Grubbin,0.00086,15,0.004,1,0.002
521,Caterpie,0.00085,108,0.027,34,0.053
522,Electabuzz,0.00082,34,0.009,17,0.027
523,Bellsprout,0.00082,7,0.002,2,0.003
524,Silvally-Flying,0.00081,31,0.008,14,0.022
525,Huntail,0.00078,81,0.021,39,0.061
526,Phione,0.00078,72,0.018,3,0.005
527,Octillery,0.00078,121,0.031,55,0.086
528,Silvally-Bug,0.00077,18,0.005,6,0.009
529,Castform,0.00076,153,0.039,61,0.095
530,Haunter,0.00076,319,0.081,139,0.217
531,Furret,0.00073,206,0.052,89,0.139
532,Braixen,0.00073,89,0.023,44,0.069
533,Rattata-Alola,0.00071,47,0.012,38,0.059
534,Shroomish,0.00067,34,0.009,22,0.034
535,Igglybuff,0.00066,9,0.002,4,0.006
536,Rowlet,0.00065,73,0.019,33,0.052
537,Corsola,0.00060,54,0.014,26,0.041
538,Mightyena,0.00059,97,0.025,28,0.044
539,Skorupi,0.00059,9,0.002,4,0.006
540,Silvally-Steel,0.00055,55,0.014,21,0.033
541,Starly,0.00055,31,0.008,8,0.013
542,Dustox,0.00055,86,0.022,38,0.059
543,Oranguru,0.00055,403,0.102,127,0.199
544,Meowth,0.00053,143,0.036,29,0.045
545,Cherrim,0.00052,43,0.011,14,0.022
546,Audino,0.00051,40,0.010,19,0.030
547,Sliggoo,0.00051,59,0.015,24,0.038
548,Bulbasaur,0.00051,89,0.023,51,0.080
549,Squirtle,0.00049,107,0.027,41,0.064
550,Magmar,0.00048,92,0.023,23,0.036
551,Silvally-Dark,0.00047,17,0.004,2,0.003
552,Metang,0.00045,12,0.003,2,0.003
553,Skitty,0.00043,18,0.005,10,0.016
554,Cosmoem,0.00042,30,0.008,21,0.033
555,Charmander,0.00041,215,0.055,87,0.136
556,Wynaut,0.00041,45,0.011,19,0.030
557,Silvally-Fighting,0.00040,13,0.003,4,0.006
558,Happiny,0.00039,78,0.020,22,0.034
559,Onix,0.00039,93,0.024,50,0.078
560,Pancham,0.00039,9,0.002,3,0.005
561,Sandygast,0.00039,27,0.007,15,0.023
562,Ivysaur,0.00038,86,0.022,28,0.044
563,Gurdurr,0.00038,43,0.011,13,0.020
564,Seadra,0.00037,30,0.008,13,0.020
565,Shiftry,0.00037,182,0.046,55,0.086
566,Prinplup,0.00036,49,0.012,10,0.016
567,Sunkern,0.00035,76,0.019,14,0.022
568,Wurmple,0.00034,36,0.009,9,0.014
569,Gligar,0.00033,103,0.026,36,0.056
570,Armaldo,0.00033,49,0.012,25,0.039
571,Beautifly,0.00032,53,0.013,18,0.028
572,Poliwhirl,0.00032,23,0.006,13,0.020
573,Rhyhorn,0.00031,71,0.018,12,0.019
574,Cleffa,0.00030,40,0.010,23,0.036
575,Litwick,0.00030,12,0.003,5,0.008
576,Glalie,0.00028,24,0.006,4,0.006
577,Pachirisu,0.00028,56,0.014,18,0.028
578,Ledyba,0.00028,9,0.002,3,0.005
579,Spritzee,0.00027,8,0.002,1,0.002
580,Fearow,0.00026,91,0.023,38,0.059
581,Dartrix,0.00026,33,0.008,13,0.020
582,Solrock,0.00026,86,0.022,22,0.034
583,Golbat,0.00025,73,0.019,37,0.058
584,Oddish,0.00025,18,0.005,12,0.019
585,Staravia,0.00025,8,0.002,2,0.003
586,Vulpix-Alola,0.00023,52,0.013,19,0.030
587,Purrloin,0.00023,32,0.008,8,0.013
588,Sandile,0.00023,6,0.002,1,0.002
589,Golett,0.00023,18,0.005,0,0.000
590,Dewott,0.00023,52,0.013,13,0.020
591,Bonsly,0.00022,106,0.027,25,0.039
592,Gible,0.00022,17,0.004,7,0.011
593,Whirlipede,0.00021,8,0.002,2,0.003
594,Gourgeist,0.00021,130,0.033,53,0.083
595,Fennekin,0.00021,23,0.006,4,0.006
596,Voltorb,0.00020,52,0.013,21,0.033
597,Duskull,0.00019,16,0.004,11,0.017
598,Numel,0.00019,59,0.015,18,0.028
599,Seviper,0.00018,92,0.023,32,0.050
600,Wormadam,0.00017,5,0.001,2,0.003
601,Snubbull,0.00017,9,0.002,3,0.005
602,Gastly,0.00016,90,0.023,21,0.033
603,Pidgey,0.00015,13,0.003,7,0.011
604,Totodile,0.00015,33,0.008,16,0.025
605,Feebas,0.00014,32,0.008,10,0.016
606,Nincada,0.00013,16,0.004,3,0.005
607,Torchic,0.00013,54,0.014,10,0.016
608,Kadabra,0.00013,153,0.039,39,0.061
609,Kricketune,0.00012,25,0.006,13,0.020
610,Zorua,0.00011,38,0.010,8,0.013
611,Gabite,0.00011,29,0.007,7,0.011
612,Brionne,0.00011,73,0.019,16,0.025
613,Shelmet,0.00011,31,0.008,18,0.028
614,Minccino,0.00010,25,0.006,13,0.020
615,Frogadier,0.00010,56,0.014,22,0.034
616,Rockruff,0.00010,33,0.008,7,0.011
617,Trapinch,0.00009,63,0.016,23,0.036
618,Wailmer,0.00009,2,0.001,2,0.003
619,Grotle,0.00009,4,0.001,3,0.005
620,Plusle,0.00009,26,0.007,9,0.014
621,Joltik,0.00008,10,0.003,9,0.014
622,Carnivine,0.00008,49,0.012,30,0.047
623,Chimchar,0.00008,17,0.004,10,0.016
624,Luxio,0.00007,3,0.001,0,0.000
625,Pidgeotto,0.00007,10,0.003,2,0.003
626,Geodude-Alola,0.00007,66,0.017,40,0.063
627,Woobat,0.00007,51,0.013,12,0.019
628,Mankey,0.00007,8,0.002,2,0.003
629,Honedge,0.00007,10,0.003,3,0.005
630,Weepinbell,0.00007,5,0.001,1,0.002
631,Gourgeist-Large,0.00007,9,0.002,3,0.005
632,Archen,0.00006,10,0.003,3,0.005
633,Fletchling,0.00006,12,0.003,2,0.003
634,Munchlax,0.00006,52,0.013,25,0.039
635,Gothitelle,0.00006,101,0.026,41,0.064
636,Graveler-Alola,0.00006,42,0.011,12,0.019
637,Venipede,0.00006,7,0.002,1,0.002
638,Girafarig,0.00005,1185,0.301,69,0.108
639,Elekid,0.00005,3,0.001,2,0.003
640,Azurill,0.00005,37,0.009,9,0.014
641,Snorunt,0.00005,14,0.004,4,0.006
642,Cosmog,0.00005,186,0.047,16,0.025
643,Buneary,0.00005,12,0.003,7,0.011
644,Pignite,0.00005,8,0.002,3,0.005
645,Skiploom,0.00004,3,0.001,1,0.002
646,Staryu,0.00004,9,0.002,1,0.002
647,Mareep,0.00004,28,0.007,5,0.008
648,Noctowl,0.00004,151,0.038,42,0.066
649,Bergmite,0.00004,179,0.045,55,0.086
650,Seedot,0.00004,2,0.001,0,0.000
651,Diglett-Alola,0.00003,5,0.001,3,0.005
652,Espurr,0.00003,6,0.002,2,0.003
653,Steenee,0.00003,3,0.001,2,0.003
654,Timburr,0.00003,14,0.004,3,0.005
655,Chinchou,0.00003,10,0.003,7,0.011
656,Togepi,0.00003,36,0.009,14,0.022
657,Tirtouga,0.00002,2,0.001,2,0.003
658,Lairon,0.00002,56,0.014,22,0.034
659,Omanyte,0.00002,22,0.006,7,0.011
660,Gothorita,0.00002,5,0.001,5,0.008
661,Zigzagoon,0.00002,12,0.003,12,0.019
662,Axew,0.00002,60,0.015,7,0.011
663,Remoraid,0.00002,12,0.003,4,0.006
664,Shellos,0.00002,43,0.011,23,0.036
665,Noibat,0.00002,91,0.023,15,0.023
666,Pumpkaboo,0.00002,11,0.003,4,0.006
667,Litten,0.00002,33,0.008,13,0.020
668,Pansage,0.00002,18,0.005,3,0.005
669,Clamperl,0.00002,78,0.020,26,0.041
670,Lickitung,0.00002,61,0.015,30,0.047
671,Mareanie,0.00002,21,0.005,5,0.008
672,Cacnea,0.00002,3,0.001,0,0.000
673,Mudkip,0.00001,15,0.004,4,0.006
674,Wormadam-Sandy,0.00001,12,0.003,3,0.005
675,Litleo,0.00001,4,0.001,1,0.002
676,Mothim,0.00001,9,0.002,1,0.002
677,Swanna,0.00001,23,0.006,10,0.016
678,Fraxure,0.00001,12,0.003,6,0.009
679,Shuppet,0.00001,12,0.003,7,0.011
680,Cyndaquil,0.00001,26,0.007,12,0.019
681,Growlithe,0.00001,7,0.002,1,0.002
682,Machoke,0.00001,55,0.014,10,0.016
683,Kakuna,0.00001,34,0.009,11,0.017
684,Cubone,0.00001,59,0.015,19,0.030
685,Meditite,0.00001,10,0.003,7,0.011
686,Diglett,0.00001,20,0.005,2,0.003
687,Teddiursa,0.00001,13,0.003,4,0.006
688,Sandshrew,0.00001,18,0.005,13,0.020
689,Lunatone,0.00001,58,0.015,35,0.055
690,Swablu,0.00001,1,0.000,0,0.000
691,Treecko,0.00001,17,0.004,10,0.016
692,Anorith,0.00000,3,0.001,1,0.002
693,Koffing,0.00000,5,0.001,3,0.005
694,Ekans,0.00000,19,0.005,19,0.030
695,Quilladin,0.00000,1,0.000,0,0.000
696,Hoppip,0.00000,1,0.000,1,0.002
697,Tepig,0.00000,64,0.016,31,0.048
698,Servine,0.00000,9,0.002,8,0.013
699,Silvally-Rock,0.00000,35,0.009,8,0.013
700,Watchog,0.00000,8,0.002,1,0.002
701,Ralts,0.00000,8,0.002,1,0.002
702,Pansear,0.00000,13,0.003,8,0.013
703,Trumbeak,0.00000,12,0.003,8,0.013
704,Pidove,0.00000,4,0.001,1,0.002
705,Shieldon,0.00000,15,0.004,4,0.006
706,Lileep,0.00000,6,0.002,6,0.009
707,Lumineon,0.00000,24,0.006,7,0.011
708,NidoranM,0.00000,8,0.002,6,0.009
709,Buizel,0.00000,5,0.001,2,0.003
710,Machop,0.00000,2,0.001,1,0.002
711,Sandshrew-Alola,0.00000,21,0.005,13,0.020
712,Wooper,0.00000,4,0.001,2,0.003
713,Oricorio-Pa'u,0.00000,23,0.006,7,0.011
714,Exeggcute,0.00000,4,0.001,4,0.006
715,Duosion,0.00000,21,0.005,8,0.013
716,Flabebe,0.00000,3,0.001,1,0.002
717,Combee,0.00000,3,0.001,0,0.000
718,Cherubi,0.00000,2,0.001,2,0.003
719,Spoink,0.00000,28,0.007,8,0.013
720,Croagunk,0.00000,9,0.002,8,0.013
721,Grimer-Alola,0.00000,1,0.000,1,0.002
722,Cranidos,0.00000,11,0.003,3,0.005
723,Dewpider,0.00000,7,0.002,1,0.002
724,Turtwig,0.00000,13,0.003,11,0.017
725,Slakoth,0.00000,6,0.002,1,0.002
726,Marill,0.00000,38,0.010,15,0.023
727,Vanillite,0.00000,4,0.001,3,0.005
728,Beldum,0.00000,1,0.000,1,0.002
729,Oshawott,0.00000,6,0.002,1,0.002
730,Snivy,0.00000,11,0.003,4,0.006
731,Panpour,0.00000,36,0.009,13,0.020
732,Vibrava,0.00000,2,0.001,0,0.000
733,Floette,0.00000,14,0.004,8,0.013
734,Psyduck,0.00000,27,0.007,10,0.016
735,Seel,0.00000,21,0.005,3,0.005
736,Roselia,0.00000,19,0.005,5,0.008
737,Shinx,0.00000,8,0.002,7,0.011
738,Mienfoo,0.00000,2,0.001,0,0.000
739,Scatterbug,0.00000,10,0.003,2,0.003
740,Illumise,0.00000,10,0.003,4,0.006
741,Krokorok,0.00000,5,0.001,1,0.002
742,Surskit,0.00000,19,0.005,10,0.016
743,Spinarak,0.00000,7,0.002,7,0.011
744,Popplio,0.00000,24,0.006,12,0.019
745,Nidorino,0.00000,22,0.006,12,0.019
746,Bronzor,0.00000,1,0.000,0,0.000
747,Herdier,0.00000,20,0.005,14,0.022
748,Kirlia,0.00000,14,0.004,0,0.000
749,Ducklett,0.00000,7,0.002,3,0.005
750,Venonat,0.00000,9,0.002,8,0.013
751,Magby,0.00000,14,0.004,9,0.014
752,Cutiefly,0.00000,6,0.002,2,0.003
753,Tentacool,0.00000,4,0.001,4,0.006
754,Drowzee,0.00000,17,0.004,4,0.006
755,Morelull,0.00000,6,0.002,0,0.000
756,Sentret,0.00000,7,0.002,0,0.000
757,Grovyle,0.00000,10,0.003,4,0.006
758,Helioptile,0.00000,1,0.000,0,0.000
759,NidoranF,0.00000,4,0.001,2,0.003
760,Bounsweet,0.00000,12,0.003,1,0.002
761,Slugma,0.00000,7,0.002,2,0.003
762,Trubbish,0.00000,3,0.001,1,0.002
763,Shelgon,0.00000,8,0.002,8,0.013
764,Mime Jr.,0.00000,30,0.008,8,0.013
765,Pumpkaboo-Super,0.00000,6,0.002,1,0.002
766,Bagon,0.00000,7,0.002,1,0.002
767,Pawniard,0.00000,3,0.001,2,0.003
768,Doduo,0.00000,24,0.006,12,0.019
769,Elgyem,0.00000,22,0.006,0,0.000
770,Ponyta,0.00000,5,0.001,0,0.000
771,Kabuto,0.00000,3,0.001,1,0.002
772,Sealeo,0.00000,2,0.001,1,0.002
773,Fletchinder,0.00000,13,0.003,3,0.005
774,Smoochum,0.00000,61,0.015,24,0.038
775,Electrike,0.00000,3,0.001,3,0.005
776,Spearow,0.00000,1,0.000,1,0.002
777,Gulpin,0.00000,4,0.001,4,0.006
778,Nidorina,0.00000,5,0.001,2,0.003
779,Sunflora,0.00000,19,0.005,12,0.019
780,Yanma,0.00000,4,0.001,1,0.002
781,Zweilous,0.00000,1,0.000,1,0.002
782,Klink,0.00000,20,0.005,19,0.030
783,Vulpix,0.00000,7,0.002,4,0.006
784,Cubchoo,0.00000,7,0.002,2,0.003
785,Deino,0.00000,1,0.000,0,0.000
786,Swinub,0.00000,2,0.001,2,0.003
787,Makuhita,0.00000,1,0.000,0,0.000
788,Vanillish,0.00000,6,0.002,0,0.000
789,Baltoy,0.00000,2,0.001,1,0.002
790,Phanpy,0.00000,5,0.001,5,0.008
791,Wingull,0.00000,5,0.001,3,0.005
792,Slowpoke,0.00000,9,0.002,6,0.009
793,Barboach,0.00000,1,0.000,0,0.000
794,Houndour,0.00000,1,0.000,1,0.002
795,Boldore,0.00000,2,0.001,2,0.003
796,Pikipek,0.00000,3,0.001,2,0.003
797,Larvitar,0.00000,9,0.002,1,0.002
798,Carvanha,0.00000,4,0.001,0,0.000
799,Amaura,0.00000,1,0.000,1,0.002
800,Spewpa,0.00000,1,0.000,1,0.002
801,Frillish,0.00000,7,0.002,6,0.009
802,Lampent,0.00000,1,0.000,0,0.000
803,Hippopotas,0.00000,1,0.000,1,0.002
804,Gloom,0.00000,4,0.001,1,0.002
805,Meowth-Alola,0.00000,5,0.001,5,0.008
806,Solosis,0.00000,1,0.000,0,0.000
807,Chespin,0.00000,2,0.001,0,0.000
808,Pumpkaboo-Small,0.00000,4,0.001,4,0.006
809,Petilil,0.00000,1,0.000,0,0.000
810,Burmy,0.00000,5,0.001,0,0.000
811,Yungoos,0.00000,10,0.003,9,0.014
812,Poliwag,0.00000,4,0.001,0,0.000
813,Monferno,0.00000,1,0.000,1,0.002
814,Tranquill,0.00000,5,0.001,0,0.000
815,Fomantis,0.00000,6,0.002,5,0.008
816,Whismur,0.00000,3,0.001,3,0.005
817,Nuzleaf,0.00000,3,0.001,2,0.003
