 Total battles: 54172
 Avg. weight/team: 1.0
Rank,Pokemon,Usage percentage,Raw,Raw percentage,Real,Real percentage
1,Pikipek,0.81592,884,0.816,608,0.806
2,Wimpod,0.81315,881,0.813,603,0.799
3,Buneary,0.81038,878,0.810,615,0.815
4,Meditite,0.80854,876,0.809,615,0.815
5,Slurpuff,0.80761,875,0.808,604,0.800
6,Sawsbuck,0.80761,875,0.808,603,0.799
7,Meloetta,0.80669,874,0.807,599,0.794
8,Morelull,0.80577,873,0.806,597,0.791
9,Kingdra,0.80300,870,0.803,622,0.824
10,Spearow,0.80207,869,0.802,597,0.791
11,Golbat,0.80207,869,0.802,627,0.831
12,Xerneas,0.80115,868,0.801,619,0.820
13,Wooper,0.80023,867,0.800,589,0.780
14,Paras,0.80023,867,0.800,571,0.757
15,Smoochum,0.80023,867,0.800,566,0.750
16,Barbaracle,0.80023,867,0.800,596,0.790
17,Druddigon,0.79931,866,0.799,609,0.807
18,Ralts,0.79931,866,0.799,586,0.776
19,Throh,0.79931,866,0.799,607,0.804
20,Lilligant,0.79931,866,0.799,597,0.791
21,Talonflame,0.79931,866,0.799,625,0.828
22,Psyduck,0.79838,865,0.798,579,0.767
23,Toxapex,0.79838,865,0.798,624,0.827
24,Tepig,0.79746,864,0.797,606,0.803
25,Suicune,0.79746,864,0.797,615,0.815
26,Scatterbug,0.79746,864,0.797,582,0.771
27,Pyroar,0.79654,863,0.797,608,0.806
28,Tornadus,0.79561,862,0.796,608,0.806
29,Tropius,0.79561,862,0.796,581,0.770
30,Lopunny,0.79561,862,0.796,599,0.794
31,Ekans,0.79561,862,0.796,596,0.790
32,Pikachu,0.79469,861,0.795,587,0.778
33,Kakuna,0.79469,861,0.795,598,0.792
34,Magnemite,0.79377,860,0.794,594,0.787
35,Skuntank,0.79377,860,0.794,594,0.787
36,Deino,0.79377,860,0.794,588,0.779
37,Snorunt,0.79285,859,0.793,558,0.739
38,Latios,0.79285,859,0.793,597,0.791
39,Politoed,0.79285,859,0.793,608,0.806
40,Dewgong,0.79285,859,0.793,601,0.796
41,Shelgon,0.79192,858,0.792,594,0.787
42,Passimian,0.79100,857,0.791,589,0.780
43,Articuno,0.79100,857,0.791,600,0.795
44,Bayleef,0.79008,856,0.790,606,0.803
45,Heatmor,0.79008,856,0.790,594,0.787
46,Bidoof,0.79008,856,0.790,604,0.800
47,Spinarak,0.79008,856,0.790,578,0.766
48,Xurkitree,0.78915,855,0.789,600,0.795
49,Swadloon,0.78915,855,0.789,616,0.816
50,Cryogonal,0.78915,855,0.789,584,0.774
51,Azurill,0.78823,854,0.788,589,0.780
52,Alakazam,0.78823,854,0.788,591,0.783
53,Salandit,0.78823,854,0.788,621,0.823
54,Jellicent,0.78823,854,0.788,615,0.815
55,Sliggoo,0.78823,854,0.788,599,0.794
56,Azelf,0.78731,853,0.787,588,0.779
57,Umbreon,0.78731,853,0.787,623,0.826
58,Zigzagoon,0.78731,853,0.787,605,0.802
59,Croconaw,0.78731,853,0.787,572,0.758
60,Gothita,0.78638,852,0.786,557,0.738
61,Solosis,0.78638,852,0.786,626,0.829
62,Incineroar,0.78546,851,0.785,598,0.792
63,Horsea,0.78546,851,0.785,580,0.769
64,Rowlet,0.78454,850,0.785,578,0.766
65,Taillow,0.78454,850,0.785,590,0.782
66,Medicham,0.78454,850,0.785,597,0.791
67,Pineco,0.78454,850,0.785,571,0.757
68,Tynamo,0.78454,850,0.785,613,0.812
69,Cubchoo,0.78362,849,0.784,555,0.735
70,Blitzle,0.78362,849,0.784,602,0.798
71,Glameow,0.78362,849,0.784,588,0.779
72,Charizard,0.78362,849,0.784,620,0.822
73,Electivire,0.78362,849,0.784,594,0.787
74,Mandibuzz,0.78269,848,0.783,589,0.780
75,Larvitar,0.78269,848,0.783,581,0.770
76,Infernape,0.78269,848,0.783,585,0.775
77,Kangaskhan,0.78269,848,0.783,586,0.776
78,Clauncher,0.78269,848,0.783,572,0.758
79,Hypno,0.78269,848,0.783,595,0.788
80,Litwick,0.78269,848,0.783,608,0.806
81,Gligar,0.78177,847,0.782,606,0.803
82,Spoink,0.78177,847,0.782,547,0.725
83,Aurorus,0.78177,847,0.782,571,0.757
84,Flabebe,0.78177,847,0.782,569,0.754
85,Pachirisu,0.78085,846,0.781,577,0.765
86,Piplup,0.78085,846,0.781,580,0.769
87,Crustle,0.78085,846,0.781,587,0.778
88,Wailmer,0.78085,846,0.781,590,0.782
89,Happiny,0.78085,846,0.781,572,0.758
90,Basculin,0.77992,845,0.780,596,0.790
91,Watchog,0.77992,845,0.780,599,0.794
92,Staraptor,0.77992,845,0.780,599,0.794
93,Quilladin,0.77992,845,0.780,574,0.761
94,Turtonator,0.77900,844,0.779,601,0.796
95,Aron,0.77900,844,0.779,598,0.792
96,Slowpoke,0.77900,844,0.779,599,0.794
97,Bellsprout,0.77900,844,0.779,546,0.723
98,Yanmega,0.77900,844,0.779,583,0.773
99,Mudsdale,0.77900,844,0.779,585,0.775
100,Bronzong,0.77900,844,0.779,606,0.803
101,Tangela,0.77808,843,0.778,571,0.757
102,Mantyke,0.77808,843,0.778,575,0.762
103,Feebas,0.77808,843,0.778,581,0.770
104,Mew,0.77808,843,0.778,584,0.774
105,Tyrunt,0.77808,843,0.778,582,0.771
106,Pidgeot,0.77808,843,0.778,602,0.798
107,Espeon,0.77808,843,0.778,603,0.799
108,Steelix,0.77715,842,0.777,597,0.791
109,Xatu,0.77715,842,0.777,585,0.775
110,Musharna,0.77715,842,0.777,581,0.770
111,Sunkern,0.77715,842,0.777,574,0.761
112,Phione,0.77715,842,0.777,586,0.776
113,Mienfoo,0.77715,842,0.777,550,0.729
114,Nidorino,0.77623,841,0.776,583,0.773
115,Zoroark,0.77623,841,0.776,590,0.782
116,Lileep,0.77623,841,0.776,604,0.800
117,Ursaring,0.77623,841,0.776,587,0.778
118,Donphan,0.77623,841,0.776,594,0.787
119,Cacnea,0.77623,841,0.776,579,0.767
120,Larvesta,0.77531,840,0.775,579,0.767
121,Togedemaru,0.77531,840,0.775,604,0.800
122,Spheal,0.77531,840,0.775,577,0.765
123,Staravia,0.77531,840,0.775,600,0.795
124,Audino,0.77531,840,0.775,590,0.782
125,Stunky,0.77531,840,0.775,585,0.775
126,Pelipper,0.77531,840,0.775,598,0.792
127,Galvantula,0.77439,839,0.774,600,0.795
128,Steenee,0.77439,839,0.774,561,0.743
129,Diggersby,0.77439,839,0.774,595,0.788
130,Krabby,0.77439,839,0.774,576,0.763
131,Sneasel,0.77439,839,0.774,563,0.746
132,Barboach,0.77346,838,0.773,613,0.812
133,Budew,0.77346,838,0.773,573,0.759
134,Illumise,0.77346,838,0.773,567,0.751
135,Porygon2,0.77346,838,0.773,563,0.746
136,Sharpedo,0.77346,838,0.773,601,0.796
137,Trumbeak,0.77346,838,0.773,596,0.790
138,Whismur,0.77346,838,0.773,579,0.767
139,NidoranF,0.77254,837,0.773,578,0.766
140,Squirtle,0.77254,837,0.773,589,0.780
141,Unfezant,0.77254,837,0.773,594,0.787
142,Corphish,0.77254,837,0.773,571,0.757
143,Trubbish,0.77254,837,0.773,577,0.765
144,Mareep,0.77162,836,0.772,581,0.770
145,Pidove,0.77162,836,0.772,594,0.787
146,Slaking,0.77162,836,0.772,607,0.804
147,Magnezone,0.77162,836,0.772,581,0.770
148,Chansey,0.77162,836,0.772,578,0.766
149,Gible,0.77162,836,0.772,591,0.783
150,Bronzor,0.77162,836,0.772,601,0.796
151,Shuppet,0.77069,835,0.771,589,0.780
152,Mawile,0.77069,835,0.771,596,0.790
153,Crawdaunt,0.77069,835,0.771,578,0.766
154,Mime Jr.,0.77069,835,0.771,575,0.762
155,Jangmo-o,0.77069,835,0.771,578,0.766
156,Magearna,0.77069,835,0.771,597,0.791
157,Hippopotas,0.77069,835,0.771,549,0.727
158,Torracat,0.76977,834,0.770,586,0.776
159,Simipour,0.76977,834,0.770,607,0.804
160,Jigglypuff,0.76977,834,0.770,559,0.741
161,Pidgeotto,0.76977,834,0.770,589,0.780
162,Dedenne,0.76977,834,0.770,591,0.783
163,Blaziken,0.76977,834,0.770,600,0.795
164,Lairon,0.76977,834,0.770,573,0.759
165,Camerupt,0.76977,834,0.770,570,0.755
166,Yungoos,0.76977,834,0.770,582,0.771
167,Sealeo,0.76885,833,0.769,578,0.766
168,Marill,0.76885,833,0.769,590,0.782
169,Sylveon,0.76885,833,0.769,570,0.755
170,Lumineon,0.76885,833,0.769,574,0.761
171,Spewpa,0.76885,833,0.769,557,0.738
172,Scizor,0.76885,833,0.769,579,0.767
173,Luxio,0.76885,833,0.769,580,0.769
174,Wailord,0.76885,833,0.769,604,0.800
175,Snivy,0.76885,833,0.769,570,0.755
176,Piloswine,0.76792,832,0.768,552,0.731
177,Numel,0.76792,832,0.768,557,0.738
178,Glalie,0.76792,832,0.768,565,0.749
179,Finneon,0.76792,832,0.768,564,0.747
180,Milotic,0.76792,832,0.768,579,0.767
181,Shaymin,0.76792,832,0.768,574,0.761
182,Regice,0.76792,832,0.768,561,0.743
183,Torkoal,0.76700,831,0.767,586,0.776
184,Smeargle,0.76700,831,0.767,566,0.750
185,Venomoth,0.76700,831,0.767,571,0.757
186,Kartana,0.76700,831,0.767,584,0.774
187,Drampa,0.76700,831,0.767,562,0.745
188,Yveltal,0.76700,831,0.767,602,0.798
189,Hoopa,0.76700,831,0.767,592,0.784
190,Ledyba,0.76700,831,0.767,579,0.767
191,Zorua,0.76608,830,0.766,577,0.765
192,Carracosta,0.76608,830,0.766,575,0.762
193,Bisharp,0.76608,830,0.766,588,0.779
194,Togetic,0.76608,830,0.766,583,0.773
195,Simisage,0.76608,830,0.766,585,0.775
196,Jolteon,0.76608,830,0.766,592,0.784
197,Spritzee,0.76608,830,0.766,560,0.742
198,Volcanion,0.76608,830,0.766,566,0.750
199,Flareon,0.76608,830,0.766,588,0.779
200,Rayquaza,0.76608,830,0.766,591,0.783
201,Scolipede,0.76608,830,0.766,600,0.795
202,Serperior,0.76608,830,0.766,560,0.742
203,Vullaby,0.76608,830,0.766,597,0.791
204,Herdier,0.76608,830,0.766,556,0.737
205,Cradily,0.76608,830,0.766,564,0.747
206,Exeggcute,0.76608,830,0.766,535,0.709
207,Rhyhorn,0.76608,830,0.766,580,0.769
208,Swellow,0.76516,829,0.765,610,0.808
209,Poliwrath,0.76516,829,0.765,603,0.799
210,Goodra,0.76516,829,0.765,576,0.763
211,Oddish,0.76516,829,0.765,573,0.759
212,Litten,0.76516,829,0.765,591,0.783
213,Ivysaur,0.76516,829,0.765,565,0.749
214,Porygon-Z,0.76516,829,0.765,563,0.746
215,Emboar,0.76516,829,0.765,584,0.774
216,Machoke,0.76516,829,0.765,594,0.787
217,Tyrantrum,0.76516,829,0.765,571,0.757
218,Omanyte,0.76423,828,0.764,562,0.745
219,Honchkrow,0.76423,828,0.764,571,0.757
220,Elgyem,0.76423,828,0.764,565,0.749
221,Buizel,0.76423,828,0.764,593,0.786
222,Doublade,0.76423,828,0.764,624,0.827
223,Guzzlord,0.76423,828,0.764,588,0.779
224,Tauros,0.76423,828,0.764,568,0.753
225,Charmander,0.76423,828,0.764,579,0.767
226,Bagon,0.76423,828,0.764,562,0.745
227,Celebi,0.76331,827,0.763,563,0.746
228,Tentacruel,0.76331,827,0.763,589,0.780
229,Trevenant,0.76331,827,0.763,604,0.800
230,Oranguru,0.76331,827,0.763,566,0.750
231,Venusaur,0.76331,827,0.763,593,0.786
232,Dustox,0.76331,827,0.763,549,0.727
233,Drowzee,0.76331,827,0.763,553,0.733
234,Scrafty,0.76331,827,0.763,563,0.746
235,Giratina,0.76331,827,0.763,601,0.796
236,Tranquill,0.76331,827,0.763,590,0.782
237,Skitty,0.76331,827,0.763,556,0.737
238,Slakoth,0.76239,826,0.762,571,0.757
239,Araquanid,0.76239,826,0.762,571,0.757
240,Phanpy,0.76239,826,0.762,568,0.753
241,Crabrawler,0.76239,826,0.762,553,0.733
242,Charmeleon,0.76239,826,0.762,598,0.792
243,Zebstrika,0.76146,825,0.761,604,0.800
244,Yanma,0.76146,825,0.761,594,0.787
245,Klefki,0.76146,825,0.761,610,0.808
246,Kecleon,0.76146,825,0.761,576,0.763
247,Sewaddle,0.76146,825,0.761,538,0.713
248,Metapod,0.76146,825,0.761,577,0.765
249,Vivillon,0.76146,825,0.761,551,0.730
250,Decidueye,0.76146,825,0.761,583,0.773
251,Shinx,0.76146,825,0.761,545,0.722
252,Ho-Oh,0.76146,825,0.761,574,0.761
253,Victreebel,0.76146,825,0.761,570,0.755
254,Seadra,0.76146,825,0.761,577,0.765
255,Breloom,0.76054,824,0.761,553,0.733
256,Necrozma,0.76054,824,0.761,596,0.790
257,Masquerain,0.76054,824,0.761,573,0.759
258,Kadabra,0.76054,824,0.761,553,0.733
259,Petilil,0.76054,824,0.761,543,0.720
260,Lucario,0.76054,824,0.761,587,0.778
261,Oshawott,0.76054,824,0.761,588,0.779
262,Pansage,0.75962,823,0.760,559,0.741
263,Vespiquen,0.75962,823,0.760,576,0.763
264,Mesprit,0.75962,823,0.760,610,0.808
265,Tapu Lele,0.75962,823,0.760,569,0.754
266,Amoonguss,0.75962,823,0.760,557,0.738
267,Gumshoos,0.75962,823,0.760,569,0.754
268,Linoone,0.75869,822,0.759,566,0.750
269,Poliwag,0.75869,822,0.759,569,0.754
270,Pichu,0.75869,822,0.759,557,0.738
271,Dratini,0.75869,822,0.759,548,0.726
272,Toucannon,0.75869,822,0.759,568,0.753
273,Chespin,0.75869,822,0.759,546,0.723
274,Caterpie,0.75869,822,0.759,585,0.775
275,Dragonite,0.75869,822,0.759,591,0.783
276,Mewtwo,0.75869,822,0.759,561,0.743
277,Kingler,0.75869,822,0.759,590,0.782
278,Bergmite,0.75777,821,0.758,566,0.750
279,Meowstic,0.75777,821,0.758,580,0.769
280,Fennekin,0.75777,821,0.758,559,0.741
281,Aegislash,0.75777,821,0.758,607,0.804
282,Leavanny,0.75777,821,0.758,562,0.745
283,Foongus,0.75777,821,0.758,581,0.770
284,Maractus,0.75777,821,0.758,558,0.739
285,Ditto,0.75777,821,0.758,597,0.791
286,Swanna,0.75685,820,0.757,607,0.804
287,Gliscor,0.75685,820,0.757,580,0.769
288,Totodile,0.75685,820,0.757,555,0.735
289,Kirlia,0.75685,820,0.757,548,0.726
290,Qwilfish,0.75685,820,0.757,580,0.769
291,Primarina,0.75685,820,0.757,566,0.750
292,Entei,0.75685,820,0.757,573,0.759
293,Quilava,0.75593,819,0.756,584,0.774
294,Golisopod,0.75593,819,0.756,596,0.790
295,Clawitzer,0.75593,819,0.756,559,0.741
296,Arceus,0.75593,819,0.756,604,0.800
297,Nidoking,0.75593,819,0.756,586,0.776
298,Rockruff,0.75593,819,0.756,551,0.730
299,Cinccino,0.75593,819,0.756,559,0.741
300,Accelgor,0.75593,819,0.756,585,0.775
301,Doduo,0.75500,818,0.755,569,0.754
302,Gallade,0.75500,818,0.755,561,0.743
303,Deoxys,0.75500,818,0.755,575,0.762
304,Braviary,0.75500,818,0.755,571,0.757
305,Darumaka,0.75500,818,0.755,574,0.761
306,Grubbin,0.75408,817,0.754,558,0.739
307,Sigilyph,0.75408,817,0.754,554,0.734
308,Surskit,0.75408,817,0.754,547,0.725
309,Gyarados,0.75408,817,0.754,580,0.769
310,Whiscash,0.75408,817,0.754,561,0.743
311,Bouffalant,0.75408,817,0.754,572,0.758
312,Nihilego,0.75408,817,0.754,569,0.754
313,Poliwhirl,0.75408,817,0.754,576,0.763
314,Malamar,0.75408,817,0.754,586,0.776
315,Komala,0.75408,817,0.754,552,0.731
316,Houndour,0.75316,816,0.753,565,0.749
317,Binacle,0.75316,816,0.753,564,0.747
318,Cherubi,0.75316,816,0.753,556,0.737
319,Mareanie,0.75316,816,0.753,576,0.763
320,Wigglytuff,0.75316,816,0.753,547,0.725
321,Bastiodon,0.75316,816,0.753,583,0.773
322,Starly,0.75316,816,0.753,591,0.783
323,Vileplume,0.75316,816,0.753,578,0.766
324,Haunter,0.75316,816,0.753,597,0.791
325,Armaldo,0.75316,816,0.753,534,0.708
326,Ampharos,0.75223,815,0.752,558,0.739
327,Walrein,0.75223,815,0.752,559,0.741
328,Pumpkaboo,0.75223,815,0.752,551,0.730
329,Shiinotic,0.75223,815,0.752,577,0.765
330,Gigalith,0.75223,815,0.752,558,0.739
331,Clefairy,0.75223,815,0.752,589,0.780
332,Uxie,0.75223,815,0.752,565,0.749
333,Shelmet,0.75223,815,0.752,570,0.755
334,Fomantis,0.75223,815,0.752,558,0.739
335,Delphox,0.75131,814,0.751,564,0.747
336,Kabutops,0.75131,814,0.751,572,0.758
337,Victini,0.75131,814,0.751,567,0.751
338,Thundurus,0.75131,814,0.751,571,0.757
339,Lugia,0.75131,814,0.751,567,0.751
340,Burmy,0.75131,814,0.751,569,0.754
341,Pansear,0.75039,813,0.750,564,0.747
342,Purrloin,0.75039,813,0.750,560,0.742
343,Minun,0.75039,813,0.750,558,0.739
344,Togekiss,0.75039,813,0.750,578,0.766
345,Scyther,0.75039,813,0.750,554,0.734
346,Silcoon,0.75039,813,0.750,591,0.783
347,Flaaffy,0.75039,813,0.750,594,0.787
348,Golurk,0.75039,813,0.750,579,0.767
349,Amaura,0.75039,813,0.750,528,0.700
350,Spinda,0.75039,813,0.750,561,0.743
351,Nuzleaf,0.75039,813,0.750,569,0.754
352,Absol,0.74946,812,0.749,552,0.731
353,Durant,0.74946,812,0.749,576,0.763
354,Alomomola,0.74946,812,0.749,569,0.754
355,Sceptile,0.74946,812,0.749,587,0.778
356,Nosepass,0.74946,812,0.749,560,0.742
357,Poochyena,0.74946,812,0.749,542,0.718
358,Sunflora,0.74946,812,0.749,574,0.761
359,Buzzwole,0.74946,812,0.749,550,0.729
360,Stantler,0.74946,812,0.749,558,0.739
361,Garbodor,0.74946,812,0.749,564,0.747
362,Nidorina,0.74946,812,0.749,581,0.770
363,Cresselia,0.74854,811,0.749,578,0.766
364,Lunala,0.74854,811,0.749,555,0.735
365,Lapras,0.74854,811,0.749,578,0.766
366,Gabite,0.74854,811,0.749,555,0.735
367,Gloom,0.74854,811,0.749,545,0.722
368,Pawniard,0.74854,811,0.749,586,0.776
369,Tirtouga,0.74854,811,0.749,566,0.750
370,Scraggy,0.74854,811,0.749,557,0.738
371,Primeape,0.74854,811,0.749,550,0.729
372,Hoothoot,0.74854,811,0.749,570,0.755
373,Carnivine,0.74854,811,0.749,521,0.690
374,Aggron,0.74762,810,0.748,591,0.783
375,Gothitelle,0.74762,810,0.748,549,0.727
376,Fletchling,0.74762,810,0.748,563,0.746
377,Mudkip,0.74762,810,0.748,568,0.753
378,Beldum,0.74762,810,0.748,577,0.765
379,Bonsly,0.74762,810,0.748,549,0.727
380,Porygon,0.74762,810,0.748,545,0.722
381,Nincada,0.74762,810,0.748,529,0.701
382,Fraxure,0.74762,810,0.748,553,0.733
383,Combee,0.74762,810,0.748,557,0.738
384,Solgaleo,0.74762,810,0.748,601,0.796
385,Ludicolo,0.74762,810,0.748,579,0.767
386,Cubone,0.74762,810,0.748,540,0.716
387,Samurott,0.74762,810,0.748,571,0.757
388,Magikarp,0.74670,809,0.747,604,0.800
389,Makuhita,0.74670,809,0.747,531,0.704
390,Clefable,0.74670,809,0.747,572,0.758
391,Venipede,0.74670,809,0.747,536,0.710
392,Hitmonlee,0.74670,809,0.747,556,0.737
393,Grotle,0.74670,809,0.747,559,0.741
394,Delcatty,0.74670,809,0.747,574,0.761
395,Crobat,0.74577,808,0.746,582,0.771
396,Celesteela,0.74577,808,0.746,574,0.761
397,Liepard,0.74577,808,0.746,551,0.730
398,Phantump,0.74577,808,0.746,580,0.769
399,Axew,0.74577,808,0.746,536,0.710
400,Carvanha,0.74577,808,0.746,544,0.721
401,Furret,0.74577,808,0.746,593,0.786
402,Gorebyss,0.74577,808,0.746,563,0.746
403,Cacturne,0.74577,808,0.746,571,0.757
404,Pangoro,0.74577,808,0.746,554,0.734
405,Swablu,0.74577,808,0.746,574,0.761
406,Klinklang,0.74577,808,0.746,579,0.767
407,Gurdurr,0.74577,808,0.746,569,0.754
408,Sawk,0.74577,808,0.746,564,0.747
409,Pyukumuku,0.74577,808,0.746,585,0.775
410,Weedle,0.74577,808,0.746,545,0.722
411,Cherrim,0.74485,807,0.745,554,0.734
412,Lickilicky,0.74485,807,0.745,571,0.757
413,Klink,0.74485,807,0.745,608,0.806
414,Wartortle,0.74485,807,0.745,571,0.757
415,Beedrill,0.74485,807,0.745,550,0.729
416,Shellder,0.74485,807,0.745,565,0.749
417,Cottonee,0.74485,807,0.745,550,0.729
418,Chimchar,0.74485,807,0.745,554,0.734
419,Landorus,0.74485,807,0.745,569,0.754
420,Goomy,0.74485,807,0.745,545,0.722
421,Lillipup,0.74393,806,0.744,554,0.734
422,Snubbull,0.74393,806,0.744,550,0.729
423,Noivern,0.74393,806,0.744,566,0.750
424,Reshiram,0.74393,806,0.744,567,0.751
425,Bulbasaur,0.74393,806,0.744,558,0.739
426,Cofagrigus,0.74393,806,0.744,602,0.798
427,Ledian,0.74300,805,0.743,568,0.753
428,Tapu Bulu,0.74300,805,0.743,585,0.775
429,Regirock,0.74300,805,0.743,565,0.749
430,Dragalge,0.74300,805,0.743,566,0.750
431,Chandelure,0.74300,805,0.743,553,0.733
432,Tangrowth,0.74300,805,0.743,554,0.734
433,Cyndaquil,0.74300,805,0.743,573,0.759
434,Golduck,0.74300,805,0.743,555,0.735
435,Grumpig,0.74300,805,0.743,557,0.738
436,Wynaut,0.74300,805,0.743,565,0.749
437,Magmar,0.74300,805,0.743,589,0.780
438,Rampardos,0.74300,805,0.743,545,0.722
439,Avalugg,0.74300,805,0.743,565,0.749
440,Deerling,0.74300,805,0.743,557,0.738
441,Gastrodon,0.74300,805,0.743,591,0.783
442,Lurantis,0.74208,804,0.742,542,0.718
443,Skrelp,0.74208,804,0.742,548,0.726
444,Archen,0.74208,804,0.742,540,0.716
445,Klang,0.74208,804,0.742,576,0.763
446,Electabuzz,0.74208,804,0.742,581,0.770
447,Treecko,0.74208,804,0.742,559,0.741
448,Hydreigon,0.74208,804,0.742,553,0.733
449,Kricketot,0.74208,804,0.742,540,0.716
450,Boldore,0.74208,804,0.742,560,0.742
451,Quagsire,0.74208,804,0.742,565,0.749
452,Luvdisc,0.74208,804,0.742,554,0.734
453,Genesect,0.74208,804,0.742,590,0.782
454,Croagunk,0.74208,804,0.742,553,0.733
455,Drilbur,0.74208,804,0.742,584,0.774
456,Metagross,0.74208,804,0.742,560,0.742
457,Roserade,0.74208,804,0.742,538,0.713
458,Hoppip,0.74208,804,0.742,579,0.767
459,Shiftry,0.74208,804,0.742,553,0.733
460,Seviper,0.74116,803,0.741,566,0.750
461,Sableye,0.74116,803,0.741,578,0.766
462,Rapidash,0.74116,803,0.741,566,0.750
463,Haxorus,0.74116,803,0.741,575,0.762
464,Solrock,0.74023,802,0.740,565,0.749
465,Heliolisk,0.74023,802,0.740,582,0.771
466,Bibarel,0.74023,802,0.740,565,0.749
467,Turtwig,0.74023,802,0.740,544,0.721
468,Chatot,0.74023,802,0.740,556,0.737
469,Zweilous,0.74023,802,0.740,565,0.749
470,Ribombee,0.74023,802,0.740,549,0.727
471,Munchlax,0.74023,802,0.740,556,0.737
472,Sudowoodo,0.73931,801,0.739,570,0.755
473,Prinplup,0.73931,801,0.739,563,0.746
474,Zubat,0.73931,801,0.739,583,0.773
475,Pidgey,0.73931,801,0.739,555,0.735
476,Cranidos,0.73931,801,0.739,538,0.713
477,Gothorita,0.73839,800,0.738,541,0.717
478,Misdreavus,0.73839,800,0.738,589,0.780
479,Metang,0.73839,800,0.738,560,0.742
480,Venonat,0.73839,800,0.738,539,0.714
481,Hariyama,0.73839,800,0.738,555,0.735
482,Shroomish,0.73839,800,0.738,552,0.731
483,Registeel,0.73839,800,0.738,560,0.742
484,Skorupi,0.73839,800,0.738,540,0.716
485,Arbok,0.73839,800,0.738,567,0.751
486,Zekrom,0.73839,800,0.738,571,0.757
487,Glaceon,0.73839,800,0.738,511,0.677
488,Girafarig,0.73747,799,0.737,545,0.722
489,Corsola,0.73747,799,0.737,537,0.712
490,Plusle,0.73747,799,0.737,576,0.763
491,Terrakion,0.73747,799,0.737,534,0.708
492,Timburr,0.73747,799,0.737,561,0.743
493,Skarmory,0.73747,799,0.737,592,0.784
494,Volbeat,0.73747,799,0.737,546,0.723
495,Beautifly,0.73747,799,0.737,565,0.749
496,Wobbuffet,0.73654,798,0.737,550,0.729
497,Weepinbell,0.73654,798,0.737,546,0.723
498,Dodrio,0.73654,798,0.737,557,0.738
499,Stunfisk,0.73654,798,0.737,570,0.755
500,Diancie,0.73654,798,0.737,549,0.727
501,Blastoise,0.73654,798,0.737,569,0.754
502,Anorith,0.73654,798,0.737,553,0.733
503,Shuckle,0.73654,798,0.737,570,0.755
504,Cosmog,0.73562,797,0.736,552,0.731
505,Hakamo-o,0.73562,797,0.736,583,0.773
506,Rhydon,0.73562,797,0.736,570,0.755
507,Tapu Fini,0.73562,797,0.736,561,0.743
508,Gulpin,0.73562,797,0.736,558,0.739
509,Staryu,0.73562,797,0.736,542,0.718
510,Huntail,0.73562,797,0.736,553,0.733
511,Purugly,0.73562,797,0.736,550,0.729
512,Ferrothorn,0.73562,797,0.736,586,0.776
513,Leafeon,0.73562,797,0.736,549,0.727
514,Arcanine,0.73562,797,0.736,569,0.754
515,Noibat,0.73562,797,0.736,535,0.709
516,Palpitoad,0.73562,797,0.736,551,0.730
517,Virizion,0.73470,796,0.735,563,0.746
518,Moltres,0.73470,796,0.735,583,0.773
519,Clamperl,0.73470,796,0.735,548,0.726
520,Keldeo,0.73470,796,0.735,564,0.747
521,Bruxish,0.73470,796,0.735,526,0.697
522,Mantine,0.73470,796,0.735,547,0.725
523,Cosmoem,0.73470,796,0.735,571,0.757
524,Jumpluff,0.73470,796,0.735,552,0.731
525,Froslass,0.73470,796,0.735,545,0.722
526,Golett,0.73470,796,0.735,565,0.749
527,Goldeen,0.73377,795,0.734,567,0.751
528,Regigigas,0.73377,795,0.734,555,0.735
529,Floatzel,0.73377,795,0.734,579,0.767
530,Octillery,0.73377,795,0.734,550,0.729
531,Sandygast,0.73377,795,0.734,568,0.753
532,Mudbray,0.73377,795,0.734,527,0.698
533,Jirachi,0.73377,795,0.734,561,0.743
534,Groudon,0.73377,795,0.734,567,0.751
535,Sentret,0.73377,795,0.734,536,0.710
536,Furfrou,0.73377,795,0.734,555,0.735
537,Magby,0.73377,795,0.734,565,0.749
538,Manectric,0.73377,795,0.734,553,0.733
539,Gourgeist,0.73377,795,0.734,555,0.735
540,Lombre,0.73377,795,0.734,558,0.739
541,Igglybuff,0.73377,795,0.734,549,0.727
542,Rhyperior,0.73377,795,0.734,577,0.765
543,Bellossom,0.73377,795,0.734,544,0.721
544,Wingull,0.73285,794,0.733,549,0.727
545,Machop,0.73285,794,0.733,541,0.717
546,Onix,0.73285,794,0.733,552,0.731
547,Stufful,0.73285,794,0.733,539,0.714
548,Voltorb,0.73285,794,0.733,544,0.721
549,Dewpider,0.73285,794,0.733,526,0.697
550,Simisear,0.73285,794,0.733,592,0.784
551,Tyranitar,0.73285,794,0.733,555,0.735
552,Roggenrola,0.73193,793,0.732,567,0.751
553,NidoranM,0.73193,793,0.732,550,0.729
554,Seel,0.73193,793,0.732,568,0.753
555,Nidoqueen,0.73193,793,0.732,543,0.720
556,Crabominable,0.73193,793,0.732,540,0.716
557,Koffing,0.73193,793,0.732,559,0.741
558,Sandile,0.73193,793,0.732,554,0.734
559,Typhlosion,0.73193,793,0.732,558,0.739
560,Dewott,0.73193,793,0.732,580,0.769
561,Krokorok,0.73193,793,0.732,548,0.726
562,Mankey,0.73100,792,0.731,556,0.737
563,Rufflet,0.73100,792,0.731,569,0.754
564,Empoleon,0.73100,792,0.731,583,0.773
565,Vanillish,0.73100,792,0.731,543,0.720
566,Electrode,0.73100,792,0.731,572,0.758
567,Cleffa,0.73100,792,0.731,541,0.717
568,Brionne,0.73100,792,0.731,561,0.743
569,Tapu Koko,0.73100,792,0.731,579,0.767
570,Gogoat,0.73100,792,0.731,562,0.745
571,Beartic,0.73100,792,0.731,538,0.713
572,Altaria,0.73008,791,0.730,563,0.746
573,Dusknoir,0.73008,791,0.730,561,0.743
574,Chimecho,0.73008,791,0.730,533,0.706
575,Electrike,0.73008,791,0.730,541,0.717
576,Escavalier,0.73008,791,0.730,551,0.730
577,Blissey,0.73008,791,0.730,531,0.704
578,Omastar,0.72916,790,0.729,543,0.720
579,Whirlipede,0.72916,790,0.729,545,0.722
580,Pinsir,0.72916,790,0.729,545,0.722
581,Vaporeon,0.72916,790,0.729,537,0.712
582,Munna,0.72916,790,0.729,551,0.730
583,Marshtomp,0.72916,790,0.729,568,0.753
584,Zygarde,0.72916,790,0.729,552,0.731
585,Frogadier,0.72824,789,0.728,539,0.714
586,Togepi,0.72824,789,0.728,548,0.726
587,Granbull,0.72824,789,0.728,527,0.698
588,Houndoom,0.72824,789,0.728,530,0.702
589,Magcargo,0.72824,789,0.728,543,0.720
590,Weavile,0.72824,789,0.728,537,0.712
591,Loudred,0.72824,789,0.728,548,0.726
592,Roselia,0.72824,789,0.728,547,0.725
593,Slugma,0.72824,789,0.728,542,0.718
594,Tyrogue,0.72824,789,0.728,526,0.697
595,Dwebble,0.72824,789,0.728,556,0.737
596,Luxray,0.72824,789,0.728,552,0.731
597,Swampert,0.72824,789,0.728,535,0.709
598,Drifblim,0.72731,788,0.727,556,0.737
599,Skiddo,0.72731,788,0.727,533,0.706
600,Hitmonchan,0.72731,788,0.727,563,0.746
601,Claydol,0.72731,788,0.727,559,0.741
602,Torterra,0.72731,788,0.727,552,0.731
603,Charjabug,0.72731,788,0.727,551,0.730
604,Braixen,0.72731,788,0.727,515,0.682
605,Toxicroak,0.72731,788,0.727,542,0.718
606,Pancham,0.72731,788,0.727,536,0.710
607,Mienshao,0.72731,788,0.727,540,0.716
608,Archeops,0.72731,788,0.727,552,0.731
609,Kyogre,0.72731,788,0.727,551,0.730
610,Carbink,0.72639,787,0.726,556,0.737
611,Zangoose,0.72639,787,0.726,561,0.743
612,Azumarill,0.72639,787,0.726,558,0.739
613,Beheeyem,0.72639,787,0.726,550,0.729
614,Mimikyu,0.72639,787,0.726,566,0.750
615,Drifloon,0.72639,787,0.726,521,0.690
616,Karrablast,0.72639,787,0.726,531,0.704
617,Torchic,0.72639,787,0.726,534,0.708
618,Banette,0.72547,786,0.725,552,0.731
619,Spiritomb,0.72547,786,0.725,572,0.758
620,Slowking,0.72547,786,0.725,544,0.721
621,Volcarona,0.72547,786,0.725,563,0.746
622,Mamoswine,0.72547,786,0.725,548,0.726
623,Froakie,0.72547,786,0.725,534,0.708
624,Garchomp,0.72547,786,0.725,558,0.739
625,Hitmontop,0.72547,786,0.725,551,0.730
626,Silvally,0.72454,785,0.725,555,0.735
627,Dhelmise,0.72454,785,0.725,538,0.713
628,Wurmple,0.72454,785,0.725,533,0.706
629,Hippowdon,0.72454,785,0.725,552,0.731
630,Aipom,0.72362,784,0.724,540,0.716
631,Weezing,0.72362,784,0.724,577,0.765
632,Abra,0.72362,784,0.724,529,0.701
633,Chikorita,0.72362,784,0.724,546,0.723
634,Conkeldurr,0.72362,784,0.724,544,0.721
635,Aromatisse,0.72362,784,0.724,534,0.708
636,Vikavolt,0.72270,783,0.723,542,0.718
637,Jynx,0.72270,783,0.723,530,0.702
638,Mismagius,0.72270,783,0.723,561,0.743
639,Salazzle,0.72270,783,0.723,567,0.751
640,Lunatone,0.72270,783,0.723,536,0.710
641,Espurr,0.72178,782,0.722,535,0.709
642,Cobalion,0.72178,782,0.722,561,0.743
643,Duskull,0.72178,782,0.722,557,0.738
644,Palkia,0.72178,782,0.722,551,0.730
645,Comfey,0.72178,782,0.722,574,0.761
646,Shellos,0.72178,782,0.722,524,0.694
647,Chingling,0.72178,782,0.722,531,0.704
648,Excadrill,0.72178,782,0.722,548,0.726
649,Zapdos,0.72178,782,0.722,559,0.741
650,Trapinch,0.72178,782,0.722,532,0.705
651,Pupitar,0.72178,782,0.722,531,0.704
652,Ferroseed,0.72178,782,0.722,555,0.735
653,Swirlix,0.72085,781,0.721,541,0.717
654,Farfetch'd,0.72085,781,0.721,549,0.727
655,Cascoon,0.72085,781,0.721,570,0.755
656,Chinchou,0.72085,781,0.721,542,0.718
657,Gengar,0.72085,781,0.721,572,0.758
658,Ambipom,0.72085,781,0.721,557,0.738
659,Minccino,0.72085,781,0.721,537,0.712
660,Yamask,0.72085,781,0.721,569,0.754
661,Inkay,0.72085,781,0.721,527,0.698
662,Monferno,0.72085,781,0.721,561,0.743
663,Swoobat,0.71993,780,0.720,542,0.718
664,Machamp,0.71993,780,0.720,520,0.689
665,Palossand,0.71993,780,0.720,546,0.723
666,Ninjask,0.71993,780,0.720,549,0.727
667,Combusken,0.71993,780,0.720,550,0.729
668,Lickitung,0.71901,779,0.719,528,0.700
669,Cutiefly,0.71901,779,0.719,545,0.722
670,Snorlax,0.71901,779,0.719,540,0.716
671,Vanilluxe,0.71901,779,0.719,490,0.649
672,Frillish,0.71901,779,0.719,552,0.731
673,Raikou,0.71901,779,0.719,561,0.743
674,Panpour,0.71901,779,0.719,525,0.696
675,Dragonair,0.71901,779,0.719,555,0.735
676,Kommo-o,0.71901,779,0.719,549,0.727
677,Butterfree,0.71808,778,0.718,551,0.730
678,Tympole,0.71808,778,0.718,522,0.692
679,Vigoroth,0.71808,778,0.718,526,0.697
680,Servine,0.71808,778,0.718,530,0.702
681,Fearow,0.71808,778,0.718,555,0.735
682,Duosion,0.71716,777,0.717,531,0.704
683,Hawlucha,0.71716,777,0.717,558,0.739
684,Aerodactyl,0.71716,777,0.717,544,0.721
685,Helioptile,0.71716,777,0.717,544,0.721
686,Popplio,0.71624,776,0.716,548,0.726
687,Remoraid,0.71624,776,0.716,545,0.722
688,Reuniclus,0.71624,776,0.716,544,0.721
689,Snover,0.71624,776,0.716,512,0.678
690,Swalot,0.71624,776,0.716,555,0.735
691,Delibird,0.71624,776,0.716,509,0.674
692,Eevee,0.71531,775,0.715,538,0.713
693,Darmanitan,0.71531,775,0.715,534,0.708
694,Chesnaught,0.71531,775,0.715,527,0.698
695,Seismitoad,0.71531,775,0.715,557,0.738
696,Gastly,0.71531,775,0.715,542,0.718
697,Drapion,0.71531,775,0.715,566,0.750
698,Lotad,0.71531,775,0.715,509,0.674
699,Latias,0.71531,775,0.715,566,0.750
700,Vibrava,0.71531,775,0.715,553,0.733
701,Patrat,0.71531,775,0.715,526,0.697
702,Exploud,0.71439,774,0.714,553,0.733
703,Abomasnow,0.71439,774,0.714,515,0.682
704,Honedge,0.71439,774,0.714,573,0.759
705,Cloyster,0.71439,774,0.714,533,0.706
706,Meganium,0.71439,774,0.714,546,0.723
707,Stoutland,0.71347,773,0.713,522,0.692
708,Pheromosa,0.71347,773,0.713,518,0.686
709,Heatran,0.71347,773,0.713,559,0.741
710,Lampent,0.71347,773,0.713,534,0.708
711,Shieldon,0.71347,773,0.713,578,0.766
712,Forretress,0.71347,773,0.713,583,0.773
713,Dartrix,0.71255,772,0.713,529,0.701
714,Bunnelby,0.71255,772,0.713,517,0.685
715,Type: Null,0.71255,772,0.713,535,0.709
716,Dialga,0.71255,772,0.713,540,0.716
717,Heracross,0.71255,772,0.713,541,0.717
718,Magmortar,0.71255,772,0.713,519,0.688
719,Growlithe,0.71255,772,0.713,548,0.726
720,Tentacool,0.71255,772,0.713,522,0.692
721,Slowbro,0.71162,771,0.712,541,0.717
722,Starmie,0.71162,771,0.712,543,0.720
723,Baltoy,0.71162,771,0.712,544,0.721
724,Joltik,0.71162,771,0.712,549,0.727
725,Whimsicott,0.71162,771,0.712,540,0.716
726,Ariados,0.71162,771,0.712,535,0.709
727,Relicanth,0.71162,771,0.712,538,0.713
728,Swinub,0.71162,771,0.712,514,0.681
729,Murkrow,0.71162,771,0.712,544,0.721
730,Eelektrik,0.71070,770,0.711,537,0.712
731,Wishiwashi,0.71070,770,0.711,533,0.706
732,Pignite,0.71070,770,0.711,564,0.747
733,Probopass,0.71070,770,0.711,542,0.718
734,Litleo,0.71070,770,0.711,538,0.713
735,Darkrai,0.71070,770,0.711,538,0.713
736,Bounsweet,0.70978,769,0.710,511,0.677
737,Ducklett,0.70978,769,0.710,502,0.665
738,Feraligatr,0.70978,769,0.710,557,0.738
739,Flygon,0.70978,769,0.710,526,0.697
740,Lanturn,0.70978,769,0.710,547,0.725
741,Mightyena,0.70885,768,0.709,549,0.727
742,Riolu,0.70793,767,0.708,507,0.672
743,Dusclops,0.70793,767,0.708,562,0.745
744,Manaphy,0.70793,767,0.708,540,0.716
745,Gardevoir,0.70701,766,0.707,549,0.727
746,Seedot,0.70701,766,0.707,528,0.700
747,Ponyta,0.70701,766,0.707,544,0.721
748,Tsareena,0.70701,766,0.707,529,0.701
749,Noctowl,0.70701,766,0.707,526,0.697
750,Teddiursa,0.70516,764,0.705,505,0.669
751,Magneton,0.70516,764,0.705,581,0.770
752,Mothim,0.70424,763,0.704,510,0.676
753,Miltank,0.70424,763,0.704,537,0.712
754,Kabuto,0.70332,762,0.703,522,0.692
755,Marshadow,0.70332,762,0.703,550,0.729
756,Elekid,0.70239,761,0.702,545,0.722
757,Dunsparce,0.70239,761,0.702,540,0.716
758,Fletchinder,0.70147,760,0.701,527,0.698
759,Oricorio,0.70055,759,0.701,536,0.710
760,Seaking,0.70055,759,0.701,516,0.684
761,Grovyle,0.70055,759,0.701,518,0.686
762,Skiploom,0.69962,758,0.700,507,0.672
763,Woobat,0.69962,758,0.700,539,0.714
764,Krookodile,0.69685,755,0.697,510,0.676
765,Natu,0.69593,754,0.696,543,0.720
766,Florges,0.69224,750,0.692,495,0.656
767,Parasect,0.69132,749,0.691,515,0.682
768,Bewear,0.68762,745,0.688,528,0.700
769,Minior,0.68762,745,0.688,533,0.706
770,Vanillite,0.68762,745,0.688,488,0.647
771,Salamence,0.68670,744,0.687,511,0.677
772,Mr. Mime,0.68578,743,0.686,531,0.704
773,Emolga,0.68486,742,0.685,534,0.708
774,Eelektross,0.68301,740,0.683,538,0.713
775,Unown,0.68301,740,0.683,525,0.696
776,Shedinja,0.68301,740,0.683,465,0.616
777,Kricketune,0.66916,725,0.669,513,0.680
778,Castform,0.66640,722,0.666,520,0.689
779,Exeggutor,0.41350,448,0.413,303,0.401
780,Graveler-Alola,0.41073,445,0.411,309,0.409
781,Ninetales,0.40334,437,0.403,297,0.394
782,Sandslash-Alola,0.39965,433,0.400,310,0.411
783,Vulpix,0.39688,430,0.397,290,0.384
784,Diglett-Alola,0.39319,426,0.393,300,0.398
785,Lycanroc-Midnight,0.38858,421,0.389,293,0.388
786,Greninja,0.38858,421,0.389,298,0.395
787,Rattata,0.38673,419,0.387,298,0.395
788,Persian,0.38489,417,0.385,282,0.374
789,Marowak-Alola,0.38396,416,0.384,302,0.400
790,Sandshrew,0.38304,415,0.383,290,0.384
791,Lycanroc,0.38212,414,0.382,290,0.384
792,Raichu-Alola,0.38212,414,0.382,294,0.390
793,Exeggutor-Alola,0.38119,413,0.381,275,0.364
794,Raichu,0.38027,412,0.380,288,0.382
795,Muk-Alola,0.38027,412,0.380,277,0.367
796,Meowth,0.37658,408,0.377,273,0.362
797,Golem,0.37566,407,0.376,288,0.382
798,Vulpix-Alola,0.37381,405,0.374,282,0.374
799,Rattata-Alola,0.37381,405,0.374,289,0.383
800,Marowak,0.37381,405,0.374,291,0.386
801,Grimer-Alola,0.37104,402,0.371,295,0.391
802,Golem-Alola,0.37012,401,0.370,289,0.383
803,Diglett,0.37012,401,0.370,272,0.360
804,Greninja-Ash,0.36827,399,0.368,296,0.392
805,Graveler,0.36827,399,0.368,270,0.358
806,Floette,0.36735,398,0.367,271,0.359
807,Meowth-Alola,0.36643,397,0.366,265,0.351
808,Dugtrio,0.36643,397,0.366,267,0.354
809,Sandslash,0.36458,395,0.365,268,0.355
810,Raticate,0.36366,394,0.364,280,0.371
811,Persian-Alola,0.36181,392,0.362,262,0.347
812,Geodude,0.35996,390,0.360,265,0.351
813,Dugtrio-Alola,0.35812,388,0.358,280,0.371
814,Sandshrew-Alola,0.35720,387,0.357,263,0.348
815,Muk,0.35627,386,0.356,265,0.351
816,Floette-Eternal,0.35073,380,0.351,262,0.347
817,Ninetales-Alola,0.35073,380,0.351,266,0.352
818,Raticate-Alola,0.34797,377,0.348,253,0.335
819,Grimer,0.34704,376,0.347,266,0.352
820,Geodude-Alola,0.32858,356,0.329,255,0.338
821,Kyurem-White,0.27043,293,0.270,201,0.266
822,Kyurem,0.26767,290,0.268,200,0.265
823,Wormadam-Sandy,0.25659,278,0.257,190,0.252
824,Wormadam-Trash,0.25474,276,0.255,194,0.257
825,Kyurem-Black,0.25382,275,0.254,203,0.269
826,Wormadam,0.24551,266,0.246,170,0.225
827,Rotom-Mow,0.14306,155,0.143,105,0.139
828,Rotom-Wash,0.13568,147,0.136,103,0.136
829,Rotom-Fan,0.12830,139,0.128,103,0.136
830,Rotom,0.12553,136,0.126,97,0.129
831,Rotom-Frost,0.12276,133,0.123,95,0.126
832,Rotom-Heat,0.11537,125,0.115,96,0.127
833,Mewtwo-Mega-X,0.00554,6,0.006,5,0.007
834,Sceptile-Mega,0.00554,6,0.006,5,0.007
835,Audino-Mega,0.00554,6,0.006,2,0.003
836,Sharpedo-Mega,0.00461,5,0.005,3,0.004
837,Lopunny-Mega,0.00461,5,0.005,2,0.003
838,Medicham-Mega,0.00461,5,0.005,5,0.007
839,Slowbro-Mega,0.00461,5,0.005,3,0.004
840,Beedrill-Mega,0.00369,4,0.004,2,0.003
841,Scizor-Mega,0.00369,4,0.004,3,0.004
842,Banette-Mega,0.00369,4,0.004,3,0.004
843,Sableye-Mega,0.00369,4,0.004,3,0.004
844,Metagross-Mega,0.00369,4,0.004,3,0.004
845,Kyogre-Primal,0.00369,4,0.004,3,0.004
846,Lucario-Mega,0.00369,4,0.004,3,0.004
847,Aggron-Mega,0.00277,3,0.003,2,0.003
848,Charizard-Mega-Y,0.00277,3,0.003,3,0.004
849,Latios-Mega,0.00277,3,0.003,3,0.004
850,Diancie-Mega,0.00277,3,0.003,3,0.004
851,Blaziken-Mega,0.00277,3,0.003,2,0.003
852,Garchomp-Mega,0.00277,3,0.003,3,0.004
853,Abomasnow-Mega,0.00277,3,0.003,1,0.001
854,Latias-Mega,0.00277,3,0.003,3,0.004
855,Pidgeot-Mega,0.00277,3,0.003,2,0.003
856,Gyarados-Mega,0.00277,3,0.003,2,0.003
857,Steelix-Mega,0.00277,3,0.003,3,0.004
858,Aerodactyl-Mega,0.00277,3,0.003,2,0.003
859,Glalie-Mega,0.00277,3,0.003,3,0.004
860,Mewtwo-Mega-Y,0.00277,3,0.003,2,0.003
861,Salamence-Mega,0.00277,3,0.003,3,0.004
862,Tyranitar-Mega,0.00185,2,0.002,1,0.001
863,Houndoom-Mega,0.00185,2,0.002,1,0.001
864,Heracross-Mega,0.00185,2,0.002,2,0.003
865,Alakazam-Mega,0.00185,2,0.002,2,0.003
866,Gardevoir-Mega,0.00185,2,0.002,1,0.001
867,Blastoise-Mega,0.00185,2,0.002,2,0.003
868,Kangaskhan-Mega,0.00185,2,0.002,1,0.001
869,Gallade-Mega,0.00185,2,0.002,2,0.003
870,Ampharos-Mega,0.00185,2,0.002,1,0.001
871,Charizard-Mega-X,0.00092,1,0.001,1,0.001
872,Gengar-Mega,0.00092,1,0.001,1,0.001
873,Swampert-Mega,0.00092,1,0.001,0,0.000
874,Absol-Mega,0.00092,1,0.001,1,0.001
875,Manectric-Mega,0.00092,1,0.001,0,0.000
876,Pinsir-Mega,0.00092,1,0.001,1,0.001
877,Camerupt-Mega,0.00092,1,0.001,1,0.001
878,Rayquaza-Mega,0.00092,1,0.001,1,0.001
879,Venusaur-Mega,0.00092,1,0.001,1,0.001
