 Total battles: 7957
 Avg. weight/team: 1.0
Rank,Pokemon,Usage percentage,Raw,Raw percentage,Real,Real percentage
1,Crucibelle-Mega,29.14415,4638,29.144,3179,28.468
2,Colossoil,25.70064,4090,25.701,2954,26.453
3,Aurumoth,24.15483,3844,24.155,2307,20.659
4,Cawmodore,23.93490,3809,23.935,2805,25.119
5,Tomohawk,21.18261,3371,21.183,2428,21.743
6,Cyclohm,17.94646,2856,17.946,1958,17.534
7,Syclant,16.67086,2653,16.671,1751,15.680
8,Volkraken,15.87282,2526,15.873,1744,15.618
9,Stratagem,15.68430,2496,15.684,1838,16.459
10,Kerfluffle,15.28843,2433,15.288,1673,14.982
11,Plasmanta,14.02539,2232,14.025,1514,13.558
12,Pyroak,14.00025,2228,14.000,1590,14.239
13,Malaconda,12.36019,1967,12.360,1271,11.382
14,Kitsunoh,12.16539,1936,12.165,1436,12.860
15,Naviathan,10.33681,1645,10.337,1134,10.155
16,Revenankh,10.31796,1642,10.318,1111,9.949
17,Necturna,10.31168,1641,10.312,1190,10.657
18,Mollux,10.07918,1604,10.079,1125,10.074
19,Fidgit,9.41938,1499,9.419,1254,11.230
20,Greninja-Ash,8.77843,1397,8.778,1081,9.680
21,Krilowatt,8.30087,1321,8.301,940,8.418
22,Metagross-Mega,7.96154,1267,7.962,916,8.203
23,Arghonaut,7.47769,1190,7.478,818,7.325
24,Voodoom,7.34573,1169,7.346,817,7.316
25,Charizard-Mega-X,6.54141,1041,6.541,762,6.824
26,Tapu Lele,5.48574,873,5.486,614,5.498
27,Landorus-Therian,4.95790,789,4.958,651,5.830
28,Ferrothorn,4.29182,683,4.292,526,4.710
29,Pheromosa,4.24783,676,4.248,487,4.361
30,Tapu Koko,4.09702,652,4.097,478,4.281
31,Mimikyu,4.04675,644,4.047,431,3.860
32,Celesteela,3.86452,615,3.865,461,4.128
33,Scizor-Mega,3.84567,612,3.846,441,3.949
34,Tapu Fini,3.62574,577,3.626,383,3.430
35,Garchomp,3.50006,557,3.500,410,3.672
36,Greninja,3.16702,504,3.167,396,3.546
37,Dragonite,3.12932,498,3.129,342,3.063
38,Charizard-Mega-Y,3.05391,486,3.054,365,3.269
39,Marowak-Alola,2.99736,477,2.997,361,3.233
40,Chansey,2.67689,426,2.677,323,2.892
41,Tapu Bulu,2.64547,421,2.645,275,2.463
42,Crucibelle,2.63290,419,2.633,303,2.713
43,Alakazam-Mega,2.60777,415,2.608,304,2.722
44,Magearna,2.57006,409,2.570,308,2.758
45,Kartana,2.56378,408,2.564,260,2.328
46,Dugtrio,2.51351,400,2.514,282,2.525
47,Pinsir-Mega,2.46952,393,2.470,264,2.364
48,Toxapex,2.36270,376,2.363,264,2.364
49,Salamence,2.32500,370,2.325,249,2.230
50,Volcarona,2.30615,367,2.306,226,2.024
51,Tyranitar,2.27473,362,2.275,270,2.418
52,Pikachu,2.16790,345,2.168,270,2.418
53,Latios,2.08621,332,2.086,220,1.970
54,Gengar,2.07365,330,2.074,225,2.015
55,Skarmory,2.01081,320,2.011,251,2.248
56,Excadrill,2.00452,319,2.005,242,2.167
57,Heatran,1.99824,318,1.998,231,2.069
58,Lucario,1.92912,307,1.929,215,1.925
59,Slowbro-Mega,1.89770,302,1.898,232,2.078
60,Hoopa-Unbound,1.87257,298,1.873,217,1.943
61,Gyarados,1.86000,296,1.860,204,1.827
62,Rotom-Wash,1.69662,270,1.697,209,1.872
63,Zygarde,1.69662,270,1.697,214,1.916
64,Gyarados-Mega,1.65892,264,1.659,177,1.585
65,Venusaur-Mega,1.65263,263,1.653,174,1.558
66,Decidueye,1.64007,261,1.640,189,1.693
67,Snorlax,1.53324,244,1.533,193,1.728
68,Pelipper,1.50182,239,1.502,201,1.800
69,Sceptile,1.38871,221,1.389,167,1.496
70,Talonflame,1.38871,221,1.389,166,1.487
71,Galvantula,1.37615,219,1.376,197,1.764
72,Magnezone,1.35730,216,1.357,142,1.272
73,Weavile,1.35101,215,1.351,150,1.343
74,Sableye-Mega,1.34473,214,1.345,169,1.513
75,Muk-Alola,1.30074,207,1.301,159,1.424
76,Sylveon,1.29446,206,1.294,128,1.146
77,Hawlucha,1.25676,200,1.257,153,1.370
78,Gliscor,1.21905,194,1.219,139,1.245
79,Zapdos,1.21905,194,1.219,131,1.173
80,Raichu-Alola,1.14993,183,1.150,131,1.173
81,Incineroar,1.14365,182,1.144,128,1.146
82,Goodra,1.09966,175,1.100,129,1.155
83,Gardevoir,1.09966,175,1.100,135,1.209
84,Jolteon,1.09338,174,1.093,144,1.290
85,Thundurus-Therian,1.08709,173,1.087,110,0.985
86,Kyurem-Black,1.06196,169,1.062,125,1.119
87,Infernape,1.05567,168,1.056,118,1.057
88,Staraptor,1.01169,161,1.012,115,1.030
89,Manaphy,0.99284,158,0.993,115,1.030
90,Xurkitree,0.97399,155,0.974,98,0.878
91,Arcanine,0.97399,155,0.974,122,1.093
92,Clefable,0.96770,154,0.968,101,0.904
93,Scolipede,0.93000,148,0.930,126,1.128
94,Keldeo,0.91115,145,0.911,102,0.913
95,Blastoise-Mega,0.89858,143,0.899,108,0.967
96,Serperior,0.89858,143,0.899,89,0.797
97,Mamoswine,0.88601,141,0.886,108,0.967
98,Noivern,0.87973,140,0.880,108,0.967
99,Volcanion,0.86088,137,0.861,96,0.860
100,Venusaur,0.84831,135,0.848,94,0.842
101,Buzzwole,0.84831,135,0.848,84,0.752
102,Tornadus-Therian,0.84831,135,0.848,110,0.985
103,Aggron,0.84203,134,0.842,96,0.860
104,Primarina,0.82946,132,0.829,102,0.913
105,Garchomp-Mega,0.82317,131,0.823,93,0.833
106,Lapras,0.82317,131,0.823,100,0.896
107,Togekiss,0.80432,128,0.804,83,0.743
108,Porygon-Z,0.80432,128,0.804,80,0.716
109,Mew,0.79176,126,0.792,92,0.824
110,Blastoise,0.78547,125,0.785,92,0.824
111,Araquanid,0.77919,124,0.779,95,0.851
112,Charizard,0.77290,123,0.773,94,0.842
113,Electivire,0.74777,119,0.748,87,0.779
114,Victini,0.73520,117,0.735,81,0.725
115,Umbreon,0.72892,116,0.729,71,0.636
116,Crobat,0.72263,115,0.723,76,0.681
117,Gigalith,0.72263,115,0.723,93,0.833
118,Krookodile,0.71635,114,0.716,84,0.752
119,Ninetales-Alola,0.71007,113,0.710,89,0.797
120,Espeon,0.69750,111,0.697,79,0.707
121,Salazzle,0.69122,110,0.691,73,0.654
122,Golisopod,0.68493,109,0.685,75,0.672
123,Aerodactyl-Mega,0.67865,108,0.679,69,0.618
124,Haxorus,0.66608,106,0.666,63,0.564
125,Scizor,0.65980,105,0.660,82,0.734
126,Ditto,0.65351,104,0.654,81,0.725
127,Slowking,0.65351,104,0.654,82,0.734
128,Golem-Alola,0.64723,103,0.647,71,0.636
129,Vikavolt,0.62838,100,0.628,66,0.591
130,Chesnaught,0.60953,97,0.610,70,0.627
131,Swampert,0.60953,97,0.610,78,0.698
132,Torkoal,0.59067,94,0.591,73,0.654
133,Nidoking,0.58439,93,0.584,70,0.627
134,Shuckle,0.57811,92,0.578,68,0.609
135,Alakazam,0.57182,91,0.572,53,0.475
136,Gastrodon,0.57182,91,0.572,77,0.690
137,Kingdra,0.57182,91,0.572,63,0.564
138,Azumarill,0.56554,90,0.566,65,0.582
139,Roserade,0.55926,89,0.559,52,0.466
140,Amoonguss,0.54669,87,0.547,66,0.591
141,Metagross,0.54669,87,0.547,62,0.555
142,Jirachi,0.54040,86,0.540,63,0.564
143,Tangrowth,0.52155,83,0.522,58,0.519
144,Blissey,0.52155,83,0.522,66,0.591
145,Starmie,0.50899,81,0.509,57,0.510
146,Gallade,0.50899,81,0.509,53,0.475
147,Raichu,0.50899,81,0.509,65,0.582
148,Delphox,0.50270,80,0.503,69,0.618
149,Articuno,0.49642,79,0.496,56,0.501
150,Terrakion,0.49013,78,0.490,56,0.501
151,Sharpedo-Mega,0.48385,77,0.484,54,0.484
152,Wishiwashi,0.48385,77,0.484,52,0.466
153,Vaporeon,0.47757,76,0.478,47,0.421
154,Klefki,0.47128,75,0.471,70,0.627
155,Nihilego,0.47128,75,0.471,61,0.546
156,Pyukumuku,0.46500,74,0.465,62,0.555
157,Chandelure,0.46500,74,0.465,49,0.439
158,Typhlosion,0.45872,73,0.459,49,0.439
159,Machamp,0.45243,72,0.452,52,0.466
160,Mantine,0.44615,71,0.446,46,0.412
161,Ampharos,0.42730,68,0.427,40,0.358
162,Latias,0.42730,68,0.427,46,0.412
163,Ninetales,0.42101,67,0.421,48,0.430
164,Hydreigon,0.42101,67,0.421,51,0.457
165,Tsareena,0.42101,67,0.421,45,0.403
166,Minior,0.42101,67,0.421,48,0.430
167,Breloom,0.41473,66,0.415,49,0.439
168,Zoroark,0.41473,66,0.415,35,0.313
169,Suicune,0.41473,66,0.415,43,0.385
170,Houndoom,0.40845,65,0.408,47,0.421
171,Torterra,0.40845,65,0.408,55,0.493
172,Glaceon,0.40216,64,0.402,53,0.475
173,Reuniclus,0.39588,63,0.396,43,0.385
174,Lycanroc,0.39588,63,0.396,49,0.439
175,Eelektross,0.38959,62,0.390,44,0.394
176,Toucannon,0.38331,61,0.383,36,0.322
177,Politoed,0.37703,60,0.377,46,0.412
178,Milotic,0.37074,59,0.371,45,0.403
179,Toxicroak,0.37074,59,0.371,42,0.376
180,Luxray,0.37074,59,0.371,49,0.439
181,Diggersby,0.37074,59,0.371,46,0.412
182,Raikou,0.36446,58,0.364,38,0.340
183,Crabominable,0.35818,57,0.358,37,0.331
184,Froslass,0.35818,57,0.358,43,0.385
185,Tyrantrum,0.35818,57,0.358,33,0.296
186,Exeggutor-Alola,0.35189,56,0.352,44,0.394
187,Darmanitan,0.34561,55,0.346,35,0.313
188,Bisharp,0.34561,55,0.346,36,0.322
189,Dhelmise,0.34561,55,0.346,37,0.331
190,Durant,0.33304,53,0.333,36,0.322
191,Aerodactyl,0.33304,53,0.333,43,0.385
192,Porygon2,0.33304,53,0.333,38,0.340
193,Abomasnow,0.33304,53,0.333,43,0.385
194,Feraligatr,0.32676,52,0.327,39,0.349
195,Cresselia,0.32047,51,0.320,39,0.349
196,Moltres,0.32047,51,0.320,42,0.376
197,Slowbro,0.31419,50,0.314,30,0.269
198,Seismitoad,0.31419,50,0.314,43,0.385
199,Zygarde-10,0.31419,50,0.314,32,0.287
200,Kommo-o,0.30790,49,0.308,36,0.322
201,Ninjask,0.30162,48,0.302,47,0.421
202,Pidgeot,0.30162,48,0.302,30,0.269
203,Rhydon,0.29534,47,0.295,31,0.278
204,Bronzong,0.29534,47,0.295,41,0.367
205,Meowstic,0.28905,46,0.289,41,0.367
206,Lycanroc-Midnight,0.28905,46,0.289,37,0.331
207,Smeargle,0.28905,46,0.289,40,0.358
208,Conkeldurr,0.28905,46,0.289,30,0.269
209,Escavalier,0.28905,46,0.289,31,0.278
210,Bewear,0.28277,45,0.283,31,0.278
211,Honchkrow,0.28277,45,0.283,30,0.269
212,Palossand,0.28277,45,0.283,29,0.260
213,Entei,0.27649,44,0.276,32,0.287
214,Mismagius,0.27020,43,0.270,26,0.233
215,Flygon,0.27020,43,0.270,35,0.313
216,Empoleon,0.26392,42,0.264,25,0.224
217,Alomomola,0.26392,42,0.264,35,0.313
218,Regigigas,0.26392,42,0.264,30,0.269
219,Braviary,0.26392,42,0.264,29,0.260
220,Nidoqueen,0.25763,41,0.258,35,0.313
221,Quagsire,0.25763,41,0.258,28,0.251
222,Ludicolo,0.25763,41,0.258,30,0.269
223,Mudsdale,0.25135,40,0.251,30,0.269
224,Absol-Mega,0.25135,40,0.251,28,0.251
225,Heracross,0.25135,40,0.251,30,0.269
226,Cloyster,0.25135,40,0.251,29,0.260
227,Shedinja,0.25135,40,0.251,27,0.242
228,Kabutops,0.24507,39,0.245,32,0.287
229,Steelix,0.24507,39,0.245,33,0.296
230,Braixen,0.23878,38,0.239,23,0.206
231,Leafeon,0.23878,38,0.239,26,0.233
232,Barbaracle,0.23878,38,0.239,29,0.260
233,Floatzel,0.23250,37,0.232,23,0.206
234,Clawitzer,0.23250,37,0.232,23,0.206
235,Kyurem,0.22622,36,0.226,28,0.251
236,Florges,0.22622,36,0.226,24,0.215
237,Rotom-Heat,0.22622,36,0.226,26,0.233
238,Emboar,0.22622,36,0.226,29,0.260
239,Vileplume,0.22622,36,0.226,27,0.242
240,Cinccino,0.22622,36,0.226,21,0.188
241,Heliolisk,0.21993,35,0.220,32,0.287
242,Magmortar,0.21993,35,0.220,24,0.215
243,Tentacruel,0.21365,34,0.214,22,0.197
244,Rhyperior,0.21365,34,0.214,24,0.215
245,Golem,0.21365,34,0.214,22,0.197
246,Glalie-Mega,0.21365,34,0.214,25,0.224
247,Poliwrath,0.20736,33,0.207,25,0.224
248,Tornadus,0.20736,33,0.207,22,0.197
249,Registeel,0.20736,33,0.207,20,0.179
250,Thundurus,0.20736,33,0.207,21,0.188
251,Flareon,0.20108,32,0.201,22,0.197
252,Archeops,0.20108,32,0.201,23,0.206
253,Donphan,0.20108,32,0.201,26,0.233
254,Omastar,0.19480,31,0.195,21,0.188
255,Dragalge,0.18851,30,0.189,19,0.170
256,Trevenant,0.18851,30,0.189,16,0.143
257,Ambipom,0.18851,30,0.189,30,0.269
258,Pangoro,0.18851,30,0.189,21,0.188
259,Avalugg,0.18851,30,0.189,14,0.125
260,Wailord,0.18851,30,0.189,17,0.152
261,Accelgor,0.18851,30,0.189,23,0.206
262,Cofagrigus,0.18223,29,0.182,22,0.197
263,Camerupt,0.18223,29,0.182,21,0.188
264,Quilava,0.17595,28,0.176,18,0.161
265,Dusclops,0.17595,28,0.176,21,0.188
266,Meganium,0.17595,28,0.176,19,0.170
267,Regice,0.17595,28,0.176,11,0.099
268,Pyroar,0.16966,27,0.170,22,0.197
269,Exploud,0.16966,27,0.170,11,0.099
270,Virizion,0.16966,27,0.170,18,0.161
271,Exeggutor,0.16338,26,0.163,20,0.179
272,Mandibuzz,0.16338,26,0.163,19,0.170
273,Hippowdon,0.16338,26,0.163,23,0.206
274,Hoopa,0.16338,26,0.163,21,0.188
275,Druddigon,0.15709,25,0.157,17,0.152
276,Sandslash-Alola,0.15709,25,0.157,21,0.188
277,Rattata,0.15709,25,0.157,21,0.188
278,Lopunny,0.15709,25,0.157,15,0.134
279,Beedrill,0.15709,25,0.157,19,0.170
280,Drapion,0.15709,25,0.157,15,0.134
281,Swellow,0.15081,24,0.151,14,0.125
282,Lurantis,0.15081,24,0.151,15,0.134
283,Necrozma,0.15081,24,0.151,18,0.161
284,Persian-Alola,0.15081,24,0.151,18,0.161
285,Diancie,0.15081,24,0.151,18,0.161
286,Forretress,0.15081,24,0.151,21,0.188
287,Leavanny,0.14453,23,0.145,20,0.179
288,Bulbasaur,0.14453,23,0.145,16,0.143
289,Golurk,0.14453,23,0.145,16,0.143
290,Jellicent,0.14453,23,0.145,12,0.107
291,Silvally-Grass,0.14453,23,0.145,22,0.197
292,Eevee,0.13824,22,0.138,18,0.161
293,Regirock,0.13824,22,0.138,11,0.099
294,Slaking,0.13824,22,0.138,14,0.125
295,Guzzlord,0.13196,21,0.132,13,0.116
296,Carracosta,0.12568,20,0.126,16,0.143
297,Meloetta,0.12568,20,0.126,11,0.099
298,Kecleon,0.12568,20,0.126,15,0.134
299,Granbull,0.12568,20,0.126,15,0.134
300,Haunter,0.12568,20,0.126,18,0.161
301,Malamar,0.12568,20,0.126,16,0.143
302,Samurott,0.12568,20,0.126,14,0.125
303,Ariados,0.11939,19,0.119,17,0.152
304,Golduck,0.11939,19,0.119,14,0.125
305,Kingler,0.11939,19,0.119,14,0.125
306,Miltank,0.11939,19,0.119,15,0.134
307,Butterfree,0.11311,18,0.113,18,0.161
308,Crawdaunt,0.11311,18,0.113,12,0.107
309,Dartrix,0.11311,18,0.113,7,0.063
310,Spiritomb,0.11311,18,0.113,14,0.125
311,Togedemaru,0.11311,18,0.113,10,0.090
312,Doublade,0.11311,18,0.113,9,0.081
313,Tauros,0.11311,18,0.113,14,0.125
314,Sawk,0.11311,18,0.113,16,0.143
315,Croconaw,0.11311,18,0.113,10,0.090
316,Lanturn,0.11311,18,0.113,15,0.134
317,Shiftry,0.11311,18,0.113,13,0.116
318,Lombre,0.10682,17,0.107,10,0.090
319,Absol,0.10682,17,0.107,12,0.107
320,Turtonator,0.10682,17,0.107,11,0.099
321,Weezing,0.10682,17,0.107,15,0.134
322,Aron,0.10682,17,0.107,13,0.116
323,Mawile,0.10682,17,0.107,13,0.116
324,Ursaring,0.10682,17,0.107,12,0.107
325,Celebi,0.10054,16,0.101,10,0.090
326,Rotom-Mow,0.10054,16,0.101,15,0.134
327,Hitmonchan,0.10054,16,0.101,8,0.072
328,Oricorio-Pom-Pom,0.10054,16,0.101,15,0.134
329,Azelf,0.10054,16,0.101,14,0.125
330,Charmeleon,0.09426,15,0.094,11,0.099
331,Armaldo,0.09426,15,0.094,13,0.116
332,Torracat,0.08797,14,0.088,9,0.081
333,Swoobat,0.08797,14,0.088,6,0.054
334,Zangoose,0.08797,14,0.088,9,0.081
335,Oranguru,0.08797,14,0.088,9,0.081
336,Magikarp,0.08797,14,0.088,11,0.099
337,Xatu,0.08797,14,0.088,11,0.099
338,Primeape,0.08797,14,0.088,9,0.081
339,Rampardos,0.08797,14,0.088,10,0.090
340,Marowak,0.08797,14,0.088,11,0.099
341,Sharpedo,0.08169,13,0.082,11,0.099
342,Drampa,0.08169,13,0.082,11,0.099
343,Altaria,0.08169,13,0.082,5,0.045
344,Yanmega,0.08169,13,0.082,9,0.081
345,Hypno,0.08169,13,0.082,10,0.090
346,Sableye,0.08169,13,0.082,10,0.090
347,Rapidash,0.08169,13,0.082,7,0.063
348,Dodrio,0.07541,12,0.075,7,0.063
349,Electrode,0.07541,12,0.075,9,0.081
350,Corphish,0.07541,12,0.075,7,0.063
351,Pignite,0.07541,12,0.075,8,0.072
352,Pichu,0.07541,12,0.075,11,0.099
353,Dugtrio-Alola,0.07541,12,0.075,6,0.054
354,Hitmonlee,0.07541,12,0.075,9,0.081
355,Komala,0.07541,12,0.075,7,0.063
356,Noctowl,0.07541,12,0.075,9,0.081
357,Geodude,0.07541,12,0.075,10,0.090
358,Rattata-Alola,0.07541,12,0.075,10,0.090
359,Klinklang,0.07541,12,0.075,9,0.081
360,Charmander,0.07541,12,0.075,8,0.072
361,Scrafty,0.07541,12,0.075,10,0.090
362,Buizel,0.07541,12,0.075,7,0.063
363,Stunfisk,0.07541,12,0.075,10,0.090
364,Bruxish,0.07541,12,0.075,9,0.081
365,Oricorio,0.06912,11,0.069,6,0.054
366,Victreebel,0.06912,11,0.069,10,0.090
367,Claydol,0.06912,11,0.069,9,0.081
368,Liepard,0.06912,11,0.069,10,0.090
369,Kangaskhan,0.06912,11,0.069,7,0.063
370,Tropius,0.06912,11,0.069,9,0.081
371,Dusknoir,0.06912,11,0.069,6,0.054
372,Shiinotic,0.06912,11,0.069,6,0.054
373,Rotom-Fan,0.06912,11,0.069,9,0.081
374,Comfey,0.06912,11,0.069,9,0.081
375,Gothitelle,0.06912,11,0.069,6,0.054
376,Squirtle,0.06912,11,0.069,7,0.063
377,Mienshao,0.06912,11,0.069,8,0.072
378,Grovyle,0.06912,11,0.069,5,0.045
379,Raticate,0.06284,10,0.063,8,0.072
380,Walrein,0.06284,10,0.063,6,0.054
381,Unfezant,0.06284,10,0.063,7,0.063
382,Beheeyem,0.06284,10,0.063,9,0.081
383,Gorebyss,0.06284,10,0.063,7,0.063
384,Beartic,0.06284,10,0.063,10,0.090
385,Mr. Mime,0.06284,10,0.063,10,0.090
386,Cradily,0.06284,10,0.063,9,0.081
387,Diglett-Alola,0.05655,9,0.057,6,0.054
388,Bayleef,0.05655,9,0.057,8,0.072
389,Wartortle,0.05655,9,0.057,4,0.036
390,Wigglytuff,0.05655,9,0.057,3,0.027
391,Chimecho,0.05655,9,0.057,6,0.054
392,Manectric,0.05655,9,0.057,6,0.054
393,Silvally-Electric,0.05655,9,0.057,2,0.018
394,Dunsparce,0.05655,9,0.057,8,0.072
395,Uxie,0.05655,9,0.057,7,0.063
396,Dewott,0.05655,9,0.057,7,0.063
397,Monferno,0.05655,9,0.057,6,0.054
398,Ribombee,0.05655,9,0.057,4,0.036
399,Muk,0.05655,9,0.057,8,0.072
400,Wobbuffet,0.05027,8,0.050,8,0.072
401,Rotom,0.05027,8,0.050,6,0.054
402,Swanna,0.05027,8,0.050,6,0.054
403,Electabuzz,0.05027,8,0.050,8,0.072
404,Pachirisu,0.05027,8,0.050,6,0.054
405,Type: Null,0.05027,8,0.050,6,0.054
406,Watchog,0.05027,8,0.050,7,0.063
407,Bastiodon,0.05027,8,0.050,3,0.027
408,Medicham,0.05027,8,0.050,6,0.054
409,Silvally,0.05027,8,0.050,7,0.063
410,Cyndaquil,0.05027,8,0.050,6,0.054
411,Aurorus,0.05027,8,0.050,5,0.045
412,Pineco,0.05027,8,0.050,6,0.054
413,Marshtomp,0.05027,8,0.050,5,0.045
414,Servine,0.05027,8,0.050,7,0.063
415,Raticate-Alola,0.05027,8,0.050,6,0.054
416,Chespin,0.05027,8,0.050,5,0.045
417,Gogoat,0.05027,8,0.050,4,0.036
418,Garbodor,0.05027,8,0.050,4,0.036
419,Rowlet,0.05027,8,0.050,7,0.063
420,Castform,0.05027,8,0.050,4,0.036
421,Fearow,0.05027,8,0.050,6,0.054
422,Gourgeist-Super,0.05027,8,0.050,7,0.063
423,Fletchinder,0.04399,7,0.044,3,0.027
424,Togepi,0.04399,7,0.044,7,0.063
425,Sigilyph,0.04399,7,0.044,3,0.027
426,Vivillon,0.04399,7,0.044,5,0.045
427,Basculin,0.04399,7,0.044,7,0.063
428,Togetic,0.04399,7,0.044,5,0.045
429,Rotom-Frost,0.04399,7,0.044,6,0.054
430,Cacturne,0.04399,7,0.044,6,0.054
431,Heatmor,0.04399,7,0.044,4,0.036
432,Plusle,0.04399,7,0.044,6,0.054
433,Riolu,0.04399,7,0.044,7,0.063
434,Banette,0.04399,7,0.044,6,0.054
435,Persian,0.04399,7,0.044,5,0.045
436,Frogadier,0.03770,6,0.038,6,0.054
437,Zebstrika,0.03770,6,0.038,6,0.054
438,Treecko,0.03770,6,0.038,6,0.054
439,Sandslash,0.03770,6,0.038,5,0.045
440,Slowpoke,0.03770,6,0.038,6,0.054
441,Seviper,0.03770,6,0.038,3,0.027
442,Probopass,0.03770,6,0.038,5,0.045
443,Mightyena,0.03770,6,0.038,6,0.054
444,Surskit,0.03770,6,0.038,6,0.054
445,Silvally-Steel,0.03770,6,0.038,3,0.027
446,Passimian,0.03770,6,0.038,3,0.027
447,Hitmontop,0.03770,6,0.038,5,0.045
448,Weepinbell,0.03142,5,0.031,4,0.036
449,Emolga,0.03142,5,0.031,3,0.027
450,Tangela,0.03142,5,0.031,1,0.009
451,Magnemite,0.03142,5,0.031,4,0.036
452,Bellossom,0.03142,5,0.031,4,0.036
453,Glalie,0.03142,5,0.031,4,0.036
454,Pidove,0.03142,5,0.031,1,0.009
455,Mesprit,0.03142,5,0.031,5,0.045
456,Pidgeotto,0.03142,5,0.031,5,0.045
457,Dedenne,0.03142,5,0.031,4,0.036
458,Scyther,0.03142,5,0.031,4,0.036
459,Metapod,0.03142,5,0.031,4,0.036
460,Brionne,0.03142,5,0.031,1,0.009
461,Corsola,0.03142,5,0.031,5,0.045
462,Arbok,0.03142,5,0.031,4,0.036
463,Noibat,0.03142,5,0.031,4,0.036
464,Cottonee,0.03142,5,0.031,5,0.045
465,Mothim,0.03142,5,0.031,3,0.027
466,Drifloon,0.03142,5,0.031,3,0.027
467,Pancham,0.03142,5,0.031,4,0.036
468,Silvally-Ghost,0.03142,5,0.031,5,0.045
469,Cryogonal,0.03142,5,0.031,5,0.045
470,Dewgong,0.03142,5,0.031,3,0.027
471,Sneasel,0.03142,5,0.031,1,0.009
472,Cleffa,0.02514,4,0.025,4,0.036
473,Piloswine,0.02514,4,0.025,4,0.036
474,Gabite,0.02514,4,0.025,0,0.000
475,Popplio,0.02514,4,0.025,2,0.018
476,Carbink,0.02514,4,0.025,4,0.036
477,Litten,0.02514,4,0.025,4,0.036
478,Silvally-Ground,0.02514,4,0.025,4,0.036
479,Ralts,0.02514,4,0.025,3,0.027
480,Throh,0.02514,4,0.025,4,0.036
481,Hariyama,0.02514,4,0.025,2,0.018
482,Magcargo,0.02514,4,0.025,3,0.027
483,Vanilluxe,0.02514,4,0.025,4,0.036
484,Venomoth,0.02514,4,0.025,2,0.018
485,Whimsicott,0.02514,4,0.025,3,0.027
486,Amaura,0.02514,4,0.025,3,0.027
487,Crustle,0.02514,4,0.025,2,0.018
488,Furret,0.02514,4,0.025,3,0.027
489,Sunflora,0.02514,4,0.025,3,0.027
490,Sunkern,0.02514,4,0.025,4,0.036
491,Koffing,0.02514,4,0.025,2,0.018
492,Skorupi,0.02514,4,0.025,4,0.036
493,Oricorio-Sensu,0.02514,4,0.025,3,0.027
494,Sawsbuck,0.02514,4,0.025,2,0.018
495,Chatot,0.02514,4,0.025,4,0.036
496,Bouffalant,0.02514,4,0.025,4,0.036
497,Growlithe,0.02514,4,0.025,3,0.027
498,Oshawott,0.02514,4,0.025,4,0.036
499,Herdier,0.02514,4,0.025,3,0.027
500,Lunatone,0.02514,4,0.025,2,0.018
501,Tepig,0.01885,3,0.019,3,0.027
502,Girafarig,0.01885,3,0.019,2,0.018
503,Totodile,0.01885,3,0.019,3,0.027
504,Vanillish,0.01885,3,0.019,3,0.027
505,Chikorita,0.01885,3,0.019,3,0.027
506,Vespiquen,0.01885,3,0.019,1,0.009
507,Scraggy,0.01885,3,0.019,3,0.027
508,Qwilfish,0.01885,3,0.019,3,0.027
509,Luxio,0.01885,3,0.019,1,0.009
510,Jigglypuff,0.01885,3,0.019,2,0.018
511,Masquerain,0.01885,3,0.019,2,0.018
512,Taillow,0.01885,3,0.019,2,0.018
513,Onix,0.01885,3,0.019,2,0.018
514,Charjabug,0.01885,3,0.019,3,0.027
515,Stoutland,0.01885,3,0.019,2,0.018
516,Lampent,0.01885,3,0.019,2,0.018
517,Slurpuff,0.01885,3,0.019,2,0.018
518,Croagunk,0.01885,3,0.019,1,0.009
519,Gible,0.01885,3,0.019,1,0.009
520,Jumpluff,0.01885,3,0.019,2,0.018
521,Maractus,0.01885,3,0.019,3,0.027
522,Silvally-Dark,0.01885,3,0.019,2,0.018
523,Rockruff,0.01885,3,0.019,2,0.018
524,Froakie,0.01885,3,0.019,3,0.027
525,Dragonair,0.01885,3,0.019,1,0.009
526,Silvally-Dragon,0.01885,3,0.019,3,0.027
527,Vibrava,0.01885,3,0.019,2,0.018
528,Happiny,0.01885,3,0.019,3,0.027
529,Swalot,0.01885,3,0.019,1,0.009
530,Vanillite,0.01885,3,0.019,3,0.027
531,Munchlax,0.01885,3,0.019,3,0.027
532,Linoone,0.01257,2,0.013,1,0.009
533,Vulpix-Alola,0.01257,2,0.013,1,0.009
534,Houndour,0.01257,2,0.013,2,0.018
535,Kadabra,0.01257,2,0.013,1,0.009
536,Silvally-Flying,0.01257,2,0.013,1,0.009
537,Swirlix,0.01257,2,0.013,2,0.018
538,Huntail,0.01257,2,0.013,1,0.009
539,Pansage,0.01257,2,0.013,2,0.018
540,Skuntank,0.01257,2,0.013,1,0.009
541,Zweilous,0.01257,2,0.013,1,0.009
542,Metang,0.01257,2,0.013,2,0.018
543,Simipour,0.01257,2,0.013,2,0.018
544,Lickilicky,0.01257,2,0.013,2,0.018
545,Cobalion,0.01257,2,0.013,1,0.009
546,Clamperl,0.01257,2,0.013,2,0.018
547,Octillery,0.01257,2,0.013,1,0.009
548,Clefairy,0.01257,2,0.013,2,0.018
549,Staryu,0.01257,2,0.013,2,0.018
550,Steenee,0.01257,2,0.013,2,0.018
551,Minun,0.01257,2,0.013,1,0.009
552,Mudkip,0.01257,2,0.013,2,0.018
553,Lotad,0.01257,2,0.013,2,0.018
554,Abra,0.01257,2,0.013,0,0.000
555,Eelektrik,0.01257,2,0.013,1,0.009
556,Dustox,0.01257,2,0.013,2,0.018
557,Larvitar,0.01257,2,0.013,2,0.018
558,Golbat,0.01257,2,0.013,2,0.018
559,Floette,0.01257,2,0.013,1,0.009
560,Drifblim,0.01257,2,0.013,2,0.018
561,Farfetch'd,0.01257,2,0.013,1,0.009
562,Cosmoem,0.01257,2,0.013,0,0.000
563,Meowth-Alola,0.01257,2,0.013,1,0.009
564,Voltorb,0.01257,2,0.013,2,0.018
565,Swablu,0.01257,2,0.013,1,0.009
566,Machoke,0.01257,2,0.013,1,0.009
567,Porygon,0.01257,2,0.013,2,0.018
568,Audino,0.01257,2,0.013,1,0.009
569,Bibarel,0.01257,2,0.013,1,0.009
570,Delibird,0.01257,2,0.013,2,0.018
571,Shinx,0.01257,2,0.013,2,0.018
572,Magneton,0.01257,2,0.013,0,0.000
573,Delcatty,0.01257,2,0.013,1,0.009
574,Magmar,0.01257,2,0.013,2,0.018
575,Phione,0.01257,2,0.013,2,0.018
576,Silvally-Fire,0.01257,2,0.013,2,0.018
577,Beautifly,0.01257,2,0.013,2,0.018
578,Pidgey,0.01257,2,0.013,2,0.018
579,Anorith,0.01257,2,0.013,0,0.000
580,Prinplup,0.01257,2,0.013,2,0.018
581,Combusken,0.01257,2,0.013,1,0.009
582,Silvally-Fighting,0.01257,2,0.013,2,0.018
583,Fennekin,0.01257,2,0.013,2,0.018
584,Trumbeak,0.01257,2,0.013,2,0.018
585,Carnivine,0.01257,2,0.013,1,0.009
586,Shaymin,0.01257,2,0.013,1,0.009
587,Pupitar,0.01257,2,0.013,2,0.018
588,Snivy,0.01257,2,0.013,1,0.009
589,Cacnea,0.01257,2,0.013,2,0.018
590,Ferroseed,0.01257,2,0.013,2,0.018
591,Azurill,0.00628,1,0.006,1,0.009
592,Wailmer,0.00628,1,0.006,1,0.009
593,Silvally-Water,0.00628,1,0.006,1,0.009
594,Snubbull,0.00628,1,0.006,0,0.000
595,Skrelp,0.00628,1,0.006,1,0.009
596,Zorua,0.00628,1,0.006,0,0.000
597,Ledian,0.00628,1,0.006,1,0.009
598,Pansear,0.00628,1,0.006,1,0.009
599,Doduo,0.00628,1,0.006,0,0.000
600,Mime Jr.,0.00628,1,0.006,1,0.009
601,Misdreavus,0.00628,1,0.006,1,0.009
602,Hakamo-o,0.00628,1,0.006,0,0.000
603,Aipom,0.00628,1,0.006,1,0.009
604,Kirlia,0.00628,1,0.006,1,0.009
605,NidoranF,0.00628,1,0.006,1,0.009
606,Salandit,0.00628,1,0.006,0,0.000
607,Solrock,0.00628,1,0.006,0,0.000
608,Woobat,0.00628,1,0.006,1,0.009
609,Pumpkaboo,0.00628,1,0.006,0,0.000
610,Jynx,0.00628,1,0.006,1,0.009
611,Bunnelby,0.00628,1,0.006,1,0.009
612,Mareanie,0.00628,1,0.006,1,0.009
613,Silvally-Poison,0.00628,1,0.006,1,0.009
614,Grubbin,0.00628,1,0.006,1,0.009
615,Mantyke,0.00628,1,0.006,0,0.000
616,Marill,0.00628,1,0.006,1,0.009
617,Piplup,0.00628,1,0.006,1,0.009
618,Vulpix,0.00628,1,0.006,1,0.009
619,Nosepass,0.00628,1,0.006,1,0.009
620,Silvally-Fairy,0.00628,1,0.006,0,0.000
621,Vigoroth,0.00628,1,0.006,1,0.009
622,Combee,0.00628,1,0.006,1,0.009
623,Phantump,0.00628,1,0.006,1,0.009
624,Axew,0.00628,1,0.006,1,0.009
625,Oricorio-Pa'u,0.00628,1,0.006,1,0.009
626,Pikipek,0.00628,1,0.006,1,0.009
627,Sandshrew,0.00628,1,0.006,1,0.009
628,Lumineon,0.00628,1,0.006,0,0.000
629,Magby,0.00628,1,0.006,0,0.000
630,Poochyena,0.00628,1,0.006,1,0.009
631,Kakuna,0.00628,1,0.006,1,0.009
632,Murkrow,0.00628,1,0.006,1,0.009
633,Musharna,0.00628,1,0.006,1,0.009
634,Dratini,0.00628,1,0.006,0,0.000
635,Igglybuff,0.00628,1,0.006,1,0.009
636,Trubbish,0.00628,1,0.006,1,0.009
637,Relicanth,0.00628,1,0.006,1,0.009
638,Omanyte,0.00628,1,0.006,0,0.000
639,Gligar,0.00628,1,0.006,0,0.000
640,Solosis,0.00628,1,0.006,1,0.009
641,Gurdurr,0.00628,1,0.006,1,0.009
642,Spritzee,0.00628,1,0.006,1,0.009
643,Zubat,0.00628,1,0.006,1,0.009
644,Furfrou,0.00628,1,0.006,1,0.009
645,Nincada,0.00628,1,0.006,0,0.000
646,Crabrawler,0.00628,1,0.006,1,0.009
647,Fraxure,0.00628,1,0.006,0,0.000
648,Glameow,0.00628,1,0.006,1,0.009
649,Snover,0.00628,1,0.006,1,0.009
650,Sliggoo,0.00628,1,0.006,1,0.009
651,Bagon,0.00628,1,0.006,1,0.009
652,Volbeat,0.00628,1,0.006,1,0.009
653,Unown,0.00628,1,0.006,1,0.009
654,Munna,0.00628,1,0.006,1,0.009
655,Wurmple,0.00628,1,0.006,1,0.009
656,Yungoos,0.00628,1,0.006,1,0.009
657,Palpitoad,0.00628,1,0.006,1,0.009
658,Graveler,0.00628,1,0.006,1,0.009
659,Silvally-Ice,0.00628,1,0.006,1,0.009
660,Meowth,0.00628,1,0.006,1,0.009
661,Simisear,0.00628,1,0.006,1,0.009
662,Aromatisse,0.00628,1,0.006,1,0.009
663,Lairon,0.00628,1,0.006,1,0.009
664,Skitty,0.00628,1,0.006,1,0.009
665,Wormadam-Trash,0.00628,1,0.006,1,0.009
666,Whismur,0.00628,1,0.006,0,0.000
667,Weedle,0.00628,1,0.006,1,0.009
668,Caterpie,0.00628,1,0.006,1,0.009
669,Nidorina,0.00628,1,0.006,1,0.009
670,Simisage,0.00628,1,0.006,0,0.000
