 Total battles: 226314
 Avg. weight/team: 1.0
Rank,Pokemon,Usage percentage,Raw,Raw percentage,Real,Real percentage
1,Volcarona,8.54521,38678,8.545,26106,7.982
2,Mimikyu,7.76443,35144,7.764,24877,7.606
3,Venusaur-Mega,7.48009,33857,7.480,24770,7.573
4,Heatran,7.47325,33826,7.473,25816,7.893
5,Magearna,7.39813,33486,7.398,23936,7.318
6,Scizor-Mega,7.16991,32453,7.170,22117,6.762
7,Tapu Koko,7.06342,31971,7.063,25596,7.826
8,Muk-Alola,7.03580,31846,7.036,23806,7.279
9,Toxapex,6.54334,29617,6.543,22727,6.949
10,Skarmory,6.38582,28904,6.386,23864,7.296
11,Charizard-Mega-Y,6.35820,28779,6.358,20929,6.399
12,Excadrill,6.17151,27934,6.172,19908,6.087
13,Dragonite,6.13683,27777,6.137,19435,5.942
14,Greninja,5.76080,26075,5.761,18261,5.583
15,Celesteela,5.75086,26030,5.751,19517,5.967
16,Ferrothorn,5.56682,25197,5.567,20617,6.303
17,Sableye-Mega,5.44840,24661,5.448,19828,6.062
18,Zapdos,5.32910,24121,5.329,18001,5.504
19,Galvantula,5.30723,24022,5.307,19756,6.040
20,Ninetales-Alola,5.21289,23595,5.213,19136,5.851
21,Azumarill,5.06244,22914,5.062,16101,4.923
22,Nihilego,5.05868,22897,5.059,16864,5.156
23,Araquanid,5.05647,22887,5.056,15714,4.804
24,Gengar,4.96346,22466,4.963,15081,4.611
25,Hydreigon,4.91772,22259,4.918,15629,4.778
26,Mamoswine,4.84504,21930,4.845,16300,4.984
27,Marowak-Alola,4.80947,21769,4.809,15538,4.751
28,Tyranitar,4.71093,21323,4.711,16172,4.944
29,Infernape,4.58478,20752,4.585,15740,4.812
30,Togekiss,4.57948,20728,4.579,14505,4.435
31,Weavile,4.40428,19935,4.404,13667,4.179
32,Rotom-Wash,4.36164,19742,4.362,15152,4.633
33,Nidoking,4.31502,19531,4.315,14098,4.310
34,Garchomp,4.27989,19372,4.280,15066,4.606
35,Tapu Bulu,4.27813,19364,4.278,12934,3.954
36,Magnezone,4.25935,19279,4.259,13508,4.130
37,Breloom,4.05896,18372,4.059,13241,4.048
38,Staraptor,3.90078,17656,3.901,12720,3.889
39,Salazzle,3.88376,17579,3.884,12143,3.713
40,Kyurem-Black,3.85769,17461,3.858,12488,3.818
41,Volcanion,3.82853,17329,3.829,12456,3.808
42,Pelipper,3.80953,17243,3.810,14835,4.536
43,Kingdra,3.76026,17020,3.760,12049,3.684
44,Raichu-Alola,3.72447,16858,3.724,11764,3.597
45,Crobat,3.71077,16796,3.711,12032,3.679
46,Cloyster,3.66637,16595,3.666,11905,3.640
47,Pinsir-Mega,3.64781,16511,3.648,10903,3.334
48,Landorus-Therian,3.62262,16397,3.623,12848,3.928
49,Victini,3.59434,16269,3.594,11807,3.610
50,Bisharp,3.46686,15692,3.467,10671,3.263
51,Scolipede,3.42025,15481,3.420,10758,3.289
52,Mandibuzz,3.37938,15296,3.379,11171,3.415
53,Cradily,3.34270,15130,3.343,11203,3.425
54,Tapu Fini,3.28084,14850,3.281,10771,3.293
55,Chandelure,3.24439,14685,3.244,10139,3.100
56,Torkoal,3.20639,14513,3.206,12764,3.902
57,Buzzwole,3.20396,14502,3.204,9853,3.012
58,Sandslash-Alola,3.14939,14255,3.149,10328,3.158
59,Jirachi,3.14254,14224,3.143,10171,3.110
60,Froslass,3.07250,13907,3.073,10681,3.266
61,Latios,3.06587,13877,3.066,9427,2.882
62,Terrakion,3.01904,13665,3.019,8965,2.741
63,Heracross,2.98302,13502,2.983,8809,2.693
64,Golisopod,2.98280,13501,2.983,9331,2.853
65,Keldeo,2.97374,13460,2.974,9183,2.808
66,Aerodactyl-Mega,2.95187,13361,2.952,9354,2.860
67,Gliscor,2.94679,13338,2.947,9950,3.042
68,Gyarados-Mega,2.90658,13156,2.907,9152,2.798
69,Hawlucha,2.89995,13126,2.900,9226,2.821
70,Forretress,2.83632,12838,2.836,10899,3.332
71,Salamence,2.79700,12660,2.797,8681,2.654
72,Gardevoir,2.77270,12550,2.773,8229,2.516
73,Porygon-Z,2.76541,12517,2.765,8742,2.673
74,Gastrodon,2.73934,12399,2.739,9068,2.772
75,Golem-Alola,2.71150,12273,2.711,9420,2.880
76,Hippowdon,2.68477,12152,2.685,10692,3.269
77,Sharpedo-Mega,2.58932,11720,2.589,7911,2.419
78,Gyarados,2.57231,11643,2.572,8317,2.543
79,Scizor,2.53785,11487,2.538,7953,2.432
80,Klefki,2.52746,11440,2.527,9609,2.938
81,Krookodile,2.52238,11417,2.522,8380,2.562
82,Jellicent,2.45566,11115,2.456,7738,2.366
83,Empoleon,2.43865,11038,2.439,8164,2.496
84,Lucario,2.43180,11007,2.432,7510,2.296
85,Lanturn,2.42517,10977,2.425,7825,2.392
86,Dragalge,2.39689,10849,2.397,7667,2.344
87,Shuckle,2.37193,10736,2.372,9329,2.852
88,Xurkitree,2.37104,10732,2.371,7799,2.384
89,Kommo-o,2.36176,10690,2.362,7213,2.205
90,Meloetta,2.29769,10400,2.298,7182,2.196
91,Landorus,2.28886,10360,2.289,7525,2.301
92,Swampert,2.28024,10321,2.280,8016,2.451
93,Clefable,2.23495,10116,2.235,7462,2.281
94,Charizard-Mega-X,2.22324,10063,2.223,7089,2.167
95,Chansey,2.19982,9957,2.200,7697,2.353
96,Seismitoad,2.19540,9937,2.195,7885,2.411
97,Porygon2,2.18126,9873,2.181,7557,2.310
98,Metagross,2.16845,9815,2.168,6822,2.086
99,Goodra,2.10902,9546,2.109,7071,2.162
100,Garchomp-Mega,2.10681,9536,2.107,6844,2.093
101,Avalugg,2.10614,9533,2.106,6894,2.108
102,Diggersby,2.06196,9333,2.062,6923,2.117
103,Thundurus-Therian,2.06085,9328,2.061,6766,2.069
104,Drapion,2.01026,9099,2.010,6614,2.022
105,Ludicolo,2.00319,9067,2.003,6406,1.959
106,Minior,1.99259,9019,1.993,6200,1.896
107,Rotom-Heat,1.98905,9003,1.989,6800,2.079
108,Vikavolt,1.98773,8997,1.988,6075,1.857
109,Tentacruel,1.97359,8933,1.974,6804,2.080
110,Serperior,1.94376,8798,1.944,5910,1.807
111,Armaldo,1.94332,8796,1.943,6731,2.058
112,Ditto,1.89979,8599,1.900,6499,1.987
113,Alakazam-Mega,1.87439,8484,1.874,5707,1.745
114,Umbreon,1.87372,8481,1.874,5960,1.822
115,Ribombee,1.85848,8412,1.858,5204,1.591
116,Honchkrow,1.85826,8411,1.858,5715,1.747
117,Doublade,1.83793,8319,1.838,5586,1.708
118,Bewear,1.83064,8286,1.831,5995,1.833
119,Primarina,1.81407,8211,1.814,5313,1.624
120,Toxicroak,1.79132,8108,1.791,5539,1.694
121,Drampa,1.74183,7884,1.742,5312,1.624
122,Malamar,1.69808,7686,1.698,5720,1.749
123,Scrafty,1.69587,7676,1.696,5479,1.675
124,Dhelmise,1.69322,7664,1.693,5239,1.602
125,Incineroar,1.68173,7612,1.682,5455,1.668
126,Yanmega,1.64175,7431,1.642,4823,1.475
127,Snorlax,1.63445,7398,1.634,5402,1.652
128,Mantine,1.63070,7381,1.631,5360,1.639
129,Whimsicott,1.61059,7290,1.611,5126,1.567
130,Starmie,1.59292,7210,1.593,4710,1.440
131,Gallade,1.59248,7208,1.592,5082,1.554
132,Electivire,1.58983,7196,1.590,5107,1.561
133,Slowbro-Mega,1.57061,7109,1.571,4926,1.506
134,Politoed,1.52664,6910,1.527,5548,1.696
135,Thundurus,1.52355,6896,1.524,4897,1.497
136,Lapras,1.47826,6691,1.478,4871,1.489
137,Golurk,1.47450,6674,1.475,4987,1.525
138,Omastar,1.44423,6537,1.444,4579,1.400
139,Decidueye,1.44291,6531,1.443,4363,1.334
140,Latias,1.43252,6484,1.433,4605,1.408
141,Glalie-Mega,1.40137,6343,1.401,4061,1.242
142,Tyrantrum,1.38679,6277,1.387,4354,1.331
143,Quagsire,1.32316,5989,1.323,4286,1.310
144,Trevenant,1.31322,5944,1.313,3948,1.207
145,Arcanine,1.28317,5808,1.283,4215,1.289
146,Noivern,1.27853,5787,1.279,4168,1.274
147,Swellow,1.24252,5624,1.243,3889,1.189
148,Palossand,1.24031,5614,1.240,3787,1.158
149,Cobalion,1.22971,5566,1.230,4609,1.409
150,Weezing,1.22043,5524,1.220,4388,1.342
151,Ninetales,1.20894,5472,1.209,4112,1.257
152,Slowbro,1.20408,5450,1.204,3851,1.177
153,Talonflame,1.19789,5422,1.198,3833,1.172
154,Heliolisk,1.19082,5390,1.191,3974,1.215
155,Turtonator,1.18397,5359,1.184,3945,1.206
156,Darmanitan,1.18243,5352,1.182,3823,1.169
157,Eelektross,1.17249,5307,1.172,4031,1.232
158,Zoroark,1.15768,5240,1.158,2462,0.753
159,Haxorus,1.14332,5175,1.143,3530,1.079
160,Smeargle,1.13404,5133,1.134,4637,1.418
161,Houndoom,1.07859,4882,1.079,3408,1.042
162,Aurorus,1.07793,4879,1.078,3544,1.084
163,Crustle,1.05650,4782,1.056,3472,1.062
164,Exeggutor-Alola,1.05274,4765,1.053,3246,0.992
165,Sylveon,1.04567,4733,1.046,3003,0.918
166,Crawdaunt,1.02424,4636,1.024,3274,1.001
167,Conkeldurr,0.99397,4499,0.994,3400,1.040
168,Medicham,0.98911,4477,0.989,3109,0.951
169,Diancie,0.98094,4440,0.981,3269,0.999
170,Rhyperior,0.97784,4426,0.978,3091,0.945
171,Roserade,0.97519,4414,0.975,3067,0.938
172,Delphox,0.95840,4338,0.958,2966,0.907
173,Bronzong,0.95730,4333,0.957,3428,1.048
174,Mew,0.95421,4319,0.954,3364,1.029
175,Cinccino,0.93631,4238,0.936,3104,0.949
176,Vanilluxe,0.92062,4167,0.921,3316,1.014
177,Absol-Mega,0.91709,4151,0.917,2978,0.911
178,Ambipom,0.90847,4112,0.908,3360,1.027
179,Miltank,0.90604,4101,0.906,3121,0.954
180,Sableye,0.89588,4055,0.896,3171,0.970
181,Pyroar,0.87047,3940,0.870,2742,0.838
182,Cofagrigus,0.86119,3898,0.861,3010,0.920
183,Aggron,0.84573,3828,0.846,2661,0.814
184,Shedinja,0.84020,3803,0.840,2365,0.723
185,Nidoqueen,0.83755,3791,0.838,3129,0.957
186,Glaceon,0.83667,3787,0.837,2336,0.714
187,Abomasnow,0.83601,3784,0.836,2879,0.880
188,Espeon,0.83181,3765,0.832,2646,0.809
189,Kabutops,0.79801,3612,0.798,2557,0.782
190,Spiritomb,0.79513,3599,0.795,2597,0.794
191,Rotom-Mow,0.78497,3553,0.785,2580,0.789
192,Flygon,0.76774,3475,0.768,2362,0.722
193,Articuno,0.76619,3468,0.766,2369,0.724
194,Sigilyph,0.76575,3466,0.766,2359,0.721
195,Machamp,0.75934,3437,0.759,2546,0.778
196,Gourgeist-Super,0.75912,3436,0.759,2447,0.748
197,Vivillon,0.75824,3432,0.758,2346,0.717
198,Slurpuff,0.75360,3411,0.754,2175,0.665
199,Walrein,0.75006,3395,0.750,2397,0.733
200,Lycanroc,0.74962,3393,0.750,2340,0.715
201,Gigalith,0.74808,3386,0.748,2750,0.841
202,Manaphy,0.72554,3284,0.726,2176,0.665
203,Rotom-Frost,0.72178,3267,0.722,2385,0.729
204,Torterra,0.72134,3265,0.721,2259,0.691
205,Pangoro,0.71228,3224,0.712,2256,0.690
206,Bruxish,0.71096,3218,0.711,2145,0.656
207,Exploud,0.69063,3126,0.691,2292,0.701
208,Mismagius,0.67185,3041,0.672,2103,0.643
209,Celebi,0.66412,3006,0.664,2132,0.652
210,Drifblim,0.66324,3002,0.663,2070,0.633
211,Toucannon,0.66213,2997,0.662,2122,0.649
212,Poliwrath,0.64932,2939,0.649,2015,0.616
213,Milotic,0.64446,2917,0.644,1802,0.551
214,Archeops,0.63231,2862,0.632,2175,0.665
215,Durant,0.63010,2852,0.630,1898,0.580
216,Jolteon,0.62502,2829,0.625,1995,0.610
217,Scyther,0.62237,2817,0.622,1727,0.528
218,Entei,0.61728,2794,0.617,1933,0.591
219,Hoopa,0.61441,2781,0.614,1873,0.573
220,Blastoise-Mega,0.61176,2769,0.612,1817,0.556
221,Luxray,0.61154,2768,0.612,1932,0.591
222,Chatot,0.60602,2743,0.606,2201,0.673
223,Vaporeon,0.59541,2695,0.595,1704,0.521
224,Shiftry,0.59519,2694,0.595,1887,0.577
225,Sharpedo,0.59254,2682,0.593,1835,0.561
226,Steelix,0.58746,2659,0.587,1941,0.593
227,Claydol,0.58127,2631,0.581,1934,0.591
228,Beartic,0.57752,2614,0.578,1727,0.528
229,Dugtrio-Alola,0.57155,2587,0.572,1759,0.538
230,Togedemaru,0.57045,2582,0.570,1967,0.601
231,Emboar,0.56868,2574,0.569,1813,0.554
232,Sceptile,0.55697,2521,0.557,1738,0.531
233,Ariados,0.55520,2513,0.555,2129,0.651
234,Feraligatr,0.55343,2505,0.553,1560,0.477
235,Hitmonlee,0.55145,2496,0.551,1960,0.599
236,Chesnaught,0.54548,2469,0.545,1698,0.519
237,Venomoth,0.54195,2453,0.542,1618,0.495
238,Guzzlord,0.52140,2360,0.521,1549,0.474
239,Crabominable,0.51676,2339,0.517,1513,0.463
240,Blissey,0.51566,2334,0.516,1668,0.510
241,Persian-Alola,0.51278,2321,0.513,1815,0.555
242,Granbull,0.50284,2276,0.503,1552,0.475
243,Shiinotic,0.49356,2234,0.494,1451,0.444
244,Dodrio,0.47721,2160,0.477,1547,0.473
245,Accelgor,0.47545,2152,0.475,1517,0.464
246,Florges,0.47522,2151,0.475,1348,0.412
247,Amoonguss,0.47412,2146,0.474,1450,0.443
248,Dusclops,0.46705,2114,0.467,1559,0.477
249,Necrozma,0.46307,2096,0.463,1701,0.520
250,Komala,0.46219,2092,0.462,1463,0.447
251,Regice,0.46086,2086,0.461,1368,0.418
252,Aerodactyl,0.46064,2085,0.461,1692,0.517
253,Typhlosion,0.44960,2035,0.450,1375,0.420
254,Tornadus-Therian,0.44960,2035,0.450,1446,0.442
255,Dusknoir,0.44783,2027,0.448,1517,0.464
256,Camerupt,0.43789,1982,0.438,1398,0.427
257,Suicune,0.43457,1967,0.435,1297,0.397
258,Alomomola,0.43192,1955,0.432,1345,0.411
259,Escavalier,0.43104,1951,0.431,1331,0.407
260,Carracosta,0.43060,1949,0.431,1346,0.412
261,Dugtrio,0.42861,1940,0.429,1339,0.409
262,Mawile,0.42640,1930,0.426,1348,0.412
263,Braviary,0.42485,1923,0.425,1327,0.406
264,Leavanny,0.42154,1908,0.422,1388,0.424
265,Kecleon,0.42110,1906,0.421,1535,0.469
266,Slaking,0.41734,1889,0.417,1345,0.411
267,Magcargo,0.41314,1870,0.413,1417,0.433
268,Skuntank,0.40607,1838,0.406,1262,0.386
269,Comfey,0.40431,1830,0.404,1232,0.377
270,Tsareena,0.40386,1828,0.404,1164,0.356
271,Cacturne,0.40342,1826,0.403,1216,0.372
272,Oranguru,0.40165,1818,0.402,1252,0.383
273,Exeggutor,0.39878,1805,0.399,1112,0.340
274,Wishiwashi,0.39282,1778,0.393,1149,0.351
275,Slowking,0.38950,1763,0.390,1199,0.367
276,Tauros,0.38906,1761,0.389,1252,0.383
277,Silvally,0.38354,1736,0.384,1220,0.373
278,Virizion,0.38288,1733,0.383,1222,0.374
279,Masquerain,0.37691,1706,0.377,1211,0.370
280,Pyukumuku,0.37603,1702,0.376,1344,0.411
281,Mudsdale,0.37426,1694,0.374,1076,0.329
282,Wigglytuff,0.37205,1684,0.372,1254,0.383
283,Moltres,0.37139,1681,0.371,1153,0.353
284,Druddigon,0.36785,1665,0.368,1370,0.419
285,Tangrowth,0.36586,1656,0.366,1043,0.319
286,Reuniclus,0.36277,1642,0.363,1125,0.344
287,Golbat,0.35990,1629,0.360,1207,0.369
288,Deoxys-Speed,0.35703,1616,0.357,1470,0.449
289,Carbink,0.35636,1613,0.356,1367,0.418
290,Mienshao,0.35349,1600,0.353,1129,0.345
291,Registeel,0.34443,1559,0.344,1213,0.371
292,Jynx,0.34333,1554,0.343,1046,0.320
293,Cryogonal,0.33935,1536,0.339,1051,0.321
294,Liepard,0.33869,1533,0.339,1213,0.371
295,Sawsbuck,0.33803,1530,0.338,1018,0.311
296,Xatu,0.33714,1526,0.337,1008,0.308
297,Piloswine,0.33626,1522,0.336,1310,0.401
298,Alakazam,0.33383,1511,0.334,973,0.297
299,Zangoose,0.32830,1486,0.328,1017,0.311
300,Hitmontop,0.32830,1486,0.328,1077,0.329
301,Victreebel,0.32389,1466,0.324,999,0.305
302,Leafeon,0.31483,1425,0.315,967,0.296
303,Hitmonchan,0.31041,1405,0.310,1039,0.318
304,Barbaracle,0.30555,1383,0.306,949,0.290
305,Stunfisk,0.30555,1383,0.306,1118,0.342
306,Kyurem,0.30467,1379,0.305,954,0.292
307,Linoone,0.29848,1351,0.298,932,0.285
308,Probopass,0.29760,1347,0.298,1017,0.311
309,Vespiquen,0.29406,1331,0.294,754,0.231
310,Wobbuffet,0.29185,1321,0.292,967,0.296
311,Raikou,0.29008,1313,0.290,949,0.290
312,Cresselia,0.28611,1295,0.286,903,0.276
313,Azelf,0.28434,1287,0.284,1094,0.334
314,Rampardos,0.27705,1254,0.277,821,0.251
315,Ursaring,0.27683,1253,0.277,891,0.272
316,Type: Null,0.27175,1230,0.272,942,0.288
317,Altaria,0.27064,1225,0.271,851,0.260
318,Dedenne,0.26556,1202,0.266,856,0.262
319,Emolga,0.26490,1199,0.265,852,0.260
320,Magmortar,0.26490,1199,0.265,819,0.250
321,Silvally-Fairy,0.26379,1194,0.264,790,0.242
322,Lopunny,0.26335,1192,0.263,965,0.295
323,Golem,0.26225,1187,0.262,915,0.280
324,Butterfree,0.25562,1157,0.256,838,0.256
325,Bibarel,0.25562,1157,0.256,844,0.258
326,Hariyama,0.25496,1154,0.255,860,0.263
327,Lurantis,0.25054,1134,0.251,745,0.228
328,Rotom,0.24921,1128,0.249,837,0.256
329,Mr. Mime,0.24523,1110,0.245,767,0.235
330,Ninjask,0.24082,1090,0.241,762,0.233
331,Lilligant,0.24015,1087,0.240,749,0.229
332,Meowstic,0.23728,1074,0.237,879,0.269
333,Swoobat,0.23485,1063,0.235,722,0.221
334,Donphan,0.23154,1048,0.232,770,0.235
335,Bastiodon,0.22999,1041,0.230,816,0.249
336,Absol,0.22866,1035,0.229,710,0.217
337,Oricorio-Sensu,0.22822,1033,0.228,725,0.222
338,Arbok,0.22690,1027,0.227,717,0.219
339,Ampharos,0.22314,1010,0.223,673,0.206
340,Lycanroc-Midnight,0.21342,966,0.213,653,0.200
341,Charizard,0.21276,963,0.213,656,0.201
342,Venusaur,0.21209,960,0.212,663,0.203
343,Noctowl,0.21143,957,0.211,609,0.186
344,Flareon,0.20569,931,0.206,611,0.187
345,Silvally-Ghost,0.20149,912,0.201,630,0.193
346,Gothitelle,0.19928,902,0.199,617,0.189
347,Tropius,0.19862,899,0.199,580,0.177
348,Deoxys-Defense,0.19862,899,0.199,739,0.226
349,Shaymin,0.19663,890,0.197,593,0.181
350,Jumpluff,0.19530,884,0.195,640,0.196
351,Klinklang,0.19243,871,0.192,569,0.174
352,Kangaskhan,0.19089,864,0.191,634,0.194
353,Regigigas,0.18823,852,0.188,622,0.190
354,Rhydon,0.18757,849,0.188,578,0.177
355,Whiscash,0.18514,838,0.185,596,0.182
356,Togetic,0.18315,829,0.183,573,0.175
357,Raticate-Alola,0.18227,825,0.182,581,0.178
358,Stoutland,0.17542,794,0.175,573,0.175
359,Clawitzer,0.17432,789,0.174,530,0.162
360,Haunter,0.17100,774,0.171,557,0.170
361,Pidgeot,0.16990,769,0.170,482,0.147
362,Seaking,0.16504,747,0.165,516,0.158
363,Vileplume,0.16194,733,0.162,514,0.157
364,Furfrou,0.16106,729,0.161,544,0.166
365,Oricorio-Pom-Pom,0.16062,727,0.161,490,0.150
366,Parasect,0.16018,725,0.160,487,0.149
367,Silvally-Electric,0.15995,724,0.160,463,0.142
368,Floatzel,0.15620,707,0.156,511,0.156
369,Magneton,0.15620,707,0.156,503,0.154
370,Sawk,0.15576,705,0.156,489,0.150
371,Regirock,0.15532,703,0.155,499,0.153
372,Bouffalant,0.15355,695,0.154,501,0.153
373,Meganium,0.15333,694,0.153,517,0.158
374,Kingler,0.15090,683,0.151,495,0.151
375,Silvally-Fire,0.15023,680,0.150,488,0.149
376,Lunatone,0.14714,666,0.147,473,0.145
377,Silvally-Ice,0.14316,648,0.143,413,0.126
378,Banette,0.14184,642,0.142,453,0.139
379,Blastoise,0.14095,638,0.141,429,0.131
380,Silvally-Bug,0.13919,630,0.139,403,0.123
381,Beedrill,0.13411,607,0.134,386,0.118
382,Manectric,0.13190,597,0.132,415,0.127
383,Silvally-Dark,0.13057,591,0.131,406,0.124
384,Pikachu,0.13013,589,0.130,424,0.130
385,Silvally-Steel,0.12814,580,0.128,364,0.111
386,Mightyena,0.12704,575,0.127,406,0.124
387,Primeape,0.12637,572,0.126,391,0.120
388,Girafarig,0.12438,563,0.124,387,0.118
389,Swadloon,0.12350,559,0.124,405,0.124
390,Dewgong,0.12085,547,0.121,387,0.118
391,Swanna,0.11864,537,0.119,376,0.115
392,Rotom-Fan,0.11731,531,0.117,380,0.116
393,Qwilfish,0.11665,528,0.117,424,0.130
394,Electrode,0.11621,526,0.116,393,0.120
395,Gligar,0.11621,526,0.116,407,0.124
396,Solrock,0.11577,524,0.116,404,0.124
397,Silvally-Poison,0.11555,523,0.116,332,0.102
398,Silvally-Grass,0.11555,523,0.116,386,0.118
399,Relicanth,0.11290,511,0.113,401,0.123
400,Persian,0.11223,508,0.112,438,0.134
401,Silvally-Dragon,0.11201,507,0.112,324,0.099
402,Samurott,0.11113,503,0.111,357,0.109
403,Silvally-Water,0.11025,499,0.110,335,0.102
404,Volbeat,0.11025,499,0.110,368,0.113
405,Garbodor,0.10958,496,0.110,413,0.126
406,Gogoat,0.10848,491,0.108,312,0.095
407,Murkrow,0.10671,483,0.107,357,0.109
408,Pinsir,0.10671,483,0.107,297,0.091
409,Zebstrika,0.10516,476,0.105,346,0.106
410,Audino,0.10295,466,0.103,325,0.099
411,Golduck,0.10229,463,0.102,313,0.096
412,Surskit,0.10074,456,0.101,347,0.106
413,Rapidash,0.09898,448,0.099,324,0.099
414,Bellossom,0.09743,441,0.097,309,0.094
415,Gumshoos,0.09677,438,0.097,313,0.096
416,Oricorio,0.09544,432,0.095,306,0.094
417,Lickilicky,0.09257,419,0.093,302,0.092
418,Raticate,0.08948,405,0.089,248,0.076
419,Silvally-Fighting,0.08948,405,0.089,277,0.085
420,Muk,0.08705,394,0.087,307,0.094
421,Musharna,0.08661,392,0.087,280,0.086
422,Uxie,0.08506,385,0.085,326,0.100
423,Purugly,0.08440,382,0.084,309,0.094
424,Unfezant,0.08395,380,0.084,256,0.078
425,Dustox,0.08307,376,0.083,252,0.077
426,Raichu,0.08263,374,0.083,275,0.084
427,Spinda,0.08197,371,0.082,287,0.088
428,Wailord,0.07976,361,0.080,209,0.064
429,Silvally-Rock,0.07909,358,0.079,250,0.076
430,Beheeyem,0.07909,358,0.079,245,0.075
431,Silvally-Psychic,0.07821,354,0.078,227,0.069
432,Passimian,0.07755,351,0.078,248,0.076
433,Sandslash,0.07733,350,0.077,232,0.071
434,Dunsparce,0.07578,343,0.076,268,0.082
435,Wormadam-Sandy,0.07269,329,0.073,222,0.068
436,Huntail,0.07224,327,0.072,214,0.065
437,Onix,0.07202,326,0.072,308,0.094
438,Tornadus,0.07180,325,0.072,235,0.072
439,Throh,0.07092,321,0.071,221,0.068
440,Aron,0.06871,311,0.069,259,0.079
441,Beautifly,0.06871,311,0.069,223,0.068
442,Fearow,0.06805,308,0.068,218,0.067
443,Seviper,0.06783,307,0.068,196,0.060
444,Marowak,0.06783,307,0.068,201,0.061
445,Ledian,0.06761,306,0.068,195,0.060
446,Hypno,0.06761,306,0.068,217,0.066
447,Oricorio-Pa'u,0.06716,304,0.067,207,0.063
448,Tangela,0.06672,302,0.067,211,0.065
449,Eevee,0.06628,300,0.066,220,0.067
450,Silvally-Ground,0.06606,299,0.066,210,0.064
451,Silvally-Flying,0.06562,297,0.066,187,0.057
452,Corsola,0.06495,294,0.065,229,0.070
453,Gorebyss,0.06363,288,0.064,208,0.064
454,Aromatisse,0.06341,287,0.063,195,0.060
455,Illumise,0.06186,280,0.062,232,0.071
456,Octillery,0.05811,263,0.058,179,0.055
457,Chimecho,0.05811,263,0.058,191,0.058
458,Gourgeist,0.05501,249,0.055,194,0.059
459,Mothim,0.05369,243,0.054,149,0.046
460,Delibird,0.05258,238,0.053,171,0.052
461,Kricketune,0.05236,237,0.052,168,0.051
462,Delcatty,0.05170,234,0.052,155,0.047
463,Farfetch'd,0.05126,232,0.051,146,0.045
464,Pachirisu,0.05104,231,0.051,170,0.052
465,Castform,0.05059,229,0.051,174,0.053
466,Wormadam-Trash,0.04883,221,0.049,170,0.052
467,Combusken,0.04750,215,0.048,176,0.054
468,Mesprit,0.04419,200,0.044,141,0.043
469,Simipour,0.04352,197,0.044,122,0.037
470,Vigoroth,0.04308,195,0.043,134,0.041
471,Braixen,0.04154,188,0.042,126,0.039
472,Marshtomp,0.04109,186,0.041,170,0.052
473,Metang,0.03910,177,0.039,144,0.044
474,Stantler,0.03866,175,0.039,133,0.041
475,Whirlipede,0.03844,174,0.038,130,0.040
476,Hippopotas,0.03844,174,0.038,164,0.050
477,Swalot,0.03800,172,0.038,121,0.037
478,Gourgeist-Large,0.03756,170,0.038,120,0.037
479,Basculin,0.03623,164,0.036,113,0.035
480,Charjabug,0.03601,163,0.036,118,0.036
481,Dragonair,0.03557,161,0.036,122,0.037
482,Furret,0.03557,161,0.036,122,0.037
483,Heatmor,0.03535,160,0.035,119,0.036
484,Gourgeist-Small,0.03513,159,0.035,102,0.031
485,Lampent,0.03424,155,0.034,119,0.036
486,Sudowoodo,0.03336,151,0.033,114,0.035
487,Staravia,0.03292,149,0.033,132,0.040
488,Grumpig,0.03270,148,0.033,99,0.030
489,Wynaut,0.03270,148,0.033,145,0.044
490,Misdreavus,0.03137,142,0.031,117,0.036
491,Cottonee,0.03115,141,0.031,122,0.037
492,Cherrim,0.03093,140,0.031,91,0.028
493,Combee,0.03005,136,0.030,126,0.039
494,Gothorita,0.02960,134,0.030,98,0.030
495,Electabuzz,0.02960,134,0.030,86,0.026
496,Watchog,0.02872,130,0.029,105,0.032
497,Clefairy,0.02850,129,0.029,76,0.023
498,Graveler-Alola,0.02673,121,0.027,101,0.031
499,Hakamo-o,0.02563,116,0.026,86,0.026
500,Plusle,0.02541,115,0.025,73,0.022
501,Lickitung,0.02430,110,0.024,70,0.021
502,Simisage,0.02342,106,0.023,74,0.023
503,Rattata,0.02298,104,0.023,70,0.021
504,Lumineon,0.02209,100,0.022,68,0.021
505,Glalie,0.02033,92,0.020,62,0.019
506,Roselia,0.01966,89,0.020,71,0.022
507,Minun,0.01900,86,0.019,60,0.018
508,Maractus,0.01856,84,0.019,55,0.017
509,Sneasel,0.01856,84,0.019,62,0.019
510,Skorupi,0.01834,83,0.018,61,0.019
511,Simisear,0.01834,83,0.018,53,0.016
512,Pupitar,0.01812,82,0.018,68,0.021
513,Munchlax,0.01790,81,0.018,58,0.018
514,Sealeo,0.01767,80,0.018,62,0.019
515,Clamperl,0.01767,80,0.018,49,0.015
516,Sunflora,0.01767,80,0.018,66,0.020
517,Magmar,0.01723,78,0.017,60,0.018
518,Lairon,0.01635,74,0.016,54,0.017
519,Magnemite,0.01591,72,0.016,61,0.019
520,Dartrix,0.01569,71,0.016,46,0.014
521,Salandit,0.01569,71,0.016,52,0.016
522,Rattata-Alola,0.01547,70,0.015,53,0.016
523,Shelgon,0.01502,68,0.015,43,0.013
524,Ferroseed,0.01480,67,0.015,63,0.019
525,Carnivine,0.01458,66,0.015,45,0.014
526,Unown,0.01414,64,0.014,47,0.014
527,Bayleef,0.01392,63,0.014,42,0.013
528,Mantyke,0.01370,62,0.014,38,0.012
529,Gurdurr,0.01348,61,0.013,40,0.012
530,Munna,0.01348,61,0.013,48,0.015
531,Monferno,0.01326,60,0.013,49,0.015
532,Zweilous,0.01303,59,0.013,46,0.014
533,Pumpkaboo-Super,0.01259,57,0.013,54,0.017
534,Wormadam,0.01237,56,0.012,28,0.009
535,Yanma,0.01237,56,0.012,36,0.011
536,Krabby,0.01215,55,0.012,42,0.013
537,Machoke,0.01171,53,0.012,45,0.014
538,Wartortle,0.01127,51,0.011,38,0.012
539,Luvdisc,0.01127,51,0.011,43,0.013
540,Marill,0.01105,50,0.011,28,0.009
541,Nosepass,0.01105,50,0.011,41,0.013
542,Sliggoo,0.01083,49,0.011,35,0.011
543,Lileep,0.01038,47,0.010,39,0.012
544,Krokorok,0.01038,47,0.010,28,0.009
545,Tentacool,0.01016,46,0.010,32,0.010
546,Fletchinder,0.00972,44,0.010,34,0.010
547,Lombre,0.00972,44,0.010,34,0.010
548,Pawniard,0.00950,43,0.010,35,0.011
549,Pineco,0.00884,40,0.009,30,0.009
550,Koffing,0.00862,39,0.009,31,0.009
551,Seadra,0.00862,39,0.009,25,0.008
552,Pignite,0.00751,34,0.008,26,0.008
553,Geodude,0.00729,33,0.007,27,0.008
554,Scraggy,0.00707,32,0.007,26,0.008
555,Frillish,0.00685,31,0.007,25,0.008
556,Spritzee,0.00685,31,0.007,17,0.005
557,Kadabra,0.00663,30,0.007,23,0.007
558,Gabite,0.00663,30,0.007,23,0.007
559,Ivysaur,0.00641,29,0.006,24,0.007
560,Vulpix-Alola,0.00619,28,0.006,25,0.008
561,Natu,0.00619,28,0.006,20,0.006
562,Shroomish,0.00597,27,0.006,21,0.006
563,Stufful,0.00597,27,0.006,25,0.008
564,Goldeen,0.00574,26,0.006,21,0.006
565,Abra,0.00574,26,0.006,20,0.006
566,Nincada,0.00574,26,0.006,17,0.005
567,Morelull,0.00574,26,0.006,21,0.006
568,Chinchou,0.00552,25,0.006,19,0.006
569,Gloom,0.00552,25,0.006,17,0.005
570,Bulbasaur,0.00530,24,0.005,22,0.007
571,Eelektrik,0.00530,24,0.005,20,0.006
572,Palpitoad,0.00530,24,0.005,12,0.004
573,Joltik,0.00508,23,0.005,19,0.006
574,Prinplup,0.00508,23,0.005,19,0.006
575,Amaura,0.00508,23,0.005,18,0.006
576,Starly,0.00508,23,0.005,16,0.005
577,Croagunk,0.00508,23,0.005,13,0.004
578,Vullaby,0.00486,22,0.005,12,0.004
579,Wailmer,0.00464,21,0.005,17,0.005
580,Phantump,0.00464,21,0.005,19,0.006
581,Floette,0.00464,21,0.005,16,0.005
582,Mime Jr.,0.00442,20,0.004,15,0.005
583,Carvanha,0.00442,20,0.004,17,0.005
584,Servine,0.00442,20,0.004,7,0.002
585,Shieldon,0.00442,20,0.004,18,0.006
586,Frogadier,0.00420,19,0.004,15,0.005
587,Swirlix,0.00420,19,0.004,13,0.004
588,Gastly,0.00420,19,0.004,9,0.003
589,Larvesta,0.00398,18,0.004,10,0.003
590,Slowpoke,0.00398,18,0.004,16,0.005
591,Pichu,0.00398,18,0.004,16,0.005
592,Cosmoem,0.00398,18,0.004,16,0.005
593,Drifloon,0.00398,18,0.004,9,0.003
594,Spinarak,0.00398,18,0.004,14,0.004
595,Trumbeak,0.00398,18,0.004,18,0.006
596,Drilbur,0.00376,17,0.004,17,0.005
597,Phione,0.00376,17,0.004,12,0.004
598,Buneary,0.00353,16,0.004,6,0.002
599,Skiploom,0.00353,16,0.004,16,0.005
600,Remoraid,0.00353,16,0.004,12,0.004
601,Quilava,0.00353,16,0.004,12,0.004
602,Staryu,0.00353,16,0.004,13,0.004
603,Ducklett,0.00353,16,0.004,11,0.003
604,Shellder,0.00353,16,0.004,15,0.005
605,Smoochum,0.00353,16,0.004,15,0.005
606,Croconaw,0.00353,16,0.004,8,0.002
607,Shelmet,0.00353,16,0.004,14,0.004
608,Duosion,0.00331,15,0.003,14,0.004
609,Klang,0.00331,15,0.003,12,0.004
610,Porygon,0.00331,15,0.003,11,0.003
611,Pumpkaboo-Small,0.00331,15,0.003,15,0.005
612,Tyrunt,0.00331,15,0.003,15,0.005
613,Quilladin,0.00331,15,0.003,8,0.002
614,Numel,0.00309,14,0.003,10,0.003
615,Mareanie,0.00309,14,0.003,10,0.003
616,Metapod,0.00309,14,0.003,13,0.004
617,Taillow,0.00309,14,0.003,6,0.002
618,Torracat,0.00287,13,0.003,10,0.003
619,Kirlia,0.00287,13,0.003,9,0.003
620,Jigglypuff,0.00287,13,0.003,8,0.002
621,Duskull,0.00287,13,0.003,7,0.002
622,Omanyte,0.00287,13,0.003,8,0.002
623,Karrablast,0.00287,13,0.003,10,0.003
624,Rowlet,0.00265,12,0.003,11,0.003
625,Litten,0.00265,12,0.003,10,0.003
626,Bunnelby,0.00265,12,0.003,9,0.003
627,Magikarp,0.00265,12,0.003,11,0.003
628,Sunkern,0.00265,12,0.003,8,0.002
629,Gible,0.00265,12,0.003,7,0.002
630,Voltorb,0.00265,12,0.003,9,0.003
631,Hoppip,0.00265,12,0.003,12,0.004
632,Doduo,0.00243,11,0.002,5,0.002
633,Corphish,0.00243,11,0.002,9,0.003
634,Purrloin,0.00243,11,0.002,9,0.003
635,Ekans,0.00243,11,0.002,6,0.002
636,Flaaffy,0.00243,11,0.002,8,0.002
637,Dewott,0.00243,11,0.002,4,0.001
638,Vibrava,0.00243,11,0.002,10,0.003
639,Azurill,0.00221,10,0.002,7,0.002
640,Popplio,0.00221,10,0.002,6,0.002
641,Wooper,0.00221,10,0.002,4,0.001
642,Shuppet,0.00221,10,0.002,10,0.003
643,Woobat,0.00221,10,0.002,10,0.003
644,Wingull,0.00221,10,0.002,6,0.002
645,Spoink,0.00221,10,0.002,6,0.002
646,Gothita,0.00221,10,0.002,9,0.003
647,Grimer-Alola,0.00221,10,0.002,8,0.002
648,Foongus,0.00221,10,0.002,6,0.002
649,Golett,0.00221,10,0.002,7,0.002
650,Meowth,0.00221,10,0.002,6,0.002
651,Mudbray,0.00199,9,0.002,7,0.002
652,Geodude-Alola,0.00199,9,0.002,8,0.002
653,Igglybuff,0.00199,9,0.002,3,0.001
654,Brionne,0.00199,9,0.002,8,0.002
655,Skitty,0.00199,9,0.002,9,0.003
656,Charmeleon,0.00199,9,0.002,5,0.002
657,Meditite,0.00199,9,0.002,7,0.002
658,Litwick,0.00199,9,0.002,6,0.002
659,Cacnea,0.00199,9,0.002,8,0.002
660,Skrelp,0.00177,8,0.002,6,0.002
661,Charmander,0.00177,8,0.002,3,0.001
662,Weepinbell,0.00177,8,0.002,3,0.001
663,Sandshrew-Alola,0.00177,8,0.002,7,0.002
664,Squirtle,0.00177,8,0.002,6,0.002
665,Noibat,0.00177,8,0.002,7,0.002
666,Swinub,0.00177,8,0.002,6,0.002
667,Crabrawler,0.00177,8,0.002,7,0.002
668,Trapinch,0.00177,8,0.002,7,0.002
669,Growlithe,0.00177,8,0.002,7,0.002
670,Graveler,0.00177,8,0.002,8,0.002
671,Riolu,0.00177,8,0.002,6,0.002
672,Scatterbug,0.00177,8,0.002,5,0.002
673,Nuzleaf,0.00177,8,0.002,7,0.002
674,Steenee,0.00177,8,0.002,5,0.002
675,Cutiefly,0.00155,7,0.002,5,0.002
676,Bergmite,0.00155,7,0.002,5,0.002
677,Mareep,0.00155,7,0.002,4,0.001
678,Mudkip,0.00155,7,0.002,5,0.002
679,Baltoy,0.00155,7,0.002,6,0.002
680,Venipede,0.00155,7,0.002,5,0.002
681,Spheal,0.00155,7,0.002,7,0.002
682,Ponyta,0.00155,7,0.002,6,0.002
683,Kakuna,0.00155,7,0.002,5,0.002
684,Cosmog,0.00155,7,0.002,5,0.002
685,Yamask,0.00155,7,0.002,7,0.002
686,Bidoof,0.00155,7,0.002,2,0.001
687,Snivy,0.00155,7,0.002,6,0.002
688,Rhyhorn,0.00155,7,0.002,6,0.002
689,Torchic,0.00155,7,0.002,3,0.001
690,Zorua,0.00133,6,0.001,1,0.000
691,Vanillish,0.00133,6,0.001,5,0.002
692,Aipom,0.00133,6,0.001,3,0.001
693,Venonat,0.00133,6,0.001,4,0.001
694,Sandygast,0.00133,6,0.001,4,0.001
695,Chingling,0.00133,6,0.001,3,0.001
696,Kricketot,0.00133,6,0.001,5,0.002
697,Diglett,0.00133,6,0.001,5,0.002
698,Buizel,0.00133,6,0.001,4,0.001
699,Bronzor,0.00110,5,0.001,5,0.002
700,Paras,0.00110,5,0.001,3,0.001
701,Grotle,0.00110,5,0.001,5,0.002
702,Sewaddle,0.00110,5,0.001,3,0.001
703,Magby,0.00110,5,0.001,2,0.001
704,Nidorino,0.00110,5,0.001,4,0.001
705,Tyrogue,0.00110,5,0.001,5,0.002
706,Rockruff,0.00110,5,0.001,4,0.001
707,Luxio,0.00110,5,0.001,5,0.002
708,Exeggcute,0.00110,5,0.001,5,0.002
709,Weedle,0.00110,5,0.001,3,0.001
710,Caterpie,0.00110,5,0.001,4,0.001
711,Houndour,0.00088,4,0.001,0,0.000
712,Lotad,0.00088,4,0.001,4,0.001
713,Cascoon,0.00088,4,0.001,4,0.001
714,Boldore,0.00088,4,0.001,3,0.001
715,Trubbish,0.00088,4,0.001,3,0.001
716,Chimchar,0.00088,4,0.001,4,0.001
717,Dwebble,0.00088,4,0.001,4,0.001
718,Wurmple,0.00088,4,0.001,3,0.001
719,Anorith,0.00088,4,0.001,4,0.001
720,Psyduck,0.00066,3,0.001,1,0.000
721,Wimpod,0.00066,3,0.001,3,0.001
722,Deino,0.00066,3,0.001,2,0.001
723,Archen,0.00066,3,0.001,3,0.001
724,Totodile,0.00066,3,0.001,1,0.000
725,Poliwag,0.00066,3,0.001,2,0.001
726,Espurr,0.00066,3,0.001,2,0.001
727,Jangmo-o,0.00066,3,0.001,2,0.001
728,Axew,0.00066,3,0.001,3,0.001
729,Sandshrew,0.00066,3,0.001,3,0.001
730,Electrike,0.00066,3,0.001,3,0.001
731,Drowzee,0.00066,3,0.001,3,0.001
732,Spewpa,0.00066,3,0.001,2,0.001
733,Silcoon,0.00066,3,0.001,3,0.001
734,Poliwhirl,0.00066,3,0.001,2,0.001
735,Meowth-Alola,0.00066,3,0.001,2,0.001
736,Honedge,0.00066,3,0.001,3,0.001
737,Snover,0.00066,3,0.001,3,0.001
738,Oshawott,0.00066,3,0.001,0,0.000
739,Darumaka,0.00066,3,0.001,2,0.001
740,Mienfoo,0.00066,3,0.001,3,0.001
741,Piplup,0.00066,3,0.001,3,0.001
742,Flabebe,0.00066,3,0.001,3,0.001
743,Oddish,0.00044,2,0.000,2,0.001
744,Barboach,0.00044,2,0.000,2,0.001
745,Deerling,0.00044,2,0.000,2,0.001
746,Pidgeotto,0.00044,2,0.000,2,0.001
747,Vulpix,0.00044,2,0.000,2,0.001
748,Cyndaquil,0.00044,2,0.000,2,0.001
749,Dratini,0.00044,2,0.000,2,0.001
750,Clauncher,0.00044,2,0.000,1,0.000
751,Teddiursa,0.00044,2,0.000,2,0.001
752,Burmy,0.00044,2,0.000,2,0.001
753,Dewpider,0.00044,2,0.000,0,0.000
754,Chikorita,0.00044,2,0.000,2,0.001
755,Goomy,0.00044,2,0.000,2,0.001
756,Happiny,0.00044,2,0.000,1,0.000
757,Snorunt,0.00044,2,0.000,2,0.001
758,Fennekin,0.00044,2,0.000,2,0.001
759,Snubbull,0.00022,1,0.000,1,0.000
760,Pansage,0.00022,1,0.000,0,0.000
761,Minccino,0.00022,1,0.000,0,0.000
762,Diglett-Alola,0.00022,1,0.000,1,0.000
763,Treecko,0.00022,1,0.000,1,0.000
764,Pumpkaboo-Large,0.00022,1,0.000,1,0.000
765,Sentret,0.00022,1,0.000,0,0.000
766,Ralts,0.00022,1,0.000,1,0.000
767,Bellsprout,0.00022,1,0.000,1,0.000
768,Blitzle,0.00022,1,0.000,1,0.000
769,Shellos,0.00022,1,0.000,1,0.000
770,Slugma,0.00022,1,0.000,0,0.000
771,Swablu,0.00022,1,0.000,1,0.000
772,Patrat,0.00022,1,0.000,1,0.000
773,Stunky,0.00022,1,0.000,1,0.000
774,Kabuto,0.00022,1,0.000,1,0.000
775,Fraxure,0.00022,1,0.000,1,0.000
776,Zubat,0.00022,1,0.000,1,0.000
777,Horsea,0.00022,1,0.000,1,0.000
778,Zigzagoon,0.00022,1,0.000,0,0.000
779,Loudred,0.00022,1,0.000,1,0.000
780,Froakie,0.00022,1,0.000,1,0.000
781,Litleo,0.00022,1,0.000,1,0.000
782,Herdier,0.00022,1,0.000,1,0.000
783,Pidgey,0.00022,1,0.000,1,0.000
784,Tynamo,0.00022,1,0.000,1,0.000
785,Shinx,0.00022,1,0.000,1,0.000
786,Cubone,0.00022,1,0.000,1,0.000
787,Ledyba,0.00022,1,0.000,0,0.000
