 Total battles: 186306
 Avg. weight/team: 0.188
Rank,Pokemon,Usage percentage,Raw,Raw percentage,Real,Real percentage
1,Mimikyu,42.40117,96994,25.348,39148,24.576
2,Tapu Lele,34.09123,84312,22.034,32717,20.539
3,Kangaskhan-Mega,30.92949,58826,15.373,26905,16.890
4,Garchomp,28.66605,75395,19.704,30679,19.259
5,Tapu Fini,24.78735,53395,13.954,21523,13.512
6,Volcarona,23.84644,47124,12.315,17968,11.280
7,Salamence-Mega,21.52821,65301,17.066,27234,17.097
8,Celesteela,18.17733,48888,12.776,20494,12.866
9,Thundurus-Therian,16.82247,37191,9.719,13607,8.542
10,Blaziken,16.80789,53616,14.012,26261,16.486
11,Landorus-Therian,16.53921,45097,11.786,22959,14.413
12,Metagross-Mega,13.95130,32009,8.365,14975,9.401
13,Tapu Koko,13.74159,56865,14.861,24624,15.458
14,Hippowdon,12.45355,27397,7.160,13867,8.705
15,Cloyster,11.58189,34037,8.895,14454,9.074
16,Ferrothorn,11.51516,37138,9.706,17882,11.226
17,Charizard-Mega-X,10.89502,34414,8.994,15755,9.891
18,Gengar-Mega,10.70789,30959,8.091,12087,7.588
19,Excadrill,10.36343,32623,8.526,15091,9.474
20,Suicune,8.47444,18354,4.797,7232,4.540
21,Greninja,8.45121,38311,10.012,17387,10.915
22,Mamoswine,7.94056,29992,7.838,14495,9.100
23,Charizard-Mega-Y,7.50491,30743,8.034,14903,9.356
24,Tyranitar,7.39910,24425,6.383,10808,6.785
25,Breloom,7.18267,22744,5.944,10115,6.350
26,Aegislash,7.01106,39731,10.383,14333,8.998
27,Cresselia,6.97750,16091,4.205,6534,4.102
28,Heatran,6.41896,19316,5.048,8334,5.232
29,Gyarados-Mega,5.70808,26078,6.815,11566,7.261
30,Porygon2,5.63220,25097,6.559,9311,5.845
31,Thundurus,5.49528,11596,3.030,4294,2.696
32,Primarina,5.37432,12095,3.161,5516,3.463
33,Venusaur-Mega,5.28355,20542,5.368,8692,5.457
34,Serperior,5.17615,16653,4.352,6654,4.177
35,Tapu Bulu,5.13840,18449,4.821,7251,4.552
36,Kartana,5.10383,16841,4.401,7132,4.477
37,Lucario-Mega,4.26643,24981,6.528,10063,6.317
38,Dragonite,4.11735,20361,5.321,7527,4.725
39,Zapdos,3.63397,11671,3.050,4990,3.133
40,Marowak-Alola,3.23121,18133,4.739,6685,4.197
41,Pheromosa,3.19829,17053,4.457,8157,5.121
42,Magnezone,3.04969,15917,4.160,6088,3.822
43,Slowbro-Mega,2.65826,6485,1.695,2917,1.831
44,Scizor-Mega,2.63172,18381,4.804,7159,4.494
45,Hydreigon,2.61898,11560,3.021,3789,2.379
46,Toxapex,2.59081,15324,4.005,5633,3.536
47,Nihilego,2.53543,9626,2.516,4707,2.955
48,Gliscor,2.52751,10726,2.803,4199,2.636
49,Gyarados,2.32379,11747,3.070,5591,3.510
50,Azumarill,2.17399,10993,2.873,4681,2.939
51,Muk-Alola,2.10073,19338,5.054,7256,4.555
52,Chansey,2.07363,7350,1.921,3030,1.902
53,Latios,1.92879,8426,2.202,3108,1.951
54,Ninetales-Alola,1.92601,13367,3.493,6321,3.968
55,Xurkitree,1.88164,10313,2.695,4339,2.724
56,Rotom-Wash,1.71762,14839,3.878,6614,4.152
57,Alakazam-Mega,1.70014,8440,2.206,3675,2.307
58,Skarmory,1.67785,7600,1.986,3347,2.101
59,Rotom-Heat,1.67698,7643,1.997,3609,2.266
60,Rhyperior,1.67062,6028,1.575,2518,1.581
61,Gigalith,1.55748,4936,1.290,2942,1.847
62,Politoed,1.36143,5630,1.471,2749,1.726
63,Snorlax,1.35651,7362,1.924,3073,1.929
64,Clefable,1.22467,6590,1.722,2392,1.502
65,Kingdra,1.18109,6287,1.643,2498,1.568
66,Pinsir-Mega,1.18086,3688,0.964,1459,0.916
67,Porygon-Z,1.17781,11141,2.912,4943,3.103
68,Araquanid,1.15845,7093,1.854,2947,1.850
69,Gengar,1.10669,7157,1.870,3067,1.925
70,Buzzwole,1.09121,8673,2.267,2786,1.749
71,Amoonguss,1.03206,2712,0.709,1079,0.677
72,Sharpedo-Mega,0.98838,4603,1.203,2349,1.475
73,Whimsicott,0.86439,8143,2.128,4664,2.928
74,Salazzle,0.86140,7649,1.999,3086,1.937
75,Espeon,0.84822,8322,2.175,3455,2.169
76,Chandelure,0.84114,6828,1.784,2791,1.752
77,Glalie,0.81149,1729,0.452,641,0.402
78,Pelipper,0.79712,7325,1.914,4025,2.527
79,Blastoise-Mega,0.76846,4498,1.175,2281,1.432
80,Persian-Alola,0.76683,2828,0.739,1395,0.876
81,Arcanine,0.76526,8480,2.216,3322,2.085
82,Terrakion,0.70019,3169,0.828,1603,1.006
83,Sandslash-Alola,0.68312,2245,0.587,797,0.500
84,Quagsire,0.67136,4067,1.063,1779,1.117
85,Talonflame,0.66089,6629,1.732,2495,1.566
86,Swampert,0.65343,3751,0.980,2129,1.337
87,Scizor,0.61968,5175,1.352,1808,1.135
88,Pyukumuku,0.61892,6127,1.601,2904,1.823
89,Umbreon,0.58347,4651,1.215,1740,1.092
90,Entei,0.57581,2102,0.549,878,0.551
91,Sableye-Mega,0.57052,5879,1.536,2521,1.583
92,Scolipede,0.56126,5323,1.391,3127,1.963
93,Slowbro,0.52639,2518,0.658,952,0.598
94,Wobbuffet,0.52553,2396,0.626,996,0.625
95,Latias,0.51753,1907,0.498,566,0.355
96,Conkeldurr,0.51692,3649,0.954,1513,0.950
97,Lapras,0.48912,2112,0.552,791,0.497
98,Sylveon,0.47410,4538,1.186,1429,0.897
99,Donphan,0.45502,2978,0.778,1267,0.795
100,Eevee,0.44768,7038,1.839,4887,3.068
101,Weavile,0.44498,6097,1.593,2703,1.697
102,Reuniclus,0.44267,2124,0.555,752,0.472
103,Klefki,0.43909,4483,1.172,2251,1.413
104,Aerodactyl-Mega,0.43055,2376,0.621,1087,0.682
105,Ditto,0.41305,3691,0.965,1571,0.986
106,Torkoal,0.39552,2646,0.692,1576,0.989
107,Diggersby,0.39414,1876,0.490,785,0.493
108,Sceptile,0.39072,4229,1.105,1147,0.720
109,Nidoking,0.37654,4019,1.050,2085,1.309
110,Golisopod,0.35383,4521,1.182,1843,1.157
111,Krookodile,0.34233,4900,1.281,2109,1.324
112,Bisharp,0.34220,3441,0.899,1385,0.869
113,Uxie,0.32360,1107,0.289,664,0.417
114,Glalie-Mega,0.32060,1627,0.425,663,0.416
115,Zoroark,0.31049,2973,0.777,910,0.571
116,Gastrodon,0.30447,3712,0.970,1542,0.968
117,Ludicolo,0.29785,1783,0.466,702,0.441
118,Mandibuzz,0.29024,2985,0.780,965,0.606
119,Jellicent,0.28807,1787,0.467,673,0.422
120,Infernape,0.28181,5201,1.359,2538,1.593
121,Shuckle,0.27832,2449,0.640,1257,0.789
122,Togekiss,0.26360,5622,1.469,2240,1.406
123,Dragalge,0.26144,2043,0.534,879,0.552
124,Staraptor,0.25187,3973,1.038,1765,1.108
125,Dusclops,0.24012,1430,0.374,720,0.452
126,Lanturn,0.23845,2314,0.605,886,0.556
127,Shedinja,0.23353,961,0.251,338,0.212
128,Goodra,0.23073,4923,1.287,1723,1.082
129,Raikou,0.22804,1731,0.452,686,0.431
130,Bewear,0.22725,2999,0.784,871,0.547
131,Smeargle,0.22576,4203,1.098,2485,1.560
132,Bronzong,0.22401,2370,0.619,1135,0.713
133,Flygon,0.21697,5007,1.309,2402,1.508
134,Blissey,0.20914,2187,0.572,877,0.551
135,Moltres,0.20669,1096,0.286,474,0.298
136,Vikavolt,0.20301,3597,0.940,1208,0.758
137,Drifblim,0.19860,2105,0.550,1224,0.768
138,Magneton,0.19471,852,0.223,275,0.173
139,Dugtrio,0.19359,2462,0.643,1247,0.783
140,Milotic,0.19018,4253,1.111,1614,1.013
141,Jolteon,0.18440,4442,1.161,1971,1.237
142,Piloswine,0.17915,849,0.222,486,0.305
143,Garchomp-Mega,0.17382,3439,0.899,1580,0.992
144,Carracosta,0.17181,1090,0.285,394,0.247
145,Darmanitan,0.17113,1726,0.451,869,0.546
146,Sawk,0.16803,866,0.226,409,0.257
147,Raichu-Alola,0.16658,4436,1.159,1830,1.149
148,Metagross,0.15846,2448,0.640,859,0.539
149,Haxorus,0.14866,3043,0.795,1297,0.814
150,Meowstic,0.14706,886,0.232,493,0.309
151,Sharpedo,0.14655,1548,0.405,938,0.589
152,Minior,0.13871,3252,0.850,1390,0.873
153,Decidueye,0.13636,3385,0.885,1140,0.716
154,Crobat,0.13300,3015,0.788,1092,0.686
155,Empoleon,0.13266,1890,0.494,806,0.506
156,Mudsdale,0.12955,2914,0.762,1273,0.799
157,Alakazam,0.12765,1796,0.469,645,0.405
158,Kommo-o,0.12756,2011,0.526,669,0.420
159,Escavalier,0.12741,1027,0.268,333,0.209
160,Silvally,0.12459,961,0.251,400,0.251
161,Golbat,0.11988,581,0.152,111,0.070
162,Tangela,0.11950,391,0.102,174,0.109
163,Beartic,0.11898,399,0.104,130,0.082
164,Vaporeon,0.11715,1925,0.503,779,0.489
165,Crustle,0.11541,1469,0.384,794,0.498
166,Starmie,0.11500,1697,0.443,666,0.418
167,Gardevoir,0.11449,3104,0.811,1203,0.755
168,Crawdaunt,0.11374,1302,0.340,556,0.349
169,Salamence,0.11203,2619,0.684,964,0.605
170,Gothitelle,0.11119,1145,0.299,482,0.303
171,Incineroar,0.11006,3839,1.003,1499,0.941
172,Stoutland,0.10687,800,0.209,316,0.198
173,Leafeon,0.10209,1418,0.371,525,0.330
174,Jumpluff,0.10149,515,0.135,232,0.146
175,Skuntank,0.10125,288,0.075,86,0.054
176,Yanmega,0.09622,1040,0.272,415,0.261
177,Vivillon,0.08928,1545,0.404,656,0.412
178,Rotom-Mow,0.08893,707,0.185,291,0.183
179,Heliolisk,0.08811,1249,0.326,474,0.298
180,Tangrowth,0.08647,1619,0.423,454,0.285
181,Aerodactyl,0.08605,669,0.175,406,0.255
182,Gourgeist-Super,0.08467,528,0.138,242,0.152
183,Dhelmise,0.08366,2623,0.685,917,0.576
184,Omastar,0.08310,1100,0.287,602,0.378
185,Golem-Alola,0.08304,2137,0.558,1022,0.642
186,Galvantula,0.08188,2341,0.612,1179,0.740
187,Trevenant,0.07939,1944,0.508,859,0.539
188,Roserade,0.07937,2249,0.588,819,0.514
189,Chesnaught,0.07840,1174,0.307,432,0.271
190,Shiinotic,0.07646,1223,0.320,475,0.298
191,Noivern,0.07588,2013,0.526,830,0.521
192,Electivire,0.07573,2323,0.607,1067,0.670
193,Pikachu,0.07560,1535,0.401,570,0.358
194,Ninetales,0.07507,1102,0.288,508,0.319
195,Sableye,0.07446,1258,0.329,520,0.326
196,Delphox,0.07383,1940,0.507,746,0.468
197,Venusaur,0.07340,1365,0.357,518,0.325
198,Nidoqueen,0.07192,1518,0.397,643,0.404
199,Houndoom,0.07168,904,0.236,345,0.217
200,Slurpuff,0.07070,1300,0.340,544,0.342
201,Wishiwashi,0.06971,2062,0.539,948,0.595
202,Azelf,0.06899,801,0.209,356,0.223
203,Machamp,0.06166,2352,0.615,1068,0.670
204,Cobalion,0.06150,1855,0.485,905,0.568
205,Aurorus,0.06039,536,0.140,226,0.142
206,Rampardos,0.05911,558,0.146,207,0.130
207,Seismitoad,0.05896,910,0.238,343,0.215
208,Ambipom,0.05752,2333,0.610,1222,0.767
209,Exeggutor-Alola,0.05702,1580,0.413,656,0.412
210,Tsareena,0.05659,2072,0.541,586,0.368
211,Drampa,0.05410,1445,0.378,410,0.257
212,Lucario,0.05349,1710,0.447,642,0.403
213,Abomasnow,0.05300,726,0.190,326,0.205
214,Tornadus-Therian,0.05286,656,0.171,306,0.192
215,Crabominable,0.05107,1046,0.273,430,0.270
216,Linoone,0.05048,623,0.163,244,0.153
217,Regirock,0.04954,894,0.234,542,0.340
218,Lycanroc,0.04928,1700,0.444,700,0.439
219,Absol-Mega,0.04862,1454,0.380,570,0.358
220,Cofagrigus,0.04768,1233,0.322,573,0.360
221,Guzzlord,0.04637,765,0.200,276,0.173
222,Comfey,0.04634,1715,0.448,584,0.367
223,Lilligant,0.04605,1100,0.287,459,0.288
224,Swellow,0.04505,1898,0.496,1112,0.698
225,Klinklang,0.04487,754,0.197,230,0.144
226,Cradily,0.04369,1258,0.329,487,0.306
227,Togedemaru,0.04360,1620,0.423,724,0.455
228,Pyroar,0.04291,1145,0.299,492,0.309
229,Golurk,0.04289,1131,0.296,550,0.345
230,Steelix,0.04269,942,0.246,466,0.293
231,Dugtrio-Alola,0.04252,1117,0.292,542,0.340
232,Typhlosion,0.04238,3237,0.846,1120,0.703
233,Lopunny,0.04215,601,0.157,299,0.188
234,Emolga,0.04198,627,0.164,326,0.205
235,Lycanroc-Midnight,0.04145,1150,0.301,555,0.348
236,Cinccino,0.04108,1464,0.383,761,0.478
237,Xatu,0.04108,438,0.114,154,0.097
238,Exploud,0.04097,835,0.218,416,0.261
239,Jynx,0.04011,314,0.082,108,0.068
240,Honchkrow,0.03998,1418,0.371,527,0.331
241,Torterra,0.03877,1052,0.275,409,0.257
242,Froslass,0.03862,1147,0.300,376,0.236
243,Turtonator,0.03848,1089,0.285,401,0.252
244,Ribombee,0.03771,1895,0.495,740,0.465
245,Luxray,0.03690,1194,0.312,498,0.313
246,Avalugg,0.03647,892,0.233,373,0.234
247,Slowking,0.03645,549,0.143,224,0.141
248,Ninjask,0.03626,1585,0.414,1048,0.658
249,Hawlucha,0.03522,1880,0.491,795,0.499
250,Scrafty,0.03399,1565,0.409,695,0.436
251,Gothorita,0.03360,78,0.020,45,0.028
252,Raticate-Alola,0.03255,447,0.117,207,0.130
253,Feraligatr,0.03229,1780,0.465,712,0.447
254,Mismagius,0.03225,1014,0.265,294,0.185
255,Gallade,0.03179,1253,0.327,501,0.315
256,Rotom-Frost,0.03120,568,0.148,232,0.146
257,Heracross,0.03034,1441,0.377,474,0.298
258,Durant,0.02992,1233,0.322,815,0.512
259,Scyther,0.02972,575,0.150,245,0.154
260,Type: Null,0.02946,674,0.176,202,0.127
261,Aggron,0.02944,1316,0.344,424,0.266
262,Kangaskhan,0.02943,572,0.149,327,0.205
263,Murkrow,0.02887,636,0.166,211,0.132
264,Landorus,0.02851,305,0.080,117,0.073
265,Glaceon,0.02844,856,0.224,288,0.181
266,Komala,0.02836,862,0.225,284,0.178
267,Musharna,0.02835,158,0.041,104,0.065
268,Drapion,0.02813,1203,0.314,524,0.329
269,Manectric,0.02693,511,0.134,225,0.141
270,Palossand,0.02685,1248,0.326,430,0.270
271,Gumshoos,0.02679,405,0.106,186,0.117
272,Kabutops,0.02651,476,0.124,163,0.102
273,Venomoth,0.02642,686,0.179,310,0.195
274,Vanilluxe,0.02605,2137,0.558,1088,0.683
275,Meowth,0.02585,43,0.011,13,0.008
276,Malamar,0.02546,1381,0.361,639,0.401
277,Toxicroak,0.02478,1385,0.362,465,0.292
278,Flareon,0.02459,1074,0.281,368,0.231
279,Tentacruel,0.02428,1554,0.406,502,0.315
280,Mantine,0.02416,750,0.196,301,0.189
281,Alomomola,0.02402,574,0.150,231,0.145
282,Virizion,0.02359,459,0.120,180,0.113
283,Registeel,0.02284,361,0.094,142,0.089
284,Eelektross,0.02166,1430,0.374,640,0.402
285,Tyrantrum,0.02160,1235,0.323,526,0.330
286,Oranguru,0.02134,528,0.138,175,0.110
287,Regice,0.02122,357,0.093,148,0.093
288,Mienshao,0.02083,951,0.249,400,0.251
289,Victreebel,0.02079,1720,0.450,878,0.551
290,Charizard,0.02065,913,0.239,408,0.256
291,Toucannon,0.02062,1213,0.317,486,0.305
292,Octillery,0.02040,354,0.093,146,0.092
293,Hariyama,0.02019,741,0.194,269,0.169
294,Miltank,0.01976,483,0.126,236,0.148
295,Simisear,0.01923,147,0.038,47,0.030
296,Gourgeist,0.01770,45,0.012,27,0.017
297,Zangoose,0.01756,306,0.080,145,0.091
298,Dusknoir,0.01730,954,0.249,383,0.240
299,Kecleon,0.01728,678,0.177,248,0.156
300,Golem,0.01633,337,0.088,143,0.090
301,Weezing,0.01626,1719,0.449,741,0.465
302,Hitmonchan,0.01619,431,0.113,185,0.116
303,Floatzel,0.01606,472,0.123,193,0.121
304,Lurantis,0.01579,575,0.150,168,0.105
305,Poliwrath,0.01570,697,0.182,343,0.215
306,Plusle,0.01549,44,0.011,13,0.008
307,Carbink,0.01547,491,0.128,278,0.175
308,Clawitzer,0.01539,1107,0.289,525,0.330
309,Liepard,0.01488,800,0.209,391,0.245
310,Slaking,0.01477,796,0.208,400,0.251
311,Hitmontop,0.01458,470,0.123,169,0.106
312,Sigilyph,0.01423,1016,0.266,447,0.281
313,Bastiodon,0.01381,387,0.101,209,0.131
314,Spiritomb,0.01364,1118,0.292,507,0.318
315,Pachirisu,0.01332,140,0.037,42,0.026
316,Articuno,0.01328,534,0.140,241,0.151
317,Bibarel,0.01303,448,0.117,201,0.126
318,Masquerain,0.01301,609,0.159,319,0.200
319,Pangoro,0.01293,655,0.171,278,0.175
320,Charmeleon,0.01261,80,0.021,25,0.016
321,Lickilicky,0.01231,201,0.053,88,0.055
322,Raichu,0.01203,945,0.247,421,0.264
323,Gourgeist-Small,0.01197,189,0.049,90,0.056
324,Forretress,0.01187,597,0.156,299,0.188
325,Florges,0.01164,722,0.189,219,0.137
326,Accelgor,0.01134,1097,0.287,532,0.334
327,Swoobat,0.01120,383,0.100,166,0.104
328,Aron,0.01109,582,0.152,311,0.195
329,Silvally-Steel,0.01099,255,0.067,73,0.046
330,Relicanth,0.01090,220,0.057,55,0.035
331,Beedrill,0.01086,160,0.042,45,0.028
332,Hitmonlee,0.01085,700,0.183,318,0.200
333,Medicham,0.01077,543,0.142,203,0.127
334,Meganium,0.01074,535,0.140,217,0.136
335,Dodrio,0.01067,683,0.178,257,0.161
336,Blastoise,0.01049,873,0.228,310,0.195
337,Rotom-Fan,0.01041,281,0.073,124,0.078
338,Cryogonal,0.01038,509,0.133,235,0.148
339,Ariados,0.01025,712,0.186,327,0.205
340,Muk,0.01013,299,0.078,114,0.072
341,Vileplume,0.01010,212,0.055,57,0.036
342,Archeops,0.00996,771,0.201,314,0.197
343,Qwilfish,0.00971,468,0.122,178,0.112
344,Cleffa,0.00967,44,0.011,4,0.003
345,Swinub,0.00961,35,0.009,9,0.006
346,Magnemite,0.00944,391,0.102,143,0.090
347,Sudowoodo,0.00931,244,0.064,109,0.068
348,Bruxish,0.00924,603,0.158,256,0.161
349,Haunter,0.00905,264,0.069,102,0.064
350,Silvally-Fairy,0.00900,118,0.031,36,0.023
351,Druddigon,0.00895,211,0.055,78,0.049
352,Audino,0.00891,128,0.033,48,0.030
353,Oricorio-Pom-Pom,0.00886,213,0.056,109,0.068
354,Rapidash,0.00872,359,0.094,122,0.077
355,Gorebyss,0.00868,318,0.083,187,0.117
356,Granbull,0.00859,420,0.110,140,0.088
357,Bouffalant,0.00857,361,0.094,153,0.096
358,Exeggutor,0.00856,485,0.127,190,0.119
359,Leavanny,0.00847,244,0.064,96,0.060
360,Throh,0.00826,138,0.036,23,0.014
361,Gligar,0.00812,369,0.096,169,0.106
362,Electrode,0.00796,759,0.198,442,0.277
363,Walrein,0.00788,598,0.156,187,0.117
364,Rhydon,0.00748,239,0.062,85,0.053
365,Zebstrika,0.00747,205,0.054,64,0.040
366,Doublade,0.00724,433,0.113,156,0.098
367,Grovyle,0.00712,86,0.022,29,0.018
368,Probopass,0.00706,374,0.098,110,0.069
369,Mudbray,0.00691,91,0.024,27,0.017
370,Parasect,0.00674,327,0.085,121,0.076
371,Emboar,0.00666,939,0.245,370,0.232
372,Claydol,0.00659,331,0.087,121,0.076
373,Dedenne,0.00656,545,0.142,263,0.165
374,Mawile,0.00616,280,0.073,90,0.056
375,Golduck,0.00613,870,0.227,404,0.254
376,Wailord,0.00607,138,0.036,63,0.040
377,Misdreavus,0.00602,452,0.118,176,0.110
378,Seaking,0.00601,137,0.036,55,0.035
379,Silvally-Bug,0.00594,61,0.016,11,0.007
380,Braviary,0.00590,697,0.182,254,0.159
381,Passimian,0.00589,317,0.083,130,0.082
382,Tornadus,0.00586,116,0.030,42,0.026
383,Vigoroth,0.00568,72,0.019,20,0.013
384,Marowak,0.00553,217,0.057,106,0.067
385,Samurott,0.00546,337,0.088,128,0.080
386,Oricorio-Sensu,0.00534,173,0.045,61,0.038
387,Beheeyem,0.00497,147,0.038,84,0.053
388,Rotom,0.00485,203,0.053,101,0.063
389,Furfrou,0.00464,261,0.068,138,0.087
390,Pidgeot,0.00457,579,0.151,161,0.101
391,Chatot,0.00444,537,0.140,274,0.172
392,Magikarp,0.00441,210,0.055,57,0.036
393,Gogoat,0.00427,237,0.062,62,0.039
394,Pichu,0.00426,85,0.022,5,0.003
395,Poliwhirl,0.00411,191,0.050,76,0.048
396,Lunatone,0.00389,99,0.026,39,0.024
397,Silvally-Fire,0.00388,118,0.031,44,0.028
398,Armaldo,0.00387,469,0.123,152,0.095
399,Regigigas,0.00382,183,0.048,93,0.058
400,Spinda,0.00380,227,0.059,126,0.079
401,Ampharos,0.00375,433,0.113,134,0.084
402,Altaria,0.00371,318,0.083,122,0.077
403,Brionne,0.00368,14,0.004,6,0.004
404,Mr. Mime,0.00368,529,0.138,222,0.139
405,Totodile,0.00366,20,0.005,5,0.003
406,Spinarak,0.00362,10,0.003,0,0.000
407,Barbaracle,0.00356,269,0.070,102,0.064
408,Oricorio,0.00351,166,0.043,37,0.023
409,Absol,0.00341,401,0.105,125,0.078
410,Huntail,0.00337,149,0.039,81,0.051
411,Rattata-Alola,0.00334,40,0.010,26,0.016
412,Tauros,0.00323,197,0.051,64,0.040
413,Hypno,0.00316,164,0.043,60,0.038
414,Riolu,0.00295,150,0.039,93,0.058
415,Swanna,0.00294,96,0.025,41,0.026
416,Cacturne,0.00284,254,0.066,100,0.063
417,Caterpie,0.00284,65,0.017,15,0.009
418,Silvally-Electric,0.00283,96,0.025,19,0.012
419,Bellossom,0.00282,119,0.031,54,0.034
420,Camerupt,0.00280,407,0.106,85,0.053
421,Magmortar,0.00278,645,0.169,275,0.173
422,Castform,0.00269,95,0.025,41,0.026
423,Volbeat,0.00256,641,0.168,386,0.242
424,Kadabra,0.00242,151,0.039,72,0.045
425,Vespiquen,0.00237,174,0.045,65,0.041
426,Clefairy,0.00237,146,0.038,36,0.023
427,Mightyena,0.00230,335,0.088,80,0.050
428,Primeape,0.00225,233,0.061,109,0.068
429,Silvally-Water,0.00217,85,0.022,24,0.015
430,Electabuzz,0.00208,246,0.064,91,0.057
431,Torchic,0.00204,55,0.014,14,0.009
432,Garbodor,0.00203,72,0.019,28,0.018
433,Dunsparce,0.00203,215,0.056,78,0.049
434,Aromatisse,0.00202,141,0.037,56,0.035
435,Swalot,0.00199,62,0.016,24,0.015
436,Lumineon,0.00198,65,0.017,30,0.019
437,Silvally-Ground,0.00196,59,0.015,23,0.014
438,Duskull,0.00193,20,0.005,13,0.008
439,Feebas,0.00188,31,0.008,2,0.001
440,Gastly,0.00185,77,0.020,31,0.019
441,Silvally-Poison,0.00185,85,0.022,23,0.014
442,Goldeen,0.00184,25,0.007,0,0.000
443,Watchog,0.00180,22,0.006,10,0.006
444,Fearow,0.00178,60,0.016,27,0.017
445,Heatmor,0.00177,200,0.052,72,0.045
446,Munchlax,0.00174,101,0.026,33,0.021
447,Silvally-Flying,0.00174,62,0.016,16,0.010
448,Silvally-Grass,0.00171,83,0.022,17,0.011
449,Silvally-Dragon,0.00169,63,0.016,23,0.014
450,Illumise,0.00166,53,0.014,38,0.024
451,Tropius,0.00165,573,0.150,220,0.138
452,Noctowl,0.00157,131,0.034,46,0.029
453,Chimecho,0.00157,322,0.084,106,0.067
454,Poliwag,0.00148,137,0.036,68,0.043
455,Mesprit,0.00148,242,0.063,54,0.034
456,Ursaring,0.00147,221,0.058,89,0.056
457,Spritzee,0.00146,15,0.004,1,0.001
458,Lampent,0.00144,13,0.003,5,0.003
459,Litwick,0.00144,16,0.004,2,0.001
460,Shellos,0.00141,23,0.006,7,0.004
461,Marill,0.00140,38,0.010,12,0.008
462,Seviper,0.00138,358,0.094,174,0.109
463,Shiftry,0.00137,173,0.045,92,0.058
464,Kricketune,0.00131,61,0.016,16,0.010
465,Slowpoke,0.00129,10,0.003,7,0.004
466,Girafarig,0.00122,110,0.029,34,0.021
467,Corsola,0.00121,98,0.026,26,0.016
468,Butterfree,0.00119,243,0.064,74,0.046
469,Togetic,0.00118,284,0.074,113,0.071
470,Ferroseed,0.00114,32,0.008,16,0.010
471,Starly,0.00113,154,0.040,30,0.019
472,Diglett,0.00112,43,0.011,22,0.014
473,Pidgeotto,0.00112,17,0.004,3,0.002
474,Dustox,0.00108,37,0.010,12,0.008
475,Delibird,0.00107,124,0.032,44,0.028
476,Pidove,0.00104,16,0.004,1,0.001
477,Whirlipede,0.00101,33,0.009,16,0.010
478,Furret,0.00100,487,0.127,119,0.075
479,Unfezant,0.00099,151,0.039,64,0.040
480,Meditite,0.00098,49,0.013,28,0.018
481,Farfetch'd,0.00097,56,0.015,22,0.014
482,Silvally-Fighting,0.00096,96,0.025,24,0.015
483,Magmar,0.00096,40,0.010,21,0.013
484,Braixen,0.00095,156,0.041,57,0.036
485,Ralts,0.00095,28,0.007,22,0.014
486,Hakamo-o,0.00094,17,0.004,8,0.005
487,Banette,0.00092,210,0.055,84,0.053
488,Machoke,0.00092,80,0.021,38,0.024
489,Sealeo,0.00091,48,0.013,34,0.021
490,Dragonair,0.00091,125,0.033,34,0.021
491,Cherrim,0.00089,38,0.010,12,0.008
492,Mime Jr.,0.00086,17,0.004,4,0.003
493,Dewgong,0.00083,104,0.027,32,0.020
494,Grotle,0.00081,32,0.008,14,0.009
495,Wigglytuff,0.00080,297,0.078,118,0.074
496,Silvally-Ice,0.00079,58,0.015,17,0.011
497,Solosis,0.00075,43,0.011,32,0.020
498,Yanma,0.00075,41,0.011,8,0.005
499,Metang,0.00074,38,0.010,17,0.011
500,Kingler,0.00074,238,0.062,100,0.063
501,Gourgeist-Large,0.00065,31,0.008,6,0.004
502,Sunkern,0.00065,32,0.008,13,0.008
503,Solrock,0.00065,165,0.043,44,0.028
504,Larvitar,0.00064,57,0.015,20,0.013
505,Taillow,0.00063,164,0.043,73,0.046
506,Arbok,0.00061,1193,0.312,500,0.314
507,Bayleef,0.00059,21,0.005,8,0.005
508,Charjabug,0.00058,42,0.011,17,0.011
509,Stunfisk,0.00056,118,0.031,51,0.032
510,Cubone,0.00052,22,0.006,11,0.007
511,Torracat,0.00052,71,0.019,30,0.019
512,Staravia,0.00047,4,0.001,0,0.000
513,Abra,0.00046,17,0.004,6,0.004
514,Purugly,0.00046,53,0.014,24,0.015
515,Silvally-Ghost,0.00045,198,0.052,106,0.067
516,Maractus,0.00042,39,0.010,7,0.004
517,Carvanha,0.00041,77,0.020,37,0.023
518,Cottonee,0.00039,58,0.015,20,0.013
519,Wartortle,0.00037,27,0.007,9,0.006
520,Sawsbuck,0.00035,122,0.032,46,0.029
521,Persian,0.00034,88,0.023,35,0.022
522,Froakie,0.00033,41,0.011,12,0.008
523,Wormadam-Trash,0.00033,39,0.010,10,0.006
524,Vibrava,0.00033,8,0.002,1,0.001
525,Prinplup,0.00030,33,0.009,14,0.009
526,Silvally-Dark,0.00024,78,0.020,17,0.011
527,Jigglypuff,0.00024,9,0.002,5,0.003
528,Baltoy,0.00024,8,0.002,1,0.001
529,Graveler,0.00023,18,0.005,4,0.003
530,Basculin,0.00023,44,0.011,22,0.014
531,Gible,0.00022,10,0.003,4,0.003
532,Axew,0.00022,3,0.001,0,0.000
533,Omanyte,0.00021,10,0.003,2,0.001
534,Combusken,0.00021,54,0.014,38,0.024
535,Grumpig,0.00020,45,0.012,17,0.011
536,Piplup,0.00020,14,0.004,13,0.008
537,Eelektrik,0.00020,25,0.007,15,0.009
538,Minun,0.00019,33,0.009,15,0.009
539,Natu,0.00019,1,0.000,1,0.001
540,Psyduck,0.00019,9,0.002,3,0.002
541,Woobat,0.00019,70,0.018,32,0.020
542,Sunflora,0.00018,62,0.016,18,0.011
543,Ducklett,0.00018,4,0.001,2,0.001
544,Shieldon,0.00018,10,0.003,3,0.002
545,Houndour,0.00017,6,0.002,1,0.001
546,Mareanie,0.00017,66,0.017,22,0.014
547,Onix,0.00016,205,0.054,148,0.093
548,Delcatty,0.00015,41,0.011,13,0.008
549,Pansage,0.00015,8,0.002,4,0.003
550,Whiscash,0.00015,108,0.028,43,0.027
551,Zigzagoon,0.00013,13,0.003,4,0.003
552,Hoothoot,0.00012,8,0.002,0,0.000
553,Happiny,0.00012,2,0.001,2,0.001
554,Ivysaur,0.00012,24,0.006,7,0.004
555,Dewott,0.00011,8,0.002,3,0.002
556,Steenee,0.00011,20,0.005,4,0.003
557,Rattata,0.00011,122,0.032,71,0.045
558,Metapod,0.00011,13,0.003,3,0.002
559,Kakuna,0.00011,12,0.003,4,0.003
560,Rowlet,0.00011,18,0.005,9,0.006
561,Sandslash,0.00010,477,0.125,180,0.113
562,Weepinbell,0.00010,18,0.005,6,0.004
563,Pinsir,0.00010,29,0.008,9,0.006
564,Aipom,0.00009,16,0.004,6,0.004
565,Chikorita,0.00009,24,0.006,16,0.010
566,Bidoof,0.00009,130,0.034,52,0.033
567,Zweilous,0.00008,16,0.004,7,0.004
568,Sneasel,0.00008,71,0.019,29,0.018
569,Pancham,0.00008,11,0.003,8,0.005
570,Tranquill,0.00008,12,0.003,2,0.001
571,Hippopotas,0.00007,73,0.019,42,0.026
572,Skiploom,0.00007,18,0.005,11,0.007
573,Remoraid,0.00007,17,0.004,15,0.009
574,Flaaffy,0.00007,30,0.008,16,0.010
575,Carnivine,0.00007,57,0.015,23,0.014
576,Raticate,0.00006,38,0.010,22,0.014
577,Elekid,0.00006,9,0.002,1,0.001
578,Dratini,0.00006,7,0.002,4,0.003
579,Weedle,0.00006,24,0.006,8,0.005
580,Magcargo,0.00006,176,0.046,79,0.050
581,Machop,0.00005,3,0.001,1,0.001
582,Gurdurr,0.00005,95,0.025,35,0.022
583,Croconaw,0.00005,15,0.004,3,0.002
584,Litten,0.00005,18,0.005,6,0.004
585,Elgyem,0.00005,9,0.002,7,0.004
586,Flabebe,0.00005,9,0.002,0,0.000
587,Golett,0.00005,1,0.000,1,0.001
588,Fraxure,0.00005,11,0.003,3,0.002
589,Roselia,0.00005,34,0.009,15,0.009
590,Oricorio-Pa'u,0.00005,17,0.004,8,0.005
591,Ledian,0.00004,69,0.018,37,0.023
592,Bonsly,0.00004,23,0.006,10,0.006
593,Fennekin,0.00004,13,0.003,4,0.003
594,Nosepass,0.00004,173,0.045,64,0.040
595,Rhyhorn,0.00004,6,0.002,5,0.003
596,Wormadam-Sandy,0.00004,36,0.009,18,0.011
597,Pignite,0.00004,18,0.005,7,0.004
598,Shuppet,0.00004,9,0.002,7,0.004
599,Simisage,0.00004,24,0.006,13,0.008
600,Porygon,0.00004,24,0.006,13,0.008
601,Monferno,0.00004,36,0.009,24,0.015
602,Shelgon,0.00003,35,0.009,7,0.004
603,Oshawott,0.00003,35,0.009,12,0.008
604,Snivy,0.00003,18,0.005,2,0.001
605,Lombre,0.00003,1,0.000,1,0.001
606,Scraggy,0.00003,8,0.002,2,0.001
607,Bronzor,0.00003,14,0.004,14,0.009
608,Unown,0.00003,18,0.005,8,0.005
609,Voltorb,0.00003,9,0.002,1,0.001
610,Krokorok,0.00002,33,0.009,9,0.006
611,Rufflet,0.00002,19,0.005,9,0.006
612,Pansear,0.00002,3,0.001,1,0.001
613,Salandit,0.00002,22,0.006,13,0.008
614,Treecko,0.00002,31,0.008,11,0.007
615,Simipour,0.00001,34,0.009,20,0.013
616,Buizel,0.00001,80,0.021,29,0.018
617,Frogadier,0.00001,17,0.004,2,0.001
618,Palpitoad,0.00001,18,0.005,10,0.006
619,Cacnea,0.00001,6,0.002,3,0.002
620,Graveler-Alola,0.00001,17,0.004,6,0.004
621,Crabrawler,0.00001,4,0.001,1,0.001
622,Diglett-Alola,0.00001,3,0.001,0,0.000
623,Trapinch,0.00001,3,0.001,0,0.000
624,Squirtle,0.00001,39,0.010,17,0.011
625,Popplio,0.00001,10,0.003,5,0.003
626,Seadra,0.00001,4,0.001,2,0.001
627,Marshtomp,0.00001,10,0.003,3,0.002
628,Wynaut,0.00001,23,0.006,7,0.004
629,Nuzleaf,0.00001,1,0.000,1,0.001
630,Combee,0.00001,6,0.002,3,0.002
631,Shellder,0.00000,11,0.003,1,0.001
632,Bunnelby,0.00000,6,0.002,1,0.001
633,Rockruff,0.00000,10,0.003,1,0.001
634,Silcoon,0.00000,2,0.001,1,0.001
635,Charmander,0.00000,25,0.007,9,0.006
636,Stufful,0.00000,8,0.002,1,0.001
637,Gabite,0.00000,11,0.003,5,0.003
638,Quilladin,0.00000,15,0.004,9,0.006
639,Staryu,0.00000,6,0.002,4,0.003
640,Bulbasaur,0.00000,23,0.006,17,0.011
641,Drifloon,0.00000,28,0.007,27,0.017
642,Vulpix-Alola,0.00000,44,0.011,19,0.012
643,Wimpod,0.00000,13,0.003,8,0.005
644,Corphish,0.00000,12,0.003,8,0.005
645,Magby,0.00000,4,0.001,1,0.001
646,Honedge,0.00000,2,0.001,0,0.000
647,Phantump,0.00000,6,0.002,3,0.002
648,Wormadam,0.00000,55,0.014,26,0.016
649,Espurr,0.00000,29,0.008,13,0.008
650,Minccino,0.00000,4,0.001,1,0.001
651,Cascoon,0.00000,2,0.001,1,0.001
652,Surskit,0.00000,11,0.003,11,0.007
653,Chingling,0.00000,9,0.002,2,0.001
654,Fletchinder,0.00000,4,0.001,2,0.001
655,Pawniard,0.00000,7,0.002,3,0.002
656,Anorith,0.00000,4,0.001,2,0.001
657,Beautifly,0.00000,16,0.004,8,0.005
658,Lillipup,0.00000,6,0.002,3,0.002
659,Purrloin,0.00000,3,0.001,0,0.000
660,Mudkip,0.00000,25,0.007,7,0.004
661,Tirtouga,0.00000,21,0.005,12,0.008
662,Dartrix,0.00000,14,0.004,6,0.004
663,Duosion,0.00000,1,0.000,1,0.001
664,Lickitung,0.00000,77,0.020,9,0.006
665,Skrelp,0.00000,2,0.001,1,0.001
666,Tentacool,0.00000,1,0.000,0,0.000
667,Nidorino,0.00000,6,0.002,2,0.001
668,Pineco,0.00000,57,0.015,43,0.027
669,Nincada,0.00000,17,0.004,5,0.003
670,Vullaby,0.00000,65,0.017,46,0.029
671,Foongus,0.00000,2,0.001,1,0.001
672,Gloom,0.00000,14,0.004,2,0.001
673,Koffing,0.00000,8,0.002,6,0.004
674,Teddiursa,0.00000,60,0.016,4,0.003
675,Goomy,0.00000,1,0.000,1,0.001
676,Clamperl,0.00000,15,0.004,10,0.006
677,Chespin,0.00000,5,0.001,2,0.001
678,Quilava,0.00000,94,0.025,53,0.033
679,Phanpy,0.00000,16,0.004,5,0.003
680,Slugma,0.00000,4,0.001,4,0.003
681,Cyndaquil,0.00000,5,0.001,3,0.002
682,Chinchou,0.00000,2,0.001,1,0.001
683,Growlithe,0.00000,4,0.001,2,0.001
684,Togepi,0.00000,18,0.005,5,0.003
685,Tyrogue,0.00000,4,0.001,1,0.001
686,Wingull,0.00000,3,0.001,1,0.001
687,Makuhita,0.00000,3,0.001,2,0.001
688,Luvdisc,0.00000,14,0.004,7,0.004
689,Swirlix,0.00000,6,0.002,3,0.002
690,Servine,0.00000,12,0.003,6,0.004
691,Trumbeak,0.00000,2,0.001,0,0.000
692,Lairon,0.00000,5,0.001,4,0.003
693,Trubbish,0.00000,24,0.006,2,0.001
694,Dwebble,0.00000,2,0.001,1,0.001
695,Electrike,0.00000,1,0.000,1,0.001
696,Mienfoo,0.00000,2,0.001,2,0.001
697,Vanillish,0.00000,7,0.002,2,0.001
698,Snover,0.00000,3,0.001,3,0.002
699,Zorua,0.00000,11,0.003,1,0.001
700,Shelmet,0.00000,43,0.011,18,0.011
701,Numel,0.00000,8,0.002,4,0.003
702,Krabby,0.00000,20,0.005,16,0.010
703,Herdier,0.00000,8,0.002,2,0.001
704,Cutiefly,0.00000,5,0.001,4,0.003
705,Mothim,0.00000,5,0.001,2,0.001
706,Wooper,0.00000,2,0.001,2,0.001
707,Sewaddle,0.00000,3,0.001,1,0.001
708,Patrat,0.00000,1,0.000,1,0.001
709,Stantler,0.00000,5,0.001,1,0.001
710,Zubat,0.00000,5,0.001,2,0.001
711,Boldore,0.00000,7,0.002,5,0.003
712,Mareep,0.00000,6,0.002,5,0.003
713,Oddish,0.00000,29,0.008,4,0.003
714,Shroomish,0.00000,5,0.001,2,0.001
715,Spheal,0.00000,3,0.001,3,0.002
716,Pikipek,0.00000,1,0.000,0,0.000
717,Yungoos,0.00000,1,0.000,0,0.000
718,Chimchar,0.00000,11,0.003,9,0.006
719,Roggenrola,0.00000,1,0.000,1,0.001
720,Yamask,0.00000,13,0.003,0,0.000
721,Buneary,0.00000,6,0.002,1,0.001
722,Wailmer,0.00000,1,0.000,1,0.001
723,Mankey,0.00000,1,0.000,0,0.000
724,Snubbull,0.00000,6,0.002,0,0.000
725,Slakoth,0.00000,1,0.000,0,0.000
726,Klang,0.00000,1,0.000,0,0.000
727,NidoranM,0.00000,2,0.001,1,0.001
728,Seel,0.00000,1,0.000,0,0.000
729,Kirlia,0.00000,4,0.001,1,0.001
730,Bergmite,0.00000,1,0.000,1,0.001
731,Pumpkaboo,0.00000,2,0.001,1,0.001
732,Sandygast,0.00000,1,0.000,0,0.000
733,Fletchling,0.00000,4,0.001,1,0.001
734,Jangmo-o,0.00000,2,0.001,0,0.000
735,Gulpin,0.00000,2,0.001,0,0.000
736,Paras,0.00000,2,0.001,1,0.001
737,Mantyke,0.00000,1,0.000,1,0.001
738,Tepig,0.00000,4,0.001,2,0.001
739,Deerling,0.00000,1,0.000,0,0.000
740,Venipede,0.00000,5,0.001,0,0.000
741,Vulpix,0.00000,7,0.002,5,0.003
742,Bellsprout,0.00000,3,0.001,0,0.000
743,Amaura,0.00000,9,0.002,3,0.002
744,Sandshrew-Alola,0.00000,1,0.000,0,0.000
745,Geodude-Alola,0.00000,3,0.001,1,0.001
746,Silvally-Psychic,0.00000,4,0.001,0,0.000
747,Blitzle,0.00000,3,0.001,0,0.000
748,Floette,0.00000,10,0.003,1,0.001
749,Bounsweet,0.00000,1,0.000,0,0.000
750,Drowzee,0.00000,4,0.001,1,0.001
751,Spewpa,0.00000,1,0.000,0,0.000
752,Loudred,0.00000,1,0.000,1,0.001
753,Igglybuff,0.00000,1,0.000,1,0.001
754,Clauncher,0.00000,5,0.001,2,0.001
755,Geodude,0.00000,2,0.001,1,0.001
756,Noibat,0.00000,3,0.001,1,0.001
757,Meowth-Alola,0.00000,1,0.000,1,0.001
758,Timburr,0.00000,1,0.000,1,0.001
759,Kabuto,0.00000,1,0.000,0,0.000
760,Morelull,0.00000,2,0.001,0,0.000
761,Glameow,0.00000,3,0.001,0,0.000
762,Sliggoo,0.00000,2,0.001,1,0.001
763,Skitty,0.00000,2,0.001,2,0.001
764,Wurmple,0.00000,5,0.001,1,0.001
765,Swadloon,0.00000,9,0.002,1,0.001
766,Luxio,0.00000,4,0.001,1,0.001
767,Pidgey,0.00000,10,0.003,2,0.001
768,Darumaka,0.00000,2,0.001,1,0.001
769,Tyrunt,0.00000,1,0.000,0,0.000
770,Inkay,0.00000,4,0.001,1,0.001
771,Tynamo,0.00000,4,0.001,0,0.000
772,Exeggcute,0.00000,6,0.002,1,0.001
773,Cranidos,0.00000,4,0.001,2,0.001
