 Total battles: 110027
 Avg. weight/team: 0.003
Rank,Pokemon,Usage percentage,Raw,Raw percentage,Real,Real percentage
1,Makuhita,1.03639,1725,0.724,205,0.559
2,Girafarig,1.02721,1758,0.738,191,0.521
3,Mantine,1.01287,1825,0.766,312,0.851
4,Haxorus,1.01163,1778,0.747,616,1.680
5,Steelix,1.01071,1778,0.747,381,1.039
6,Espeon,1.00239,1752,0.736,250,0.682
7,Cresselia,1.00133,1850,0.777,357,0.973
8,Flygon,0.99656,1872,0.786,544,1.483
9,Smeargle,0.99590,1832,0.769,285,0.777
10,Blastoise,0.99512,1828,0.767,505,1.377
11,Slowking,0.97306,1736,0.729,319,0.870
12,Tyrogue,0.97208,1803,0.757,109,0.297
13,Swirlix,0.97031,1787,0.750,114,0.311
14,Doduo,0.96531,1777,0.746,133,0.363
15,Klang,0.96427,1749,0.734,177,0.483
16,Lapras,0.96242,1780,0.747,415,1.132
17,Victreebel,0.96164,1753,0.736,273,0.744
18,Clawitzer,0.95942,1793,0.753,505,1.377
19,Yveltal,0.95775,1769,0.743,664,1.810
20,Claydol,0.95709,1861,0.781,260,0.709
21,Stunky,0.95522,1797,0.754,119,0.324
22,Zangoose,0.95511,1715,0.720,314,0.856
23,Lanturn,0.95252,1747,0.733,356,0.971
24,Bibarel,0.94825,1795,0.754,301,0.821
25,Primeape,0.94782,1760,0.739,365,0.995
26,Drifblim,0.94588,1872,0.786,212,0.578
27,Hypno,0.94270,1777,0.746,230,0.627
28,Aurorus,0.94184,1821,0.765,461,1.257
29,Tornadus,0.93612,1783,0.749,518,1.412
30,Shelmet,0.93472,1849,0.776,75,0.204
31,Larvitar,0.93419,1829,0.768,157,0.428
32,Servine,0.93342,1805,0.758,163,0.444
33,Lileep,0.93191,1773,0.744,119,0.324
34,Rhyperior,0.92875,1792,0.752,517,1.410
35,Golisopod,0.92858,1843,0.774,553,1.508
36,Cryogonal,0.92581,1726,0.725,260,0.709
37,Dunsparce,0.92488,1737,0.729,179,0.488
38,Marshadow,0.92430,1775,0.745,861,2.348
39,Rockruff,0.92212,1808,0.759,151,0.412
40,Magcargo,0.91965,1829,0.768,288,0.785
41,Meowstic,0.91895,1864,0.783,219,0.597
42,Tyrantrum,0.91746,1825,0.766,567,1.546
43,Horsea,0.91358,1838,0.772,152,0.414
44,Flabebe,0.91326,1784,0.749,98,0.267
45,Salamence,0.91294,1788,0.751,671,1.830
46,Zekrom,0.91215,1747,0.733,747,2.037
47,Ralts,0.90969,1825,0.766,94,0.256
48,Arcanine,0.90951,1815,0.762,491,1.339
49,Magmortar,0.90949,1802,0.757,482,1.314
50,Tapu Fini,0.90829,1778,0.747,500,1.363
51,Pheromosa,0.90819,1824,0.766,592,1.614
52,Mienshao,0.90502,1794,0.753,438,1.194
53,Froakie,0.90232,1836,0.771,169,0.461
54,Xerneas,0.90203,1740,0.731,548,1.494
55,Vanillish,0.89775,1778,0.747,160,0.436
56,Bellossom,0.89746,1807,0.759,178,0.485
57,Absol,0.89560,1803,0.757,354,0.965
58,Gothorita,0.89370,1731,0.727,111,0.303
59,Golbat,0.89135,1768,0.742,170,0.464
60,Toxapex,0.89053,1836,0.771,464,1.265
61,Kricketot,0.88982,1854,0.778,66,0.180
62,Litleo,0.88971,1802,0.757,150,0.409
63,Trubbish,0.88819,1794,0.753,85,0.232
64,Palpitoad,0.88793,1770,0.743,209,0.570
65,Whirlipede,0.88760,1797,0.754,153,0.417
66,Walrein,0.88718,1911,0.802,407,1.110
67,Venomoth,0.88701,1769,0.743,203,0.554
68,Inkay,0.88644,1723,0.723,97,0.264
69,Rayquaza,0.88593,1730,0.726,761,2.075
70,Wooper,0.88434,1818,0.763,148,0.404
71,Luvdisc,0.87954,1793,0.753,105,0.286
72,Sawsbuck,0.87896,1735,0.728,282,0.769
73,Eelektrik,0.87867,1815,0.762,272,0.742
74,Slakoth,0.87633,1834,0.770,91,0.248
75,Gengar,0.87550,1746,0.733,449,1.224
76,Drowzee,0.87536,1739,0.730,125,0.341
77,Palossand,0.87499,1792,0.752,401,1.093
78,Mantyke,0.87498,1838,0.772,138,0.376
79,Swoobat,0.87376,1740,0.731,197,0.537
80,Ambipom,0.87325,1733,0.728,316,0.862
81,Volcarona,0.87239,1794,0.753,471,1.284
82,Wigglytuff,0.87033,1777,0.746,271,0.739
83,Carbink,0.86929,1827,0.767,147,0.401
84,Xurkitree,0.86929,1831,0.769,598,1.631
85,Unown,0.86810,1752,0.736,79,0.215
86,Whismur,0.86777,1772,0.744,94,0.256
87,Gyarados,0.86756,1735,0.728,503,1.371
88,Magmar,0.86705,1681,0.706,310,0.845
89,Chinchou,0.86616,1785,0.749,181,0.494
90,Turtonator,0.86607,1819,0.764,514,1.401
91,Kyogre,0.86551,1759,0.739,712,1.941
92,Delphox,0.86503,1706,0.716,403,1.099
93,Galvantula,0.86414,1770,0.743,371,1.012
94,Skiploom,0.86380,1776,0.746,109,0.297
95,Luxray,0.86347,1882,0.790,361,0.984
96,Binacle,0.86345,1795,0.754,157,0.428
97,Stufful,0.86298,1789,0.751,257,0.701
98,Dialga,0.86289,1712,0.719,675,1.840
99,Skuntank,0.86217,1776,0.746,256,0.698
100,Chandelure,0.86066,1831,0.769,422,1.151
101,Genesect,0.85816,1857,0.780,719,1.960
102,Empoleon,0.85767,1817,0.763,476,1.298
103,Cubone,0.85714,1800,0.756,174,0.474
104,Butterfree,0.85601,1850,0.777,194,0.529
105,Comfey,0.85533,1748,0.734,189,0.515
106,Pelipper,0.85444,1784,0.749,286,0.780
107,Gulpin,0.85392,1765,0.741,101,0.275
108,NidoranF,0.85391,1726,0.725,101,0.275
109,Chingling,0.85354,1738,0.730,88,0.240
110,Turtwig,0.85318,1836,0.771,114,0.311
111,Gastrodon,0.85077,1780,0.747,413,1.126
112,Slugma,0.85036,1856,0.779,137,0.374
113,Noibat,0.84961,1725,0.724,174,0.474
114,Clefable,0.84936,1823,0.765,364,0.992
115,Honchkrow,0.84914,1791,0.752,331,0.903
116,Tapu Bulu,0.84907,1803,0.757,572,1.560
117,Pyroar,0.84845,1821,0.765,378,1.031
118,Gloom,0.84824,1772,0.744,167,0.455
119,Wailmer,0.84821,1863,0.782,165,0.450
120,Medicham,0.84614,1760,0.739,361,0.984
121,Spiritomb,0.84538,1766,0.741,297,0.810
122,Mimikyu,0.84536,1770,0.743,491,1.339
123,Umbreon,0.84470,1752,0.736,193,0.526
124,Clefairy,0.84447,1797,0.754,132,0.360
125,Necrozma,0.84444,1818,0.763,631,1.720
126,Bellsprout,0.84444,1790,0.752,112,0.305
127,Togetic,0.84398,1795,0.754,188,0.513
128,Pidgeotto,0.84396,1865,0.783,116,0.316
129,Conkeldurr,0.84335,1765,0.741,560,1.527
130,Tapu Lele,0.84250,1820,0.764,577,1.573
131,Rufflet,0.84241,1760,0.739,154,0.420
132,Litten,0.84149,1786,0.750,187,0.510
133,Spearow,0.84139,1825,0.766,83,0.226
134,Escavalier,0.84137,1797,0.754,392,1.069
135,Articuno,0.84112,1776,0.746,398,1.085
136,Jumpluff,0.84036,1854,0.778,178,0.485
137,Tepig,0.83956,1784,0.749,155,0.423
138,Totodile,0.83913,1741,0.731,186,0.507
139,Snover,0.83846,1762,0.740,205,0.559
140,Gothitelle,0.83805,1871,0.786,189,0.515
141,Beldum,0.83800,1804,0.757,193,0.526
142,Krookodile,0.83776,1787,0.750,467,1.273
143,Staryu,0.83735,1718,0.721,148,0.404
144,Ursaring,0.83700,1742,0.731,428,1.167
145,Sunflora,0.83699,1855,0.779,165,0.450
146,Exeggcute,0.83685,1786,0.750,102,0.278
147,Shieldon,0.83595,1811,0.760,152,0.414
148,Pidgeot,0.83562,1780,0.747,230,0.627
149,Snorunt,0.83550,1764,0.741,119,0.324
150,Cinccino,0.83420,1800,0.756,271,0.739
151,Shaymin,0.83419,1789,0.751,241,0.657
152,Kartana,0.83344,1788,0.751,639,1.742
153,Audino,0.83292,1752,0.736,170,0.464
154,Shelgon,0.83257,1763,0.740,215,0.586
155,Furfrou,0.83232,1774,0.745,238,0.649
156,Kingler,0.83215,1738,0.730,310,0.845
157,Dratini,0.83202,1822,0.765,205,0.559
158,Fletchling,0.83132,1767,0.742,108,0.294
159,Petilil,0.83082,1752,0.736,62,0.169
160,Reshiram,0.83001,1836,0.771,796,2.170
161,Porygon,0.82811,1809,0.760,246,0.671
162,Beedrill,0.82791,1744,0.732,186,0.507
163,Steenee,0.82722,1778,0.747,94,0.256
164,Darmanitan,0.82709,1798,0.755,490,1.336
165,Swampert,0.82709,1826,0.767,560,1.527
166,Archeops,0.82686,1853,0.778,418,1.140
167,Chespin,0.82611,1823,0.765,149,0.406
168,Tranquill,0.82564,1694,0.711,131,0.357
169,Slowpoke,0.82544,1854,0.778,139,0.379
170,Crabominable,0.82519,1817,0.763,519,1.415
171,Slaking,0.82515,1833,0.770,365,0.995
172,Taillow,0.82503,1866,0.783,108,0.294
173,Pyukumuku,0.82462,1830,0.768,117,0.319
174,Cottonee,0.82278,1733,0.728,90,0.245
175,Delibird,0.82181,1871,0.786,191,0.521
176,Numel,0.82115,1845,0.775,168,0.458
177,Breloom,0.82070,1797,0.754,426,1.162
178,Weedle,0.82021,1758,0.738,91,0.248
179,Tynamo,0.81929,1795,0.754,116,0.316
180,Garbodor,0.81851,1817,0.763,265,0.723
181,Gumshoos,0.81842,1798,0.755,259,0.706
182,Trapinch,0.81753,1842,0.773,178,0.485
183,Monferno,0.81746,1735,0.728,325,0.886
184,Groudon,0.81725,1889,0.793,794,2.165
185,Buzzwole,0.81722,1755,0.737,667,1.819
186,Lickilicky,0.81700,1757,0.738,324,0.883
187,Machamp,0.81642,1766,0.741,489,1.333
188,Shellder,0.81640,1813,0.761,141,0.384
189,Krokorok,0.81564,1784,0.749,258,0.703
190,Dhelmise,0.81400,1782,0.748,467,1.273
191,Igglybuff,0.81391,1690,0.710,74,0.202
192,Scraggy,0.81368,1733,0.728,223,0.608
193,Phanpy,0.81343,1797,0.754,130,0.354
194,Araquanid,0.81226,1786,0.750,409,1.115
195,Zygarde,0.81195,1793,0.753,743,2.026
196,Magnezone,0.81031,1763,0.740,370,1.009
197,Spoink,0.81009,1819,0.764,74,0.202
198,Teddiursa,0.80971,1814,0.762,178,0.485
199,Forretress,0.80697,1762,0.740,214,0.583
200,Kakuna,0.80695,1791,0.752,73,0.199
201,Malamar,0.80661,1771,0.744,294,0.802
202,Roselia,0.80648,1828,0.767,183,0.499
203,Salazzle,0.80647,1774,0.745,444,1.211
204,Giratina,0.80565,1762,0.740,592,1.614
205,Magneton,0.80402,1772,0.744,314,0.856
206,Cobalion,0.80395,1840,0.773,409,1.115
207,Elekid,0.80378,1785,0.749,169,0.461
208,Squirtle,0.80348,1803,0.757,149,0.406
209,Chimchar,0.80312,1823,0.765,196,0.534
210,Panpour,0.80298,1776,0.746,129,0.352
211,Banette,0.80241,1882,0.790,294,0.802
212,Archen,0.80217,1778,0.747,200,0.545
213,Grumpig,0.80215,1700,0.714,181,0.494
214,Chansey,0.80207,1737,0.729,187,0.510
215,Electivire,0.80197,1886,0.792,525,1.431
216,Florges,0.80187,1716,0.720,254,0.693
217,Fletchinder,0.80174,1829,0.768,194,0.529
218,Zapdos,0.80123,1733,0.728,464,1.265
219,Goomy,0.80050,1803,0.757,135,0.368
220,Seaking,0.80048,1827,0.767,231,0.630
221,Electabuzz,0.80029,1794,0.753,318,0.867
222,Starmie,0.79962,1838,0.772,345,0.941
223,Glameow,0.79918,1748,0.734,102,0.278
224,Samurott,0.79884,1774,0.745,440,1.200
225,Doublade,0.79869,1744,0.732,337,0.919
226,Cosmoem,0.79845,1814,0.762,65,0.177
227,Hippowdon,0.79834,1766,0.741,368,1.003
228,Trumbeak,0.79804,1738,0.730,225,0.613
229,Minun,0.79794,1788,0.751,130,0.354
230,Yamask,0.79712,1846,0.775,116,0.316
231,Ferrothorn,0.79673,1727,0.725,323,0.881
232,Druddigon,0.79648,1761,0.739,480,1.309
233,Aromatisse,0.79646,1821,0.765,253,0.690
234,Phione,0.79630,1731,0.727,227,0.619
235,Skorupi,0.79600,1698,0.713,108,0.294
236,Huntail,0.79564,1798,0.755,293,0.799
237,Relicanth,0.79503,1772,0.744,259,0.706
238,Pignite,0.79452,1717,0.721,307,0.837
239,Mareep,0.79443,1705,0.716,123,0.335
240,Tirtouga,0.79407,1703,0.715,220,0.600
241,Gliscor,0.79405,1825,0.766,443,1.208
242,Nuzleaf,0.79368,1826,0.767,129,0.352
243,Manaphy,0.79258,1685,0.707,295,0.804
244,Poliwag,0.79229,1804,0.757,103,0.281
245,Crobat,0.79222,1800,0.756,350,0.954
246,Masquerain,0.79172,1807,0.759,223,0.608
247,Brionne,0.79133,1793,0.753,254,0.693
248,Hitmonchan,0.78978,1744,0.732,393,1.072
249,Mudkip,0.78976,1724,0.724,157,0.428
250,Wurmple,0.78814,1821,0.765,76,0.207
251,Tyranitar,0.78812,1791,0.752,588,1.603
252,Poochyena,0.78808,1783,0.749,88,0.240
253,Rowlet,0.78793,1755,0.737,136,0.371
254,Gabite,0.78746,1796,0.754,338,0.922
255,Vespiquen,0.78721,1764,0.741,193,0.526
256,Croconaw,0.78706,1819,0.764,265,0.723
257,Weezing,0.78636,1869,0.785,282,0.769
258,Kingdra,0.78597,1807,0.759,462,1.260
259,Frillish,0.78562,1754,0.736,213,0.581
260,Tangrowth,0.78546,1807,0.759,281,0.766
261,Kommo-o,0.78503,1745,0.733,585,1.595
262,Bronzor,0.78487,1747,0.733,144,0.393
263,Minior,0.78465,1786,0.750,348,0.949
264,Gastly,0.78378,1844,0.774,194,0.529
265,Milotic,0.78336,1754,0.736,369,1.006
266,Tentacool,0.78330,1806,0.758,139,0.379
267,Diggersby,0.78329,1808,0.759,345,0.941
268,Snubbull,0.78247,1875,0.787,184,0.502
269,Wailord,0.78232,1757,0.738,346,0.943
270,Celesteela,0.78219,1735,0.728,698,1.903
271,Machoke,0.78176,1828,0.767,369,1.006
272,Ariados,0.78132,1805,0.758,193,0.526
273,Armaldo,0.78125,1772,0.744,370,1.009
274,Simisear,0.78107,1775,0.745,317,0.864
275,Tauros,0.78094,1794,0.753,428,1.167
276,Deerling,0.78077,1798,0.755,88,0.240
277,Beartic,0.78038,1817,0.763,389,1.061
278,Skitty,0.78030,1754,0.736,102,0.278
279,Combee,0.78005,1792,0.752,56,0.153
280,Tropius,0.77961,1700,0.714,243,0.663
281,Maractus,0.77914,1773,0.744,249,0.679
282,Togekiss,0.77828,1895,0.796,381,1.039
283,Hoothoot,0.77808,1793,0.753,74,0.202
284,Wingull,0.77793,1781,0.748,117,0.319
285,Roggenrola,0.77753,1695,0.712,114,0.311
286,Scolipede,0.77708,1843,0.774,387,1.055
287,Octillery,0.77683,1774,0.745,385,1.050
288,Pidgey,0.77678,1792,0.752,95,0.259
289,Miltank,0.77576,1721,0.723,321,0.875
290,Incineroar,0.77573,1776,0.746,558,1.521
291,Venonat,0.77559,1759,0.739,80,0.218
292,Treecko,0.77532,1746,0.733,135,0.368
293,Raikou,0.77520,1784,0.749,449,1.224
294,Fraxure,0.77489,1743,0.732,316,0.862
295,Quilava,0.77475,1795,0.754,202,0.551
296,Sentret,0.77448,1867,0.784,109,0.297
297,Volcanion,0.77441,1745,0.733,715,1.950
298,Blitzle,0.77343,1756,0.737,139,0.379
299,Golurk,0.77338,1813,0.761,510,1.391
300,Luxio,0.77331,1741,0.731,184,0.502
301,Surskit,0.77313,1840,0.773,88,0.240
302,Type: Null,0.77247,1759,0.739,384,1.047
303,Snivy,0.77231,1818,0.763,99,0.270
304,Primarina,0.77148,1731,0.727,583,1.590
305,Rhyhorn,0.77104,1814,0.762,263,0.717
306,Floatzel,0.77072,1759,0.739,280,0.763
307,Chesnaught,0.76986,1781,0.748,467,1.273
308,Vivillon,0.76965,1773,0.744,238,0.649
309,Mightyena,0.76802,1758,0.738,216,0.589
310,Spheal,0.76767,1829,0.768,200,0.545
311,Mandibuzz,0.76737,1763,0.740,230,0.627
312,Lunatone,0.76735,1842,0.773,219,0.597
313,Lumineon,0.76718,1780,0.747,163,0.444
314,Ducklett,0.76704,1697,0.712,106,0.289
315,Marill,0.76686,1741,0.731,150,0.409
316,Farfetch'd,0.76633,1771,0.744,163,0.444
317,Swadloon,0.76579,1839,0.772,106,0.289
318,Honedge,0.76579,1820,0.764,204,0.556
319,Alomomola,0.76567,1839,0.772,175,0.477
320,Scyther,0.76536,1809,0.760,270,0.736
321,Ribombee,0.76530,1797,0.754,271,0.739
322,Grovyle,0.76510,1790,0.752,233,0.635
323,Woobat,0.76486,1731,0.727,84,0.229
324,Spewpa,0.76485,1754,0.736,60,0.164
325,Hariyama,0.76438,1763,0.740,482,1.314
326,Garchomp,0.76413,1732,0.727,599,1.633
327,Aron,0.76382,1763,0.740,125,0.341
328,Mismagius,0.76343,1810,0.760,332,0.905
329,Carvanha,0.76250,1773,0.744,201,0.548
330,Patrat,0.76215,1776,0.746,98,0.267
331,Linoone,0.76194,1785,0.749,186,0.507
332,Ivysaur,0.76193,1754,0.736,161,0.439
333,Eelektross,0.76188,1801,0.756,562,1.532
334,Gigalith,0.76137,1678,0.705,354,0.965
335,Gurdurr,0.76131,1697,0.712,339,0.924
336,Keldeo,0.76124,1792,0.752,432,1.178
337,Palkia,0.76115,1769,0.743,732,1.996
338,Cyndaquil,0.76086,1745,0.733,176,0.480
339,Dartrix,0.76065,1823,0.765,204,0.556
340,Passimian,0.75972,1789,0.751,390,1.063
341,Pikachu,0.75948,1819,0.764,223,0.608
342,Heliolisk,0.75931,1772,0.744,363,0.990
343,Morelull,0.75816,1807,0.759,189,0.515
344,Larvesta,0.75769,1744,0.732,181,0.494
345,Gallade,0.75750,1756,0.737,435,1.186
346,Bunnelby,0.75711,1816,0.762,137,0.374
347,Helioptile,0.75693,1762,0.740,134,0.365
348,Fennekin,0.75690,1751,0.735,110,0.300
349,Infernape,0.75656,1811,0.760,539,1.470
350,Excadrill,0.75602,1797,0.754,483,1.317
351,Aegislash,0.75599,1742,0.731,493,1.344
352,Arbok,0.75566,1747,0.733,276,0.753
353,Zebstrika,0.75556,1811,0.760,311,0.848
354,Gothita,0.75534,1748,0.734,77,0.210
355,Alakazam,0.75467,1817,0.763,319,0.870
356,Bayleef,0.75413,1783,0.749,112,0.305
357,Zoroark,0.75406,1827,0.767,465,1.268
358,Buizel,0.75327,1825,0.766,169,0.461
359,Shedinja,0.75314,1886,0.792,561,1.530
360,Ponyta,0.75279,1758,0.738,191,0.521
361,Corsola,0.75261,1780,0.747,186,0.507
362,Golett,0.75168,1756,0.737,218,0.594
363,Celebi,0.75121,1836,0.771,299,0.815
364,Burmy,0.75087,1822,0.765,41,0.112
365,Weepinbell,0.75083,1808,0.759,158,0.431
366,Lairon,0.74999,1785,0.749,219,0.597
367,Carracosta,0.74966,1811,0.760,433,1.181
368,Minccino,0.74942,1796,0.754,105,0.286
369,Lilligant,0.74942,1779,0.747,197,0.537
370,Delcatty,0.74859,1744,0.732,153,0.417
371,Lunala,0.74844,1736,0.729,744,2.029
372,Chikorita,0.74828,1691,0.710,84,0.229
373,Caterpie,0.74822,1776,0.746,67,0.183
374,Uxie,0.74735,1777,0.746,267,0.728
375,Bidoof,0.74712,1847,0.775,168,0.458
376,Leafeon,0.74684,1784,0.749,233,0.635
377,Haunter,0.74673,1840,0.773,303,0.826
378,Fearow,0.74627,1781,0.748,206,0.562
379,Tangela,0.74610,1764,0.741,128,0.349
380,Victini,0.74500,1791,0.752,569,1.551
381,Nidoking,0.74457,1829,0.768,560,1.527
382,Finneon,0.74429,1801,0.756,88,0.240
383,Quagsire,0.74403,1731,0.727,322,0.878
384,Solgaleo,0.74396,1799,0.755,756,2.061
385,Kadabra,0.74386,1756,0.737,203,0.554
386,Heracross,0.74360,1784,0.749,428,1.167
387,Krabby,0.74327,1815,0.762,183,0.499
388,Murkrow,0.74282,1737,0.729,168,0.458
389,Seadra,0.74247,1723,0.723,242,0.660
390,Fomantis,0.74229,1790,0.752,131,0.357
391,Aerodactyl,0.74228,1819,0.764,410,1.118
392,Amoonguss,0.74214,1772,0.744,201,0.548
393,Shiinotic,0.74204,1821,0.765,344,0.938
394,Drampa,0.74198,1848,0.776,572,1.560
395,Pangoro,0.74185,1803,0.757,561,1.530
396,Cranidos,0.74184,1804,0.757,268,0.731
397,Hippopotas,0.74144,1798,0.755,177,0.483
398,Mamoswine,0.74137,1763,0.740,435,1.186
399,Sneasel,0.74106,1781,0.748,217,0.592
400,Popplio,0.74089,1805,0.758,188,0.513
401,Donphan,0.74019,1778,0.747,310,0.845
402,Dewott,0.74003,1722,0.723,229,0.624
403,Glaceon,0.73999,1727,0.725,224,0.611
404,Sliggoo,0.73901,1762,0.740,242,0.660
405,Crustle,0.73889,1724,0.724,346,0.943
406,Roserade,0.73862,1829,0.768,278,0.758
407,Feraligatr,0.73779,1816,0.762,520,1.418
408,Boldore,0.73737,1802,0.757,193,0.526
409,Jolteon,0.73689,1815,0.762,269,0.733
410,Jirachi,0.73663,1752,0.736,449,1.224
411,Silvally,0.73619,1905,0.800,534,1.456
412,Klefki,0.73600,1729,0.726,181,0.494
413,Duskull,0.73584,1755,0.737,100,0.273
414,Vanilluxe,0.73549,1752,0.736,273,0.744
415,Mime Jr.,0.73524,1890,0.794,113,0.308
416,Abra,0.73516,1795,0.754,112,0.305
417,Dewgong,0.73505,1742,0.731,280,0.763
418,Throh,0.73463,1787,0.750,369,1.006
419,Cubchoo,0.73367,1870,0.785,167,0.455
420,Crawdaunt,0.73353,1829,0.768,457,1.246
421,Psyduck,0.73336,1708,0.717,122,0.333
422,Dustox,0.73329,1795,0.754,131,0.357
423,Thundurus,0.73328,1780,0.747,584,1.592
424,Amaura,0.73308,1770,0.743,226,0.616
425,Golduck,0.73300,1787,0.750,257,0.701
426,Rampardos,0.73290,1725,0.724,413,1.126
427,Porygon2,0.73270,1789,0.751,348,0.949
428,Deoxys,0.73235,1739,0.730,500,1.363
429,Braixen,0.73215,1771,0.744,239,0.652
430,Bastiodon,0.73197,1845,0.775,310,0.845
431,Snorlax,0.73194,1798,0.755,557,1.519
432,Magikarp,0.73153,1740,0.731,193,0.526
433,Lurantis,0.73127,1740,0.731,323,0.881
434,Tentacruel,0.73124,1718,0.721,327,0.892
435,Clauncher,0.73120,1769,0.743,176,0.480
436,Mienfoo,0.73086,1763,0.740,222,0.605
437,Leavanny,0.73070,1774,0.745,230,0.627
438,Plusle,0.73070,1751,0.735,136,0.371
439,Skrelp,0.73011,1762,0.740,198,0.540
440,Torracat,0.72964,1817,0.763,300,0.818
441,Barbaracle,0.72929,1793,0.753,387,1.055
442,Manectric,0.72883,1717,0.721,336,0.916
443,Togepi,0.72834,1768,0.742,132,0.360
444,Zorua,0.72817,1868,0.784,146,0.398
445,Heatran,0.72752,1723,0.723,535,1.459
446,Swellow,0.72727,1818,0.763,259,0.706
447,Jigglypuff,0.72711,1775,0.745,134,0.365
448,Cascoon,0.72692,1787,0.750,60,0.164
449,Foongus,0.72679,1759,0.739,91,0.248
450,Ludicolo,0.72575,1716,0.720,356,0.971
451,Flareon,0.72485,1804,0.757,316,0.862
452,Tyrunt,0.72459,1743,0.732,293,0.799
453,Onix,0.72446,1800,0.756,184,0.502
454,Beheeyem,0.72405,1766,0.741,198,0.540
455,Eevee,0.72402,1734,0.728,94,0.256
456,Froslass,0.72394,1805,0.758,277,0.755
457,Crabrawler,0.72380,1841,0.773,258,0.703
458,Carnivine,0.72341,1850,0.777,224,0.611
459,Dedenne,0.72296,1736,0.729,204,0.556
460,Mesprit,0.72274,1693,0.711,293,0.799
461,Charjabug,0.72264,1809,0.760,221,0.603
462,Drapion,0.72260,1814,0.762,452,1.232
463,Cradily,0.72230,1716,0.720,262,0.714
464,Drilbur,0.72230,1796,0.754,179,0.488
465,Goldeen,0.72090,1779,0.747,144,0.393
466,Corphish,0.72066,1784,0.749,204,0.556
467,Koffing,0.72056,1910,0.802,168,0.458
468,Mareanie,0.72037,1776,0.746,207,0.564
469,Houndoom,0.72022,1768,0.742,372,1.014
470,Skarmory,0.72013,1776,0.746,278,0.758
471,Bewear,0.71952,1795,0.754,499,1.361
472,Barboach,0.71952,1782,0.748,161,0.439
473,Whiscash,0.71931,1752,0.736,321,0.875
474,Poliwrath,0.71922,1763,0.740,384,1.047
475,Pumpkaboo,0.71919,1846,0.775,185,0.504
476,Yanmega,0.71892,1731,0.727,261,0.712
477,Nidorino,0.71873,1798,0.755,155,0.423
478,Pawniard,0.71857,1793,0.753,202,0.551
479,Sandygast,0.71838,1749,0.734,216,0.589
480,Pidove,0.71833,1809,0.760,74,0.202
481,Ho-Oh,0.71699,1788,0.751,610,1.663
482,Camerupt,0.71605,1824,0.766,446,1.216
483,Munna,0.71553,1760,0.739,87,0.237
484,Oranguru,0.71497,1726,0.725,297,0.810
485,Durant,0.71409,1738,0.730,263,0.717
486,Meditite,0.71406,1740,0.731,170,0.464
487,Cosmog,0.71379,1780,0.747,65,0.177
488,Budew,0.71355,1850,0.777,94,0.256
489,Spinda,0.71344,1811,0.760,170,0.464
490,Altaria,0.71298,1688,0.709,334,0.911
491,Kricketune,0.71280,1775,0.745,142,0.387
492,Cherubi,0.71246,1687,0.708,68,0.185
493,Vikavolt,0.71240,1858,0.780,524,1.429
494,Illumise,0.71240,1788,0.751,129,0.352
495,Seel,0.71216,1716,0.720,113,0.308
496,Dusknoir,0.71182,1776,0.746,367,1.001
497,Natu,0.71153,1814,0.762,80,0.218
498,Mudsdale,0.71062,1847,0.775,436,1.189
499,Vanillite,0.71058,1785,0.749,114,0.311
500,Elgyem,0.71017,1739,0.730,117,0.319
501,Azumarill,0.70962,1860,0.781,327,0.892
502,Togedemaru,0.70930,1865,0.783,282,0.769
503,Heatmor,0.70884,1785,0.749,310,0.845
504,Spinarak,0.70855,1857,0.780,97,0.264
505,Vibrava,0.70795,1860,0.781,231,0.630
506,Meloetta,0.70710,1723,0.723,364,0.992
507,Slowbro,0.70673,1747,0.733,323,0.881
508,Reuniclus,0.70632,1852,0.778,283,0.772
509,Jellicent,0.70629,1830,0.768,396,1.080
510,Weavile,0.70594,1685,0.707,340,0.927
511,Karrablast,0.70530,1759,0.739,112,0.305
512,Growlithe,0.70466,1837,0.771,222,0.605
513,Piloswine,0.70454,1797,0.754,219,0.597
514,Kangaskhan,0.70434,1740,0.731,426,1.162
515,Metang,0.70424,1786,0.750,261,0.712
516,Arceus,0.70374,1763,0.740,760,2.072
517,Wimpod,0.70293,1812,0.761,82,0.224
518,Simipour,0.70137,1728,0.726,291,0.793
519,Stoutland,0.70134,1806,0.758,380,1.036
520,Timburr,0.70086,1810,0.760,232,0.633
521,Bagon,0.70055,1780,0.747,151,0.412
522,Axew,0.70038,1807,0.759,204,0.556
523,Dragalge,0.70036,1760,0.739,541,1.475
524,Nosepass,0.70029,1767,0.742,117,0.319
525,Gardevoir,0.70023,1766,0.741,330,0.900
526,Hitmontop,0.70009,1759,0.739,315,0.859
527,Metapod,0.69949,1849,0.776,80,0.218
528,Scrafty,0.69939,1800,0.756,474,1.292
529,Castform,0.69916,1771,0.744,144,0.393
530,Glalie,0.69890,1786,0.750,320,0.873
531,Lombre,0.69869,1746,0.733,218,0.594
532,Toucannon,0.69860,1825,0.766,434,1.183
533,Sudowoodo,0.69854,1799,0.755,268,0.731
534,Scizor,0.69822,1735,0.728,417,1.137
535,Liepard,0.69790,1722,0.723,216,0.589
536,Dodrio,0.69742,1793,0.753,291,0.793
537,Mr. Mime,0.69719,1747,0.733,215,0.586
538,Gourgeist,0.69662,1780,0.747,291,0.793
539,Tympole,0.69656,1741,0.731,101,0.275
540,Ampharos,0.69568,1729,0.726,331,0.903
541,Zweilous,0.69558,1874,0.787,295,0.804
542,Machop,0.69541,1708,0.717,204,0.556
543,Electrike,0.69517,1819,0.764,137,0.374
544,Bouffalant,0.69495,1726,0.725,414,1.129
545,Bruxish,0.69476,1774,0.745,309,0.843
546,Lillipup,0.69450,1753,0.736,89,0.243
547,Cutiefly,0.69444,1816,0.762,137,0.374
548,Dwebble,0.69397,1764,0.741,151,0.412
549,Drifloon,0.69393,1741,0.731,109,0.297
550,Pikipek,0.69011,1815,0.762,166,0.453
551,Sealeo,0.68979,1758,0.738,242,0.660
552,Sceptile,0.68855,1798,0.755,405,1.104
553,Jangmo-o,0.68853,1799,0.755,210,0.573
554,Frogadier,0.68832,1783,0.749,303,0.826
555,Torchic,0.68758,1817,0.763,153,0.417
556,Chimecho,0.68725,1850,0.777,137,0.374
557,Oshawott,0.68716,1737,0.729,147,0.401
558,Lampent,0.68660,1759,0.739,237,0.646
559,Anorith,0.68636,1793,0.753,148,0.404
560,Klinklang,0.68626,1760,0.739,255,0.695
561,Mew,0.68532,1787,0.750,481,1.311
562,Grotle,0.68527,1735,0.728,157,0.428
563,Decidueye,0.68518,1712,0.719,465,1.268
564,Remoraid,0.68511,1661,0.697,196,0.534
565,Hydreigon,0.68487,1765,0.741,623,1.699
566,Probopass,0.68486,1786,0.750,285,0.777
567,Loudred,0.68476,1795,0.754,239,0.652
568,Herdier,0.68409,1781,0.748,152,0.414
569,Typhlosion,0.68362,1851,0.777,469,1.279
570,Ferroseed,0.68278,1760,0.739,190,0.518
571,Vigoroth,0.68270,1794,0.753,282,0.769
572,Bounsweet,0.68261,1789,0.751,73,0.199
573,Venusaur,0.68196,1730,0.726,391,1.066
574,Pansear,0.67931,1749,0.734,127,0.346
575,Mudbray,0.67920,1741,0.731,270,0.736
576,Swanna,0.67913,1797,0.754,359,0.979
577,Cofagrigus,0.67856,1756,0.737,262,0.714
578,Simisage,0.67791,1776,0.746,226,0.616
579,Spritzee,0.67790,1778,0.747,81,0.221
580,Komala,0.67777,1838,0.772,335,0.913
581,Sigilyph,0.67743,1776,0.746,315,0.859
582,Wobbuffet,0.67731,1749,0.734,300,0.818
583,Stantler,0.67670,1710,0.718,207,0.564
584,Magby,0.67564,1757,0.738,137,0.374
585,Emboar,0.67529,1774,0.745,536,1.461
586,Seismitoad,0.67526,1872,0.786,485,1.322
587,Shroomish,0.67480,1779,0.747,88,0.240
588,Accelgor,0.67479,1825,0.766,280,0.763
589,Nihilego,0.67467,1749,0.734,425,1.159
590,Bergmite,0.67403,1833,0.770,140,0.382
591,Prinplup,0.67347,1791,0.752,178,0.485
592,Yungoos,0.67277,1751,0.735,143,0.390
593,Omastar,0.67277,1724,0.724,243,0.663
594,Poliwhirl,0.67264,1768,0.742,224,0.611
595,Sawk,0.67224,1728,0.726,429,1.170
596,Jynx,0.67198,1789,0.751,217,0.592
597,Latios,0.67191,1734,0.728,478,1.303
598,Omanyte,0.67165,1838,0.772,163,0.444
599,Noivern,0.67121,1769,0.743,448,1.222
600,Terrakion,0.67078,1766,0.741,490,1.336
601,Charizard,0.66987,1705,0.716,469,1.279
602,Electrode,0.66937,1782,0.748,195,0.532
603,Swalot,0.66898,1848,0.776,248,0.676
604,Baltoy,0.66883,1723,0.723,109,0.297
605,Rhydon,0.66803,1826,0.767,396,1.080
606,Grubbin,0.66768,1733,0.728,115,0.314
607,Mankey,0.66755,1833,0.770,214,0.583
608,Granbull,0.66745,1764,0.741,390,1.063
609,Bulbasaur,0.66712,1860,0.781,142,0.387
610,Basculin,0.66691,1791,0.752,204,0.556
611,Klink,0.66654,1806,0.758,108,0.294
612,Sewaddle,0.66609,1810,0.760,63,0.172
613,Piplup,0.66590,1712,0.719,108,0.294
614,Silcoon,0.66574,1740,0.731,59,0.161
615,Ledyba,0.66525,1732,0.727,76,0.207
616,Nidoqueen,0.66501,1760,0.739,450,1.227
617,Chatot,0.66490,1792,0.752,205,0.559
618,Cloyster,0.66479,1764,0.741,361,0.984
619,Ninjask,0.66473,1738,0.730,173,0.472
620,Happiny,0.66462,1733,0.728,74,0.202
621,Purrloin,0.66431,1751,0.735,108,0.294
622,Nidorina,0.66427,1767,0.742,137,0.374
623,Torkoal,0.66394,1802,0.757,337,0.919
624,Dewpider,0.66393,1758,0.738,212,0.578
625,Suicune,0.66324,1831,0.769,467,1.273
626,Trevenant,0.66313,1774,0.745,385,1.050
627,Abomasnow,0.66292,1787,0.750,425,1.159
628,Wishiwashi,0.66188,1700,0.714,502,1.369
629,NidoranM,0.66163,1783,0.749,136,0.371
630,Litwick,0.66161,1846,0.775,150,0.409
631,Latias,0.66155,1779,0.747,409,1.115
632,Guzzlord,0.66120,1819,0.764,685,1.868
633,Swablu,0.66039,1745,0.733,86,0.234
634,Musharna,0.65987,1838,0.772,203,0.554
635,Bonsly,0.65867,1683,0.707,101,0.275
636,Mawile,0.65822,1817,0.763,357,0.973
637,Goodra,0.65804,1850,0.777,618,1.685
638,Pichu,0.65783,1750,0.735,98,0.267
639,Lopunny,0.65678,1781,0.748,271,0.739
640,Tapu Koko,0.65664,1742,0.731,501,1.366
641,Emolga,0.65649,1835,0.770,245,0.668
642,Magearna,0.65637,1753,0.736,588,1.603
643,Buneary,0.65636,1832,0.769,99,0.270
644,Diancie,0.65613,1732,0.727,334,0.911
645,Shiftry,0.65522,1701,0.714,282,0.769
646,Combusken,0.65491,1758,0.738,357,0.973
647,Duosion,0.65320,1759,0.739,148,0.404
648,Bisharp,0.65293,1721,0.723,401,1.093
649,Whimsicott,0.65161,1781,0.748,242,0.660
650,Charmeleon,0.65159,1761,0.739,253,0.690
651,Lugia,0.65143,1712,0.719,607,1.655
652,Joltik,0.65115,1730,0.726,119,0.324
653,Darumaka,0.65051,1736,0.729,204,0.556
654,Braviary,0.65030,1802,0.757,451,1.230
655,Shuppet,0.64995,1759,0.739,104,0.284
656,Vullaby,0.64954,1735,0.728,94,0.256
657,Cacnea,0.64933,1736,0.729,140,0.382
658,Vaporeon,0.64898,1801,0.756,313,0.853
659,Salandit,0.64875,1829,0.768,237,0.646
660,Cacturne,0.64873,1726,0.725,285,0.777
661,Kabutops,0.64842,1773,0.744,320,0.873
662,Furret,0.64665,1815,0.762,218,0.594
663,Lotad,0.64522,1735,0.728,116,0.316
664,Dragonite,0.64520,1845,0.775,692,1.887
665,Solosis,0.64456,1818,0.763,104,0.284
666,Seviper,0.64357,1727,0.725,235,0.641
667,Kecleon,0.64342,1708,0.717,269,0.733
668,Quilladin,0.64253,1788,0.751,218,0.594
669,Tsareena,0.64204,1697,0.712,294,0.802
670,Kabuto,0.64161,1739,0.730,119,0.324
671,Slurpuff,0.64132,1822,0.765,200,0.545
672,Gligar,0.64075,1776,0.746,244,0.665
673,Ekans,0.63930,1753,0.736,118,0.322
674,Landorus,0.63820,1698,0.713,543,1.481
675,Solrock,0.63772,1785,0.749,211,0.575
676,Voltorb,0.63768,1800,0.756,103,0.281
677,Vileplume,0.63764,1748,0.734,218,0.594
678,Serperior,0.63762,1759,0.739,278,0.758
679,Darkrai,0.63738,1785,0.749,541,1.475
680,Yanma,0.63678,1758,0.738,123,0.335
681,Ledian,0.63623,1769,0.743,105,0.286
682,Shellos,0.63608,1790,0.752,151,0.412
683,Metagross,0.63548,1818,0.763,575,1.568
684,Blaziken,0.63426,1691,0.710,612,1.669
685,Oddish,0.63361,1757,0.738,110,0.300
686,Torterra,0.63321,1777,0.746,414,1.129
687,Pansage,0.63319,1753,0.736,103,0.281
688,Virizion,0.63280,1852,0.778,396,1.080
689,Sunkern,0.63250,1763,0.740,81,0.221
690,Cherrim,0.63139,1803,0.757,135,0.368
691,Blissey,0.63116,1907,0.801,259,0.706
692,Houndour,0.62994,1831,0.769,176,0.480
693,Watchog,0.62829,1772,0.744,199,0.543
694,Exploud,0.62757,1796,0.754,440,1.200
695,Bronzong,0.62676,1801,0.756,275,0.750
696,Oricorio,0.62650,1835,0.770,228,0.622
697,Sableye,0.62640,1804,0.757,262,0.714
698,Hawlucha,0.62579,1807,0.759,461,1.257
699,Zigzagoon,0.62494,1793,0.753,92,0.251
700,Pinsir,0.62447,1766,0.741,303,0.826
701,Stunfisk,0.62296,1760,0.739,266,0.725
702,Gogoat,0.62172,1732,0.727,331,0.903
703,Venipede,0.62006,1781,0.748,87,0.237
704,Seedot,0.61924,1840,0.773,85,0.232
705,Hitmonlee,0.61899,1786,0.750,426,1.162
706,Moltres,0.61794,1729,0.726,421,1.148
707,Deino,0.61577,1773,0.744,194,0.529
708,Mothim,0.61537,1683,0.707,185,0.504
709,Talonflame,0.61533,1805,0.758,394,1.074
710,Beautifly,0.61482,1791,0.752,185,0.504
711,Clamperl,0.61393,1823,0.765,149,0.406
712,Pineco,0.61361,1795,0.754,88,0.240
713,Nincada,0.61187,1747,0.733,73,0.199
714,Pachirisu,0.61173,1787,0.750,139,0.379
715,Flaaffy,0.61172,1833,0.770,167,0.455
716,Azelf,0.61152,1736,0.729,402,1.096
717,Entei,0.61110,1753,0.736,443,1.208
718,Charmander,0.60797,1813,0.761,189,0.515
719,Politoed,0.60790,1782,0.748,309,0.843
720,Lickitung,0.60782,1788,0.751,234,0.638
721,Hoopa,0.60767,1768,0.742,434,1.183
722,Croagunk,0.60740,1750,0.735,224,0.611
723,Scatterbug,0.60707,1720,0.722,55,0.150
724,Magnemite,0.60644,1759,0.739,161,0.439
725,Dusclops,0.60582,1779,0.747,271,0.739
726,Riolu,0.60515,1863,0.782,244,0.665
727,Kirlia,0.60471,1691,0.710,135,0.368
728,Qwilfish,0.60426,1827,0.767,230,0.627
729,Espurr,0.60332,1714,0.720,78,0.213
730,Pupitar,0.60120,1790,0.752,181,0.494
731,Shinx,0.60118,1851,0.777,125,0.341
732,Gorebyss,0.60019,1778,0.747,268,0.731
733,Wynaut,0.59979,1761,0.739,146,0.398
734,Paras,0.59899,1749,0.734,102,0.278
735,Registeel,0.59864,1749,0.734,420,1.145
736,Hoppip,0.59703,1774,0.745,76,0.207
737,Parasect,0.59662,1817,0.763,212,0.578
738,Aggron,0.59587,1788,0.751,502,1.369
739,Gible,0.59174,1762,0.740,199,0.543
740,Volbeat,0.59009,1771,0.744,132,0.360
741,Dragonair,0.58960,1720,0.722,323,0.881
742,Skiddo,0.58847,1708,0.717,125,0.341
743,Marshtomp,0.58781,1762,0.740,276,0.753
744,Smoochum,0.58323,1779,0.747,108,0.294
745,Unfezant,0.58203,1763,0.740,255,0.695
746,Azurill,0.57996,1737,0.729,86,0.234
747,Rapidash,0.57863,1812,0.761,361,0.984
748,Regice,0.57536,1782,0.748,372,1.014
749,Swinub,0.57485,1790,0.752,151,0.412
750,Noctowl,0.57256,1831,0.769,191,0.521
751,Starly,0.57084,1828,0.767,106,0.289
752,Lucario,0.56731,1762,0.740,552,1.505
753,Mewtwo,0.56668,1772,0.744,658,1.794
754,Meganium,0.56662,1785,0.749,275,0.750
755,Hakamo-o,0.56513,1780,0.747,374,1.020
756,Feebas,0.55891,1813,0.761,85,0.232
757,Misdreavus,0.55841,1822,0.765,178,0.485
758,Cleffa,0.55813,1818,0.763,83,0.226
759,Purugly,0.55606,1773,0.744,232,0.633
760,Staraptor,0.55292,1740,0.731,369,1.006
761,Shuckle,0.55280,1812,0.761,189,0.515
762,Porygon-Z,0.55223,1776,0.746,457,1.246
763,Sandile,0.54840,1710,0.718,141,0.384
764,Aipom,0.54147,1766,0.741,132,0.360
765,Zubat,0.54125,1794,0.753,99,0.270
766,Toxicroak,0.53804,1759,0.739,448,1.222
767,Sylveon,0.53499,1727,0.725,340,0.927
768,Munchlax,0.53280,1746,0.733,197,0.537
769,Regigigas,0.53180,1754,0.736,412,1.123
770,Staravia,0.52960,1733,0.728,161,0.439
771,Regirock,0.52131,1697,0.712,396,1.080
772,Sharpedo,0.51746,1720,0.722,397,1.082
773,Pancham,0.51719,1752,0.736,204,0.556
774,Xatu,0.51429,1710,0.718,212,0.578
775,Muk-Alola,0.51081,927,0.389,279,0.761
776,Ditto,0.50289,1724,0.724,494,1.347
777,Persian-Alola,0.50012,870,0.365,127,0.346
778,Golem-Alola,0.49320,840,0.353,233,0.635
779,Wartortle,0.49197,1698,0.713,217,0.592
780,Avalugg,0.48066,1825,0.766,329,0.897
781,Dugtrio-Alola,0.47746,866,0.364,216,0.589
782,Phantump,0.47289,1777,0.746,171,0.466
783,Floette,0.46414,859,0.361,78,0.213
784,Vulpix,0.45409,907,0.381,68,0.185
785,Meowth,0.44889,949,0.398,54,0.147
786,Muk,0.44479,940,0.395,199,0.543
787,Exeggutor,0.43899,905,0.380,154,0.420
788,Greninja,0.43442,1267,0.532,414,1.129
789,Geodude,0.43435,861,0.361,85,0.232
790,Exeggutor-Alola,0.43406,892,0.375,272,0.742
791,Raticate,0.42723,926,0.389,103,0.281
792,Marowak-Alola,0.42574,903,0.379,261,0.712
793,Diglett,0.42031,918,0.385,68,0.185
794,Meowth-Alola,0.41617,890,0.374,58,0.158
795,Grimer,0.41354,904,0.380,79,0.215
796,Rattata-Alola,0.41351,920,0.386,66,0.180
797,Raichu,0.41211,908,0.381,165,0.450
798,Raichu-Alola,0.41028,899,0.377,239,0.652
799,Sandshrew-Alola,0.40931,847,0.356,105,0.286
800,Ninetales-Alola,0.40645,868,0.364,191,0.521
801,Graveler,0.40491,855,0.359,142,0.387
802,Sandshrew,0.39070,911,0.382,73,0.199
803,Floette-Eternal,0.37681,843,0.354,164,0.447
804,Sandslash-Alola,0.37662,885,0.372,228,0.622
805,Greninja-Ash,0.37240,607,0.255,189,0.515
806,Dugtrio,0.36250,915,0.384,123,0.335
807,Persian,0.35118,857,0.360,116,0.316
808,Kyurem,0.34291,576,0.242,216,0.589
809,Geodude-Alola,0.33245,890,0.374,106,0.289
810,Lycanroc,0.32825,935,0.393,144,0.393
811,Golem,0.32573,918,0.385,191,0.521
812,Rattata,0.32514,902,0.379,61,0.166
813,Kyurem-White,0.32233,573,0.241,259,0.706
814,Graveler-Alola,0.32116,877,0.368,198,0.540
815,Marowak,0.32115,845,0.355,152,0.414
816,Lycanroc-Midnight,0.32043,912,0.383,152,0.414
817,Diglett-Alola,0.31015,918,0.385,105,0.286
818,Wormadam-Trash,0.30406,589,0.247,49,0.134
819,Ninetales,0.29231,849,0.356,155,0.423
820,Vulpix-Alola,0.29051,882,0.370,100,0.273
821,Sandslash,0.27462,903,0.379,139,0.379
822,Grimer-Alola,0.27284,907,0.381,100,0.273
823,Raticate-Alola,0.25286,855,0.359,108,0.294
824,Kyurem-Black,0.23105,594,0.249,240,0.654
825,Wormadam,0.22872,581,0.244,56,0.153
826,Wormadam-Sandy,0.20083,599,0.251,48,0.131
827,Rotom-Fan,0.17651,279,0.117,63,0.172
828,Rotom-Frost,0.15628,315,0.132,45,0.123
829,Rotom-Mow,0.12038,271,0.114,58,0.158
830,Rotom-Heat,0.11024,274,0.115,53,0.145
831,Rotom,0.09978,314,0.132,52,0.142
832,Rotom-Wash,0.07312,284,0.119,62,0.169
833,Rayquaza-Mega,0.05901,86,0.036,55,0.150
834,Groudon-Primal,0.01910,3,0.001,2,0.005
835,Sharpedo-Mega,0.01359,4,0.002,1,0.003
836,Heracross-Mega,0.01108,6,0.003,1,0.003
837,Sableye-Mega,0.00967,5,0.002,2,0.005
838,Charizard-Mega-X,0.00685,6,0.003,2,0.005
839,Venusaur-Mega,0.00684,5,0.002,1,0.003
840,Absol-Mega,0.00653,5,0.002,1,0.003
841,Houndoom-Mega,0.00632,10,0.004,2,0.005
842,Diancie-Mega,0.00579,5,0.002,0,0.000
843,Slowbro-Mega,0.00438,4,0.002,1,0.003
844,Audino-Mega,0.00345,5,0.002,0,0.000
845,Camerupt-Mega,0.00244,2,0.001,1,0.003
846,Altaria-Mega,0.00220,4,0.002,1,0.003
847,Swampert-Mega,0.00197,7,0.003,2,0.005
848,Pidgeot-Mega,0.00161,3,0.001,3,0.008
849,Kangaskhan-Mega,0.00109,5,0.002,1,0.003
850,Gallade-Mega,0.00099,5,0.002,2,0.005
851,Sceptile-Mega,0.00089,8,0.003,4,0.011
852,Mewtwo-Mega-Y,0.00060,8,0.003,6,0.016
853,Gardevoir-Mega,0.00055,4,0.002,1,0.003
854,Mawile-Mega,0.00048,5,0.002,2,0.005
855,Pinsir-Mega,0.00044,12,0.005,4,0.011
856,Scizor-Mega,0.00033,9,0.004,1,0.003
857,Abomasnow-Mega,0.00023,7,0.003,1,0.003
858,Aggron-Mega,0.00023,9,0.004,4,0.011
859,Ampharos-Mega,0.00022,4,0.002,2,0.005
860,Gyarados-Mega,0.00015,5,0.002,3,0.008
861,Manectric-Mega,0.00013,10,0.004,3,0.008
862,Steelix-Mega,0.00010,3,0.001,1,0.003
863,Metagross-Mega,0.00009,10,0.004,3,0.008
864,Lucario-Mega,0.00007,4,0.002,2,0.005
865,Banette-Mega,0.00007,2,0.001,1,0.003
866,Salamence-Mega,0.00002,3,0.001,2,0.005
867,Charizard-Mega-Y,0.00002,9,0.004,6,0.016
868,Medicham-Mega,0.00000,3,0.001,1,0.003
869,Tyranitar-Mega,0.00000,4,0.002,1,0.003
870,Garchomp-Mega,0.00000,7,0.003,2,0.005
871,Mewtwo-Mega-X,0.00000,6,0.003,3,0.008
872,Glalie-Mega,0.00000,6,0.003,3,0.008
873,Kyogre-Primal,0.00000,2,0.001,1,0.003
874,Latias-Mega,0.00000,4,0.002,1,0.003
875,Aerodactyl-Mega,0.00000,5,0.002,2,0.005
876,Lopunny-Mega,0.00000,3,0.001,1,0.003
877,Blaziken-Mega,0.00000,6,0.003,3,0.008
878,Gengar-Mega,0.00000,4,0.002,2,0.005
879,Alakazam-Mega,0.00000,2,0.001,0,0.000
880,Beedrill-Mega,0.00000,1,0.000,0,0.000
881,Latios-Mega,0.00000,5,0.002,4,0.011
882,Blastoise-Mega,0.00000,3,0.001,2,0.005
