 Total battles: 64845
 Avg. weight/team: 0.038
Rank,Pokemon,Usage percentage,Raw,Raw percentage,Real,Real percentage
1,Groudon-Primal,58.54138,23911,18.437,14476,19.429
2,Chansey,47.81113,23324,17.984,13913,18.674
3,Mewtwo-Mega-Y,42.01464,26880,20.726,15947,21.404
4,Rayquaza-Mega,40.87570,36889,28.444,20153,27.049
5,Zygarde-Complete,32.82301,20686,15.950,12934,17.360
6,Gengar-Mega,24.49566,25036,19.304,14581,19.570
7,Giratina,24.46953,12549,9.676,8663,11.627
8,Kyogre-Primal,21.05224,20463,15.778,11816,15.859
9,Registeel,19.59682,5461,4.211,3954,5.307
10,Yveltal,16.63326,7785,6.003,4851,6.511
11,Shedinja,14.67328,21403,16.503,13513,18.137
12,Blissey,14.37387,15822,12.200,8806,11.819
13,Mewtwo-Mega-X,14.01094,21321,16.440,11593,15.560
14,Deoxys-Attack,12.37759,13368,10.308,7646,10.262
15,Audino-Mega,12.16618,3943,3.040,2560,3.436
16,Regigigas,12.00887,10446,8.055,6348,8.520
17,Greninja-Ash,11.99333,19701,15.191,11867,15.928
18,Kyurem-Black,11.74404,7479,5.767,5048,6.775
19,Solgaleo,11.18401,5974,4.606,3889,5.220
20,Diancie-Mega,10.31478,10242,7.897,6680,8.966
21,Gyarados-Mega,10.29169,4487,3.460,2827,3.794
22,Pheromosa,9.79237,5758,4.440,3765,5.053
23,Tyranitar-Mega,9.38244,5487,4.231,3409,4.575
24,Kartana,7.39509,6677,5.148,4040,5.422
25,Deoxys-Speed,6.30337,15717,12.119,11240,15.086
26,Dialga,5.79288,5313,4.097,3463,4.648
27,Aerodactyl-Mega,3.94716,3255,2.510,2116,2.840
28,Sceptile-Mega,3.66361,6517,5.025,3933,5.279
29,Arceus,3.63314,7682,5.923,4391,5.893
30,Guzzlord,3.51052,2720,2.097,1814,2.435
31,Aegislash,3.45067,6709,5.173,4289,5.757
32,Slaking,3.08238,5877,4.532,3315,4.449
33,Xerneas,3.07508,4902,3.780,2901,3.894
34,Arceus-Ghost,2.82561,4976,3.837,2962,3.976
35,Metagross-Mega,2.81756,4670,3.601,2722,3.653
36,Kyurem-White,2.80992,3981,3.070,2292,3.076
37,Slowbro-Mega,2.77029,1868,1.440,1178,1.581
38,Hoopa-Unbound,2.38243,3021,2.329,1498,2.011
39,Aggron-Mega,2.38219,4491,3.463,2867,3.848
40,Heracross-Mega,1.96061,3357,2.588,2081,2.793
41,Scizor-Mega,1.80570,5140,3.963,3056,4.102
42,Steelix-Mega,1.79009,2844,2.193,1815,2.436
43,Xurkitree,1.72767,3015,2.325,1727,2.318
44,Marshadow,1.66196,5227,4.030,3077,4.130
45,Ampharos-Mega,1.59164,1488,1.147,985,1.322
46,Celesteela,1.57280,2838,2.188,1833,2.460
47,Golisopod,1.56763,1322,1.019,835,1.121
48,Palkia,1.50578,2146,1.655,1276,1.713
49,Drifblim,1.48728,364,0.281,218,0.293
50,Zekrom,1.44183,3393,2.616,1978,2.655
51,Arceus-Dark,1.37337,1120,0.864,789,1.059
52,Kangaskhan-Mega,1.36666,2678,2.065,1264,1.697
53,Lugia,1.30001,5158,3.977,3147,4.224
54,Shuckle,1.24972,8633,6.657,5599,7.515
55,Bisharp,1.14745,731,0.564,464,0.623
56,Ho-Oh,1.03498,2126,1.639,1252,1.680
57,Garchomp-Mega,0.97180,2811,2.167,1617,2.170
58,Weavile,0.96221,2713,2.092,1866,2.504
59,Deoxys-Defense,0.95987,5157,3.976,3296,4.424
60,Lunala,0.93143,4250,3.277,2416,3.243
61,Lopunny-Mega,0.91673,2426,1.871,1570,2.107
62,Latios-Mega,0.90841,2291,1.767,1239,1.663
63,Pikachu,0.88653,1746,1.346,1078,1.447
64,Blaziken-Mega,0.77272,4722,3.641,2760,3.704
65,Alakazam-Mega,0.75357,4953,3.819,2766,3.712
66,Giratina-Origin,0.71097,3176,2.449,1882,2.526
67,Magearna,0.69459,1628,1.255,1086,1.458
68,Regirock,0.64338,605,0.466,413,0.554
69,Mimikyu,0.61302,3569,2.752,2243,3.010
70,Altaria-Mega,0.60923,1108,0.854,660,0.886
71,Absol-Mega,0.55845,1176,0.907,683,0.917
72,Skarmory,0.55482,1575,1.214,973,1.306
73,Swampert-Mega,0.55352,3357,2.588,2034,2.730
74,Arceus-Steel,0.51309,1657,1.278,957,1.284
75,Banette-Mega,0.48755,1897,1.463,1186,1.592
76,Salamence-Mega,0.48211,5304,4.090,2947,3.955
77,Wailord,0.47321,833,0.642,547,0.734
78,Type: Null,0.44966,759,0.585,478,0.642
79,Charizard-Mega-X,0.43533,5135,3.959,2995,4.020
80,Pyukumuku,0.43125,1152,0.888,677,0.909
81,Lucario-Mega,0.42620,6718,5.180,3954,5.307
82,Tapu Fini,0.39166,828,0.638,525,0.705
83,Wishiwashi-School,0.38700,1469,1.133,867,1.164
84,Marowak,0.37840,328,0.253,210,0.282
85,Venusaur-Mega,0.37834,2520,1.943,1496,2.008
86,Darkrai,0.36827,4752,3.664,3085,4.141
87,Beedrill-Mega,0.36438,2215,1.708,1375,1.845
88,Arceus-Fairy,0.36333,1468,1.132,815,1.094
89,Cosmoem,0.31492,1569,1.210,976,1.310
90,Tapu Koko,0.28836,2401,1.851,1427,1.915
91,Latias-Mega,0.28627,1338,1.032,773,1.037
92,Pidgeot-Mega,0.28625,1391,1.073,835,1.121
93,Toxapex,0.25480,2349,1.811,1389,1.864
94,Gardevoir-Mega,0.23387,3422,2.639,2000,2.684
95,Reshiram,0.23144,1782,1.374,951,1.276
96,Regice,0.23114,883,0.681,579,0.777
97,Arceus-Water,0.22804,997,0.769,557,0.748
98,Charizard-Mega-Y,0.22532,3178,2.450,1872,2.513
99,Groudon,0.21710,429,0.331,265,0.356
100,Heatran,0.21464,796,0.614,498,0.668
101,Nihilego,0.21037,776,0.598,542,0.727
102,Sableye-Mega,0.20354,2243,1.730,1389,1.864
103,Arceus-Dragon,0.19923,626,0.483,399,0.536
104,Manectric-Mega,0.19791,1860,1.434,1112,1.492
105,Meloetta,0.18027,1092,0.842,612,0.821
106,Tapu Lele,0.17480,953,0.735,512,0.687
107,Eevee,0.17322,2978,2.296,2164,2.904
108,Houndoom-Mega,0.17070,912,0.703,520,0.698
109,Ferrothorn,0.16238,1637,1.262,1129,1.515
110,Shaymin-Sky,0.15700,872,0.672,495,0.664
111,Genesect,0.15557,2360,1.820,1341,1.800
112,Thundurus-Therian,0.14950,785,0.605,462,0.620
113,Arceus-Poison,0.14283,334,0.258,157,0.211
114,Arceus-Fire,0.13924,866,0.668,519,0.697
115,Arceus-Bug,0.13667,288,0.222,173,0.232
116,Arceus-Electric,0.13476,996,0.768,532,0.714
117,Landorus,0.13113,403,0.311,225,0.302
118,Ninjask,0.12987,1632,1.258,1128,1.514
119,Buzzwole,0.11394,1030,0.794,578,0.776
120,Snorlax,0.11285,2213,1.706,1271,1.706
121,Gallade-Mega,0.10929,2404,1.854,1300,1.745
122,Rhydon,0.10928,322,0.248,190,0.255
123,Kyurem,0.10220,207,0.160,136,0.183
124,Wigglytuff,0.10122,102,0.079,66,0.089
125,Cresselia,0.09988,630,0.486,430,0.577
126,Arceus-Ground,0.09976,430,0.332,204,0.274
127,Mawile-Mega,0.09892,1265,0.975,622,0.835
128,Ursaring,0.09801,211,0.163,118,0.158
129,Pinsir-Mega,0.09203,751,0.579,479,0.643
130,Umbreon,0.09041,1066,0.822,760,1.020
131,Ribombee,0.08889,388,0.299,272,0.365
132,Vespiquen,0.08391,344,0.265,250,0.336
133,Combee,0.08361,170,0.131,133,0.179
134,Blastoise-Mega,0.08259,1307,1.008,771,1.035
135,Minior,0.08202,307,0.237,169,0.227
136,Thundurus,0.08052,155,0.120,94,0.126
137,Arceus-Flying,0.07514,577,0.445,325,0.436
138,Garchomp,0.07426,1028,0.793,557,0.748
139,Electrode,0.07353,404,0.312,317,0.425
140,Marowak-Alola,0.07347,1457,1.123,903,1.212
141,Arceus-Ice,0.07273,469,0.362,243,0.326
142,Lapras,0.06834,452,0.349,283,0.380
143,Magikarp,0.06825,2048,1.579,991,1.330
144,Chandelure,0.06548,483,0.372,266,0.357
145,Victini,0.06472,885,0.682,531,0.713
146,Mandibuzz,0.06447,146,0.113,82,0.110
147,Hariyama,0.06177,183,0.141,118,0.158
148,Latios,0.06127,588,0.453,320,0.429
149,Conkeldurr,0.05710,155,0.120,103,0.138
150,Zapdos,0.05530,932,0.719,572,0.768
151,Abomasnow-Mega,0.05342,562,0.433,374,0.502
152,Deoxys,0.04807,432,0.333,244,0.327
153,Kyogre,0.04632,394,0.304,238,0.319
154,Arceus-Psychic,0.04620,401,0.309,231,0.310
155,Landorus-Therian,0.04590,582,0.449,380,0.510
156,Spiritomb,0.04570,379,0.292,269,0.361
157,Wobbuffet,0.04504,537,0.414,299,0.401
158,Porygon2,0.04471,671,0.517,351,0.471
159,Heliolisk,0.04436,194,0.150,122,0.164
160,Avalugg,0.04331,266,0.205,169,0.227
161,Gyarados,0.04272,795,0.613,450,0.604
162,Dusclops,0.04217,490,0.378,303,0.407
163,Jolteon,0.04032,872,0.672,494,0.663
164,Hydreigon,0.03922,616,0.475,365,0.490
165,Volcanion,0.03883,650,0.501,368,0.494
166,Glalie-Mega,0.03880,677,0.522,360,0.483
167,Tapu Bulu,0.03862,740,0.571,398,0.534
168,Crabominable,0.03795,365,0.281,228,0.306
169,Electivire,0.03699,738,0.569,444,0.596
170,Ludicolo,0.03696,356,0.275,197,0.264
171,Arceus-Fighting,0.03656,236,0.182,138,0.185
172,Gigalith,0.03517,302,0.233,232,0.311
173,Vivillon,0.03332,63,0.049,34,0.046
174,Entei,0.03285,279,0.215,165,0.221
175,Salazzle,0.03254,811,0.625,464,0.623
176,Keldeo,0.03222,324,0.250,203,0.272
177,Camerupt-Mega,0.03208,539,0.416,339,0.455
178,Darmanitan,0.03207,569,0.439,316,0.424
179,Mamoswine,0.03083,427,0.329,259,0.348
180,Excadrill,0.03061,533,0.411,307,0.412
181,Decidueye,0.03041,1316,1.015,776,1.042
182,Diancie,0.03010,210,0.162,142,0.191
183,Gengar,0.03003,672,0.518,468,0.628
184,Doublade,0.02943,194,0.150,120,0.161
185,Golurk,0.02935,300,0.231,194,0.260
186,Torkoal,0.02895,149,0.115,103,0.138
187,Arcanine,0.02889,741,0.571,401,0.538
188,Crobat,0.02885,341,0.263,218,0.293
189,Krookodile,0.02795,379,0.292,220,0.295
190,Rampardos,0.02658,635,0.490,325,0.436
191,Dragonite,0.02614,1256,0.968,766,1.028
192,Araquanid,0.02521,241,0.186,139,0.187
193,Claydol,0.02501,141,0.109,95,0.128
194,Floette-Eternal,0.02488,460,0.355,246,0.330
195,Tangrowth,0.02474,211,0.163,138,0.185
196,Feraligatr,0.02462,369,0.285,230,0.309
197,Muk-Alola,0.02447,1080,0.833,723,0.970
198,Espeon,0.02381,588,0.453,359,0.482
199,Haxorus,0.02380,327,0.252,190,0.255
200,Mew,0.02263,1454,1.121,823,1.105
201,Rattata,0.02214,749,0.578,269,0.361
202,Raichu-Alola,0.02190,794,0.612,447,0.600
203,Typhlosion,0.02169,420,0.324,250,0.336
204,Poliwrath,0.02153,192,0.148,127,0.170
205,Manaphy,0.02132,289,0.223,176,0.236
206,Magnezone,0.02026,641,0.494,402,0.540
207,Suicune,0.02024,434,0.335,239,0.321
208,Luxray,0.01999,435,0.335,284,0.381
209,Dugtrio,0.01989,271,0.209,173,0.232
210,Tsareena,0.01988,269,0.207,146,0.196
211,Incineroar,0.01922,1181,0.911,770,1.033
212,Arceus-Grass,0.01916,387,0.298,277,0.372
213,Florges,0.01912,384,0.296,248,0.333
214,Ditto,0.01856,997,0.769,607,0.815
215,Whimsicott,0.01818,172,0.133,133,0.179
216,Sylveon,0.01803,778,0.600,417,0.560
217,Accelgor,0.01789,312,0.241,176,0.236
218,Moltres,0.01775,292,0.225,179,0.240
219,Machamp,0.01746,373,0.288,233,0.313
220,Gastly,0.01731,39,0.030,24,0.032
221,Primarina,0.01724,882,0.680,494,0.663
222,Sharpedo-Mega,0.01639,406,0.313,282,0.378
223,Jirachi,0.01632,471,0.363,260,0.349
224,Aron,0.01631,293,0.226,203,0.272
225,Infernape,0.01621,1314,1.013,746,1.001
226,Rayquaza,0.01619,577,0.445,353,0.474
227,Dugtrio-Alola,0.01614,175,0.135,91,0.122
228,Tentacruel,0.01599,159,0.123,102,0.137
229,Exeggutor-Alola,0.01544,366,0.282,233,0.313
230,Crustle,0.01504,65,0.050,44,0.059
231,Volcarona,0.01480,805,0.621,474,0.636
232,Dusknoir,0.01474,293,0.226,222,0.298
233,Turtonator,0.01448,318,0.245,196,0.263
234,Gallade,0.01445,160,0.123,103,0.138
235,Togekiss,0.01425,561,0.433,350,0.470
236,Meowstic,0.01423,115,0.089,78,0.105
237,Raikou,0.01421,219,0.169,117,0.157
238,Rotom-Heat,0.01400,127,0.098,70,0.094
239,Bastiodon,0.01382,524,0.404,395,0.530
240,Mewtwo,0.01353,999,0.770,566,0.760
241,Kommo-o,0.01350,527,0.406,312,0.419
242,Zygarde-10,0.01349,471,0.363,301,0.404
243,Noivern,0.01339,907,0.699,540,0.725
244,Lycanroc,0.01332,279,0.215,162,0.217
245,Drapion,0.01315,311,0.240,171,0.230
246,Eelektross,0.01285,413,0.318,205,0.275
247,Porygon-Z,0.01284,548,0.423,363,0.487
248,Silvally-Fairy,0.01275,76,0.059,50,0.067
249,Bruxish,0.01274,62,0.048,39,0.052
250,Archeops,0.01273,964,0.743,580,0.778
251,Zygarde,0.01271,717,0.553,389,0.522
252,Mantine,0.01150,395,0.305,228,0.306
253,Pangoro,0.01150,185,0.143,116,0.156
254,Ledian,0.01138,40,0.031,29,0.039
255,Tornadus,0.01132,114,0.088,80,0.107
256,Cradily,0.01110,75,0.058,43,0.058
257,Talonflame,0.01109,849,0.655,524,0.703
258,Rotom-Wash,0.01108,505,0.389,312,0.419
259,Minior-Meteor,0.01100,157,0.121,106,0.142
260,Cosmog,0.01091,357,0.275,178,0.239
261,Mimikyu-Busted,0.01040,129,0.099,86,0.115
262,Clefable,0.01036,249,0.192,142,0.191
263,Sunkern,0.01012,408,0.315,203,0.272
264,Pelipper,0.01008,160,0.123,110,0.148
265,Monferno,0.00988,13,0.010,8,0.011
266,Smeargle,0.00979,578,0.446,371,0.498
267,Sandslash-Alola,0.00965,369,0.285,227,0.305
268,Stufful,0.00934,22,0.017,4,0.005
269,Wormadam-Trash,0.00909,28,0.022,12,0.016
270,Rattata-Alola,0.00908,265,0.204,127,0.170
271,Wormadam-Sandy,0.00905,5,0.004,2,0.003
272,Gumshoos,0.00871,296,0.228,177,0.238
273,Vaporeon,0.00862,522,0.402,281,0.377
274,Cloyster,0.00837,614,0.473,360,0.483
275,Cofagrigus,0.00829,240,0.185,168,0.225
276,Sableye,0.00828,140,0.108,99,0.133
277,Vikavolt,0.00805,442,0.341,278,0.373
278,Blaziken,0.00795,715,0.551,392,0.526
279,Tornadus-Therian,0.00788,420,0.324,231,0.310
280,Bidoof,0.00786,239,0.184,120,0.161
281,Muk,0.00773,58,0.045,44,0.059
282,Amoonguss,0.00772,115,0.089,62,0.083
283,Reuniclus,0.00767,144,0.111,68,0.091
284,Diglett-Alola,0.00746,69,0.053,53,0.071
285,Torterra,0.00746,314,0.242,206,0.276
286,Dhelmise,0.00723,313,0.241,208,0.279
287,Grimer-Alola,0.00718,11,0.008,5,0.007
288,Swellow,0.00703,134,0.103,71,0.095
289,Swampert,0.00695,281,0.217,163,0.219
290,Exploud,0.00694,175,0.135,97,0.130
291,Terrakion,0.00694,167,0.129,85,0.114
292,Golem-Alola,0.00677,256,0.197,187,0.251
293,Staraptor,0.00663,506,0.390,303,0.407
294,Starmie,0.00663,109,0.084,58,0.078
295,Delibird,0.00657,47,0.036,36,0.048
296,Lanturn,0.00646,126,0.097,66,0.089
297,Mienshao,0.00646,35,0.027,20,0.027
298,Hypno,0.00645,80,0.062,49,0.066
299,Caterpie,0.00627,230,0.177,182,0.244
300,Hawlucha,0.00626,460,0.355,280,0.376
301,Shiinotic,0.00611,170,0.131,109,0.146
302,Flareon,0.00607,406,0.313,243,0.326
303,Bewear,0.00598,360,0.278,198,0.266
304,Goodra,0.00594,804,0.620,489,0.656
305,Empoleon,0.00592,369,0.285,204,0.274
306,Gliscor,0.00589,554,0.427,279,0.374
307,Stoutland,0.00584,60,0.046,35,0.047
308,Gastrodon,0.00581,262,0.202,119,0.160
309,Serperior,0.00576,587,0.453,341,0.458
310,Celebi,0.00574,268,0.207,149,0.200
311,Silvally-Electric,0.00573,134,0.103,79,0.106
312,Dunsparce,0.00572,334,0.258,110,0.148
313,Linoone,0.00569,49,0.038,38,0.051
314,Escavalier,0.00547,263,0.203,172,0.231
315,Greninja,0.00546,515,0.397,372,0.499
316,Mudsdale,0.00540,121,0.093,60,0.081
317,Toucannon,0.00532,158,0.122,89,0.119
318,Froslass,0.00531,185,0.143,116,0.156
319,Milotic,0.00526,343,0.264,229,0.307
320,Dodrio,0.00521,124,0.096,87,0.117
321,Carbink,0.00501,192,0.148,134,0.180
322,Tauros,0.00501,111,0.086,38,0.051
323,Diglett,0.00496,49,0.038,28,0.038
324,Arceus-Rock,0.00493,55,0.042,32,0.043
325,Probopass,0.00478,156,0.120,112,0.150
326,Roggenrola,0.00477,8,0.006,3,0.004
327,Whirlipede,0.00477,30,0.023,10,0.013
328,Kricketune,0.00477,39,0.030,18,0.024
329,Gourgeist-Super,0.00467,134,0.103,94,0.126
330,Scolipede,0.00460,351,0.271,273,0.366
331,Forretress,0.00458,320,0.247,260,0.349
332,Gothitelle,0.00457,72,0.056,51,0.068
333,Aerodactyl,0.00450,134,0.103,77,0.103
334,Silvally,0.00444,220,0.170,116,0.156
335,Scizor,0.00423,160,0.123,92,0.123
336,Togedemaru,0.00420,138,0.106,94,0.126
337,Palossand,0.00413,454,0.350,230,0.309
338,Sandshrew-Alola,0.00410,56,0.043,22,0.030
339,Braviary,0.00404,240,0.185,129,0.173
340,Steelix,0.00404,126,0.097,82,0.110
341,Exeggutor,0.00399,134,0.103,69,0.093
342,Delphox,0.00389,333,0.257,185,0.248
343,Ambipom,0.00388,112,0.086,74,0.099
344,Jynx,0.00386,81,0.062,53,0.071
345,Quagsire,0.00385,167,0.129,112,0.150
346,Lurantis,0.00384,267,0.206,154,0.207
347,Durant,0.00380,132,0.102,88,0.118
348,Kingdra,0.00369,278,0.214,160,0.215
349,Articuno,0.00368,376,0.290,233,0.313
350,Slowbro,0.00357,76,0.059,42,0.056
351,Silvally-Dark,0.00355,10,0.008,6,0.008
352,Lucario,0.00355,542,0.418,240,0.322
353,Nidoking,0.00336,246,0.190,163,0.219
354,Charizard,0.00326,414,0.319,252,0.338
355,Alakazam,0.00325,161,0.124,106,0.142
356,Galvantula,0.00322,276,0.213,212,0.285
357,Shiftry,0.00316,50,0.039,25,0.034
358,Glaceon,0.00314,391,0.301,265,0.356
359,Sigilyph,0.00306,56,0.043,35,0.047
360,Alomomola,0.00303,117,0.090,79,0.106
361,Ninetales,0.00300,201,0.155,121,0.162
362,Drampa,0.00295,256,0.197,146,0.196
363,Leafeon,0.00283,314,0.242,162,0.217
364,Tyranitar,0.00282,361,0.278,245,0.329
365,Trevenant,0.00278,139,0.107,80,0.107
366,Donphan,0.00275,372,0.287,262,0.352
367,Munchlax,0.00275,109,0.084,39,0.052
368,Ariados,0.00274,93,0.072,64,0.086
369,Medicham-Mega,0.00269,226,0.174,115,0.154
370,Passimian,0.00267,91,0.070,59,0.079
371,Virizion,0.00266,70,0.054,45,0.060
372,Jigglypuff,0.00266,101,0.078,77,0.103
373,Sceptile,0.00266,434,0.335,248,0.333
374,Mr. Mime,0.00263,41,0.032,24,0.032
375,Azurill,0.00261,15,0.012,9,0.012
376,Slurpuff,0.00260,58,0.045,30,0.040
377,Wynaut,0.00259,49,0.038,35,0.047
378,Honchkrow,0.00259,122,0.094,84,0.113
379,Jumpluff,0.00257,50,0.039,27,0.036
380,Unown,0.00254,83,0.064,43,0.058
381,Zubat,0.00253,58,0.045,27,0.036
382,Piloswine,0.00249,16,0.012,9,0.012
383,Noctowl,0.00247,100,0.077,72,0.097
384,Blastoise,0.00244,238,0.184,138,0.185
385,Zebstrika,0.00243,95,0.073,55,0.074
386,Shaymin,0.00239,75,0.058,32,0.043
387,Politoed,0.00237,125,0.096,85,0.114
388,Zoroark,0.00231,494,0.381,251,0.337
389,Seismitoad,0.00228,115,0.089,65,0.087
390,Samurott,0.00225,314,0.242,174,0.234
391,Latias,0.00224,198,0.153,105,0.141
392,Wailmer,0.00220,6,0.005,5,0.007
393,Floatzel,0.00220,77,0.059,48,0.064
394,Raichu,0.00215,244,0.188,163,0.219
395,Breloom,0.00210,359,0.277,210,0.282
396,Carracosta,0.00209,145,0.112,94,0.126
397,Jellicent,0.00208,97,0.075,59,0.079
398,Flygon,0.00199,189,0.146,104,0.140
399,Necrozma,0.00198,489,0.377,300,0.403
400,Paras,0.00193,4,0.003,2,0.003
401,Weezing,0.00190,73,0.056,51,0.068
402,Ampharos,0.00186,219,0.169,114,0.153
403,Meganium,0.00186,165,0.127,89,0.119
404,Rhyperior,0.00186,152,0.117,78,0.105
405,Luvdisc,0.00183,49,0.038,34,0.046
406,Sliggoo,0.00178,94,0.072,49,0.066
407,Woobat,0.00178,12,0.009,2,0.003
408,Aggron,0.00169,167,0.129,116,0.156
409,Zangoose,0.00167,88,0.068,57,0.077
410,Oricorio,0.00161,142,0.109,76,0.102
411,Azumarill,0.00160,118,0.091,68,0.091
412,Farfetch'd,0.00156,119,0.092,74,0.099
413,Victreebel,0.00153,157,0.121,99,0.133
414,Klefki,0.00143,104,0.080,63,0.085
415,Bronzong,0.00143,119,0.092,63,0.085
416,Abomasnow,0.00138,69,0.053,45,0.060
417,Roserade,0.00135,222,0.171,130,0.174
418,Wooper,0.00135,68,0.052,33,0.044
419,Venomoth,0.00133,94,0.072,65,0.087
420,Mudkip,0.00132,41,0.032,19,0.026
421,Rotom-Frost,0.00131,221,0.170,108,0.145
422,Scrafty,0.00129,249,0.192,139,0.187
423,Dragalge,0.00129,101,0.078,68,0.091
424,Ninetales-Alola,0.00128,621,0.479,348,0.467
425,Comfey,0.00127,392,0.302,171,0.230
426,Hitmonlee,0.00122,133,0.103,69,0.093
427,Weedle,0.00120,123,0.095,69,0.093
428,Ferroseed,0.00119,24,0.019,17,0.023
429,Gogoat,0.00118,86,0.066,52,0.070
430,Wishiwashi,0.00117,111,0.086,74,0.099
431,Swanna,0.00117,91,0.070,56,0.075
432,Emboar,0.00116,138,0.106,90,0.121
433,Morelull,0.00116,8,0.006,7,0.009
434,Persian-Alola,0.00115,116,0.089,46,0.062
435,Mismagius,0.00115,156,0.120,85,0.114
436,Lycanroc-Midnight,0.00108,286,0.221,189,0.254
437,Slowking,0.00105,76,0.059,43,0.058
438,Stantler,0.00104,84,0.065,58,0.078
439,Arbok,0.00104,99,0.076,63,0.085
440,Simisear,0.00099,7,0.005,5,0.007
441,Toxicroak,0.00098,199,0.153,103,0.138
442,Fraxure,0.00093,15,0.012,9,0.012
443,Persian,0.00092,69,0.053,45,0.060
444,Hoopa,0.00089,118,0.091,61,0.082
445,Gardevoir,0.00089,351,0.271,200,0.268
446,Kingler,0.00088,65,0.050,43,0.058
447,Sharpedo,0.00088,39,0.030,33,0.044
448,Cobalion,0.00086,90,0.069,40,0.054
449,Sawsbuck,0.00085,38,0.029,21,0.028
450,Salamence,0.00083,281,0.217,171,0.230
451,Pichu,0.00082,85,0.066,63,0.085
452,Phione,0.00080,9,0.007,4,0.005
453,Relicanth,0.00073,93,0.072,58,0.078
454,Unfezant,0.00070,73,0.056,46,0.062
455,Gourgeist-Small,0.00070,22,0.017,12,0.016
456,Kabuto,0.00070,28,0.022,21,0.028
457,Metapod,0.00069,36,0.028,22,0.030
458,Venusaur,0.00069,129,0.099,80,0.107
459,Bulbasaur,0.00069,76,0.059,59,0.079
460,Salandit,0.00068,103,0.079,57,0.077
461,Spinda,0.00066,60,0.046,31,0.042
462,Pachirisu,0.00066,45,0.035,32,0.043
463,Emolga,0.00065,83,0.064,52,0.070
464,Chesnaught,0.00063,206,0.159,128,0.172
465,Binacle,0.00062,16,0.012,11,0.015
466,Tentacool,0.00061,22,0.017,14,0.019
467,Miltank,0.00060,215,0.166,90,0.121
468,Castform,0.00056,119,0.092,61,0.082
469,Tangela,0.00055,45,0.035,38,0.051
470,Silvally-Dragon,0.00052,40,0.031,26,0.035
471,Silvally-Ice,0.00051,24,0.019,17,0.023
472,Oddish,0.00050,24,0.019,20,0.027
473,Igglybuff,0.00049,47,0.036,30,0.040
474,Wimpod,0.00049,23,0.018,20,0.027
475,Dartrix,0.00049,19,0.015,14,0.019
476,Aromatisse,0.00049,21,0.016,13,0.017
477,Cherubi,0.00049,3,0.002,3,0.004
478,Flabebe,0.00049,5,0.004,5,0.007
479,Pineco,0.00048,27,0.021,27,0.036
480,Lilligant,0.00048,220,0.170,128,0.172
481,Hippowdon,0.00043,91,0.070,84,0.113
482,Starly,0.00042,184,0.142,59,0.079
483,Spearow,0.00041,10,0.008,7,0.009
484,Rotom-Mow,0.00041,103,0.079,57,0.077
485,Silvally-Water,0.00041,10,0.008,5,0.007
486,Sandslash,0.00040,62,0.048,48,0.064
487,Magmortar,0.00040,175,0.135,111,0.149
488,Crawdaunt,0.00040,118,0.091,81,0.109
489,Butterfree,0.00040,104,0.080,69,0.093
490,Magcargo,0.00039,77,0.059,28,0.038
491,Dustox,0.00039,36,0.028,22,0.030
492,Oricorio-Sensu,0.00038,105,0.081,68,0.091
493,Vanillite,0.00038,6,0.005,5,0.007
494,Cryogonal,0.00038,95,0.073,48,0.064
495,Slakoth,0.00037,25,0.019,14,0.019
496,Torracat,0.00037,63,0.049,44,0.059
497,Dedenne,0.00037,86,0.066,50,0.067
498,Nidoqueen,0.00035,37,0.029,28,0.038
499,Chatot,0.00035,25,0.019,15,0.020
500,Magmar,0.00035,10,0.008,9,0.012
501,Tyrantrum,0.00035,379,0.292,217,0.291
502,Kangaskhan,0.00035,65,0.050,47,0.063
503,Yamask,0.00034,40,0.031,34,0.046
504,Musharna,0.00034,25,0.019,12,0.016
505,Bibarel,0.00034,70,0.054,38,0.051
506,Tropius,0.00033,110,0.085,56,0.075
507,Vileplume,0.00033,44,0.034,28,0.038
508,Beedrill,0.00032,30,0.023,17,0.023
509,Swablu,0.00032,4,0.003,3,0.004
510,Yanmega,0.00032,108,0.083,62,0.083
511,Vigoroth,0.00030,6,0.005,4,0.005
512,Azelf,0.00029,82,0.063,48,0.064
513,Mareep,0.00029,5,0.004,2,0.003
514,Flaaffy,0.00029,5,0.004,2,0.003
515,Charjabug,0.00026,74,0.057,51,0.068
516,Bellossom,0.00025,34,0.026,23,0.031
517,Armaldo,0.00025,69,0.053,46,0.062
518,Skitty,0.00025,46,0.035,23,0.031
519,Kecleon,0.00024,50,0.039,39,0.052
520,Leavanny,0.00024,70,0.054,46,0.062
521,Barbaracle,0.00024,97,0.075,78,0.105
522,Klinklang,0.00023,151,0.116,101,0.136
523,Lopunny,0.00022,42,0.032,23,0.031
524,Clawitzer,0.00021,154,0.119,75,0.101
525,Silvally-Fire,0.00021,70,0.054,47,0.063
526,Rotom-Fan,0.00021,103,0.079,73,0.098
527,Sewaddle,0.00021,8,0.006,8,0.011
528,Komala,0.00020,92,0.071,68,0.091
529,Golem,0.00020,102,0.079,74,0.099
530,Magnemite,0.00020,64,0.049,40,0.054
531,Druddigon,0.00020,57,0.044,32,0.043
532,Mawile,0.00019,18,0.014,11,0.015
533,Sneasel,0.00019,13,0.010,9,0.012
534,Beartic,0.00019,80,0.062,40,0.054
535,Corsola,0.00018,55,0.042,36,0.048
536,Kadabra,0.00018,42,0.032,24,0.032
537,Aurorus,0.00018,94,0.072,59,0.079
538,Rapidash,0.00017,165,0.127,131,0.176
539,Kabutops,0.00017,101,0.078,45,0.060
540,Oranguru,0.00017,113,0.087,44,0.059
541,Sunflora,0.00016,67,0.052,36,0.048
542,Ralts,0.00016,22,0.017,18,0.024
543,Patrat,0.00015,7,0.005,2,0.003
544,Drowzee,0.00015,4,0.003,2,0.003
545,Gligar,0.00015,19,0.015,12,0.016
546,Totodile,0.00014,11,0.008,8,0.011
547,Xatu,0.00014,24,0.019,18,0.024
548,Snivy,0.00013,34,0.026,20,0.027
549,Beautifly,0.00013,48,0.037,31,0.042
550,Parasect,0.00013,40,0.031,26,0.035
551,Happiny,0.00012,47,0.036,30,0.040
552,Wingull,0.00012,119,0.092,26,0.035
553,Croconaw,0.00012,7,0.005,7,0.009
554,Metagross,0.00012,474,0.365,205,0.275
555,Girafarig,0.00011,26,0.020,15,0.020
556,Sawk,0.00011,120,0.093,83,0.111
557,Graveler-Alola,0.00011,29,0.022,22,0.030
558,Spewpa,0.00011,16,0.012,14,0.019
559,Manectric,0.00010,38,0.029,24,0.032
560,Machoke,0.00010,51,0.039,42,0.056
561,Cherrim,0.00010,16,0.012,9,0.012
562,Diggersby,0.00010,48,0.037,34,0.046
563,Clamperl,0.00010,77,0.059,35,0.047
564,Rockruff,0.00010,87,0.067,80,0.107
565,Silvally-Fighting,0.00010,46,0.035,13,0.017
566,Nosepass,0.00009,77,0.059,33,0.044
567,Granbull,0.00009,42,0.032,25,0.034
568,Camerupt,0.00009,30,0.023,17,0.023
569,Shieldon,0.00009,7,0.005,7,0.009
570,Raticate,0.00009,145,0.112,72,0.097
571,Zorua,0.00009,45,0.035,17,0.023
572,Shellos,0.00008,30,0.023,5,0.007
573,Teddiursa,0.00008,5,0.004,5,0.007
574,Uxie,0.00008,94,0.072,70,0.094
575,Vanilluxe,0.00008,190,0.147,107,0.144
576,Gulpin,0.00008,2,0.002,2,0.003
577,Cacnea,0.00008,9,0.007,9,0.012
578,Glalie,0.00008,24,0.019,15,0.020
579,Cubone,0.00008,27,0.021,20,0.027
580,Grumpig,0.00008,11,0.008,9,0.012
581,Pumpkaboo,0.00007,23,0.018,19,0.026
582,Heracross,0.00007,76,0.059,44,0.059
583,Kakuna,0.00007,11,0.008,6,0.008
584,Tynamo,0.00007,3,0.002,3,0.004
585,Scyther,0.00006,75,0.058,53,0.071
586,Malamar,0.00006,67,0.052,32,0.043
587,Seaking,0.00006,19,0.015,16,0.021
588,Clefairy,0.00006,19,0.015,12,0.016
589,Crabrawler,0.00005,51,0.039,40,0.054
590,Nidorina,0.00005,5,0.004,2,0.003
591,Ponyta,0.00005,5,0.004,3,0.004
592,Pidgey,0.00005,128,0.099,48,0.064
593,Taillow,0.00005,38,0.029,17,0.023
594,Bouffalant,0.00005,32,0.025,23,0.031
595,Silvally-Ghost,0.00005,37,0.029,27,0.036
596,Chimecho,0.00005,28,0.022,14,0.019
597,Hitmonchan,0.00005,66,0.051,49,0.066
598,Seviper,0.00005,29,0.022,26,0.035
599,Tirtouga,0.00005,9,0.007,6,0.008
600,Drifloon,0.00005,16,0.012,9,0.012
601,Absol,0.00005,133,0.103,72,0.097
602,Riolu,0.00005,141,0.109,95,0.128
603,Oricorio-Pom-Pom,0.00004,101,0.078,53,0.071
604,Wartortle,0.00004,61,0.047,46,0.062
605,Throh,0.00004,72,0.056,47,0.063
606,Phantump,0.00004,17,0.013,11,0.015
607,Helioptile,0.00004,1,0.001,1,0.001
608,Rufflet,0.00004,11,0.008,9,0.012
609,Combusken,0.00003,15,0.012,6,0.008
610,Dewpider,0.00003,5,0.004,5,0.007
611,Solrock,0.00003,33,0.025,21,0.028
612,Lunatone,0.00003,15,0.012,10,0.013
613,Oshawott,0.00003,13,0.010,11,0.015
614,Burmy,0.00003,10,0.008,4,0.005
615,Furret,0.00003,101,0.078,42,0.056
616,Primeape,0.00003,68,0.052,43,0.058
617,Beheeyem,0.00003,66,0.051,44,0.059
618,Silvally-Steel,0.00003,21,0.016,7,0.009
619,Swoobat,0.00003,22,0.017,15,0.020
620,Heatmor,0.00003,31,0.024,22,0.030
621,Altaria,0.00003,20,0.015,12,0.016
622,Golduck,0.00003,312,0.241,113,0.152
623,Raticate-Alola,0.00002,136,0.105,92,0.123
624,Bonsly,0.00002,5,0.004,4,0.005
625,Floette,0.00002,15,0.012,7,0.009
626,Omanyte,0.00002,14,0.011,11,0.015
627,Piplup,0.00002,31,0.024,25,0.034
628,Ivysaur,0.00002,8,0.006,7,0.009
629,Lileep,0.00002,19,0.015,10,0.013
630,Froakie,0.00002,43,0.033,34,0.046
631,Rowlet,0.00002,47,0.036,30,0.040
632,Turtwig,0.00002,9,0.007,6,0.008
633,Pinsir,0.00002,10,0.008,9,0.012
634,Tyrogue,0.00002,16,0.012,15,0.020
635,Huntail,0.00002,50,0.039,29,0.039
636,Cinccino,0.00002,129,0.099,74,0.099
637,Dewgong,0.00002,43,0.033,26,0.035
638,Anorith,0.00002,5,0.004,4,0.005
639,Fletchling,0.00002,3,0.002,2,0.003
640,Onix,0.00002,41,0.032,37,0.050
641,Simipour,0.00002,27,0.021,18,0.024
642,Squirtle,0.00002,89,0.069,54,0.072
643,Octillery,0.00002,65,0.050,46,0.062
644,Spoink,0.00002,7,0.005,3,0.004
645,Bergmite,0.00002,13,0.010,7,0.009
646,Honedge,0.00002,5,0.004,4,0.005
647,Misdreavus,0.00002,4,0.003,3,0.004
648,Nidorino,0.00001,7,0.005,5,0.007
649,Delcatty,0.00001,55,0.042,34,0.046
650,Volbeat,0.00001,41,0.032,29,0.039
651,Cyndaquil,0.00001,33,0.025,24,0.032
652,Pyroar,0.00001,148,0.114,82,0.110
653,Pawniard,0.00001,20,0.015,13,0.017
654,Banette,0.00001,59,0.045,41,0.055
655,Medicham,0.00001,22,0.017,14,0.019
656,Houndoom,0.00001,34,0.026,22,0.030
657,Silvally-Flying,0.00001,6,0.005,4,0.005
658,Magby,0.00001,11,0.008,9,0.012
659,Carnivine,0.00001,15,0.012,8,0.011
660,Bagon,0.00001,6,0.005,6,0.008
661,Skuntank,0.00001,33,0.025,12,0.016
662,Aipom,0.00001,37,0.029,13,0.017
663,Gabite,0.00001,18,0.014,13,0.017
664,Litwick,0.00001,24,0.019,18,0.024
665,Staravia,0.00001,4,0.003,1,0.001
666,Trubbish,0.00001,24,0.019,14,0.019
667,Geodude-Alola,0.00001,24,0.019,11,0.015
668,Nincada,0.00001,14,0.011,7,0.009
669,Masquerain,0.00001,36,0.028,19,0.026
670,Magneton,0.00001,43,0.033,34,0.046
671,Foongus,0.00001,8,0.006,7,0.009
672,Gothita,0.00001,11,0.008,4,0.005
673,Cacturne,0.00001,84,0.065,61,0.082
674,Swirlix,0.00001,29,0.022,18,0.024
675,Popplio,0.00001,29,0.022,18,0.024
676,Venipede,0.00001,6,0.005,5,0.007
677,Slowpoke,0.00001,6,0.005,2,0.003
678,Cleffa,0.00001,10,0.008,9,0.012
679,Mesprit,0.00000,18,0.014,12,0.016
680,Wurmple,0.00000,10,0.008,9,0.012
681,Omastar,0.00000,112,0.086,72,0.097
682,Cutiefly,0.00000,3,0.002,1,0.001
683,Treecko,0.00000,28,0.022,23,0.031
684,Hippopotas,0.00000,13,0.010,13,0.017
685,Kirlia,0.00000,8,0.006,5,0.007
686,Silvally-Ground,0.00000,7,0.005,5,0.007
687,Gorebyss,0.00000,32,0.025,15,0.020
688,Haunter,0.00000,36,0.028,28,0.038
689,Gourgeist,0.00000,7,0.005,4,0.005
690,Lickitung,0.00000,8,0.006,7,0.009
691,Krokorok,0.00000,19,0.015,19,0.026
692,Torchic,0.00000,64,0.049,24,0.032
693,Swalot,0.00000,22,0.017,15,0.020
694,Growlithe,0.00000,8,0.006,4,0.005
695,Silvally-Bug,0.00000,4,0.003,2,0.003
696,Larvitar,0.00000,2,0.002,1,0.001
697,Lickilicky,0.00000,120,0.093,65,0.087
698,Seedot,0.00000,19,0.015,17,0.023
699,Togepi,0.00000,20,0.015,17,0.023
700,Shroomish,0.00000,11,0.008,10,0.013
701,Pidove,0.00000,4,0.003,2,0.003
702,Tepig,0.00000,9,0.007,3,0.004
703,Gible,0.00000,26,0.020,12,0.016
704,Pidgeot,0.00000,56,0.043,41,0.055
705,Chimchar,0.00000,18,0.014,14,0.019
706,Maractus,0.00000,17,0.013,11,0.015
707,Hitmontop,0.00000,25,0.019,10,0.013
708,Mankey,0.00000,19,0.015,9,0.012
709,Brionne,0.00000,17,0.013,11,0.015
710,Pumpkaboo-Super,0.00000,8,0.006,5,0.007
711,Fennekin,0.00000,34,0.026,20,0.027
712,Lillipup,0.00000,8,0.006,4,0.005
713,Litten,0.00000,25,0.019,18,0.024
714,Poliwag,0.00000,8,0.006,3,0.004
715,Dragonair,0.00000,14,0.011,10,0.013
716,Fearow,0.00000,25,0.019,20,0.027
717,Sandygast,0.00000,4,0.003,1,0.001
718,NidoranM,0.00000,8,0.006,6,0.008
719,Spheal,0.00000,3,0.002,1,0.001
720,Beldum,0.00000,7,0.005,7,0.009
721,Geodude,0.00000,76,0.059,62,0.083
722,Electrike,0.00000,2,0.002,0,0.000
723,Buneary,0.00000,18,0.014,10,0.013
724,Swadloon,0.00000,6,0.005,4,0.005
725,Psyduck,0.00000,24,0.019,16,0.021
726,Litleo,0.00000,14,0.011,8,0.011
727,Poochyena,0.00000,5,0.004,4,0.005
728,Sudowoodo,0.00000,39,0.030,21,0.028
729,Elekid,0.00000,11,0.008,7,0.009
730,Jangmo-o,0.00000,6,0.005,5,0.007
731,Qwilfish,0.00000,75,0.058,51,0.068
732,Skiddo,0.00000,7,0.005,5,0.007
733,Minccino,0.00000,4,0.003,3,0.004
734,Munna,0.00000,9,0.007,7,0.009
735,Corphish,0.00000,22,0.017,7,0.009
736,Snorunt,0.00000,7,0.005,6,0.008
737,Snubbull,0.00000,4,0.003,2,0.003
738,Silvally-Rock,0.00000,5,0.004,4,0.005
739,Mightyena,0.00000,19,0.015,13,0.017
740,Seadra,0.00000,3,0.002,2,0.003
741,Watchog,0.00000,7,0.005,4,0.005
742,Simisage,0.00000,6,0.005,5,0.007
743,Oricorio-Pa'u,0.00000,65,0.050,28,0.038
744,Rotom,0.00000,53,0.041,46,0.062
745,Feebas,0.00000,67,0.052,46,0.062
746,Meowth,0.00000,11,0.008,10,0.013
747,Poliwhirl,0.00000,8,0.006,7,0.009
748,Lampent,0.00000,27,0.021,21,0.028
749,Mime Jr.,0.00000,8,0.006,5,0.007
750,Pidgeotto,0.00000,13,0.010,9,0.012
751,Voltorb,0.00000,23,0.018,15,0.020
752,Buizel,0.00000,19,0.015,10,0.013
753,Cottonee,0.00000,10,0.008,3,0.004
754,Petilil,0.00000,12,0.009,2,0.003
755,Golett,0.00000,5,0.004,3,0.004
756,Staryu,0.00000,11,0.008,6,0.008
757,Weepinbell,0.00000,8,0.006,8,0.011
758,Vibrava,0.00000,11,0.008,8,0.011
759,Braixen,0.00000,46,0.035,23,0.031
760,Silvally-Psychic,0.00000,15,0.012,6,0.008
761,Charmander,0.00000,53,0.041,41,0.055
762,Grotle,0.00000,4,0.003,4,0.005
763,Murkrow,0.00000,5,0.004,4,0.005
764,Electabuzz,0.00000,23,0.018,15,0.020
765,Grovyle,0.00000,14,0.011,11,0.015
766,Prinplup,0.00000,3,0.002,2,0.003
767,Marshtomp,0.00000,3,0.002,3,0.004
768,Vulpix,0.00000,25,0.019,20,0.027
769,Togetic,0.00000,26,0.020,17,0.023
770,Roselia,0.00000,5,0.004,2,0.003
771,Vullaby,0.00000,8,0.006,3,0.004
772,Exeggcute,0.00000,3,0.002,3,0.004
773,Liepard,0.00000,53,0.041,41,0.055
774,Abra,0.00000,13,0.010,11,0.015
775,Joltik,0.00000,1,0.001,1,0.001
776,Mothim,0.00000,33,0.025,18,0.024
777,Solosis,0.00000,9,0.007,8,0.011
778,Axew,0.00000,7,0.005,6,0.008
779,Makuhita,0.00000,2,0.002,2,0.003
780,Bellsprout,0.00000,2,0.002,2,0.003
781,Vulpix-Alola,0.00000,31,0.024,23,0.031
782,Meowth-Alola,0.00000,2,0.002,2,0.003
783,Purugly,0.00000,27,0.021,18,0.024
784,Frogadier,0.00000,13,0.010,11,0.015
785,Garbodor,0.00000,23,0.018,18,0.024
786,Deino,0.00000,9,0.007,7,0.009
787,Basculin,0.00000,6,0.005,5,0.007
788,Hakamo-o,0.00000,52,0.040,28,0.038
789,Klang,0.00000,21,0.016,12,0.016
790,Snover,0.00000,4,0.003,3,0.004
791,Pikipek,0.00000,12,0.009,9,0.012
792,Audino,0.00000,69,0.053,22,0.030
793,Luxio,0.00000,4,0.003,2,0.003
794,Shelgon,0.00000,2,0.002,2,0.003
795,Quilava,0.00000,18,0.014,15,0.020
796,Mareanie,0.00000,7,0.005,5,0.007
797,Vanillish,0.00000,5,0.004,4,0.005
798,Ducklett,0.00000,13,0.010,4,0.005
799,Budew,0.00000,9,0.007,5,0.007
800,Boldore,0.00000,4,0.003,2,0.003
801,Whiscash,0.00000,36,0.028,12,0.016
802,Fletchinder,0.00000,16,0.012,12,0.016
803,Pignite,0.00000,5,0.004,5,0.007
804,Machop,0.00000,6,0.005,3,0.004
805,Steenee,0.00000,2,0.002,2,0.003
806,Grubbin,0.00000,4,0.003,4,0.005
807,Scatterbug,0.00000,2,0.002,2,0.003
808,Furfrou,0.00000,19,0.015,10,0.013
809,Deerling,0.00000,4,0.003,2,0.003
810,Hoppip,0.00000,11,0.008,6,0.008
811,Goomy,0.00000,15,0.012,11,0.015
812,Smoochum,0.00000,10,0.008,4,0.005
813,Walrein,0.00000,36,0.028,22,0.030
814,Cranidos,0.00000,3,0.002,3,0.004
815,Lairon,0.00000,3,0.002,2,0.003
816,Noibat,0.00000,4,0.003,2,0.003
817,Frillish,0.00000,6,0.005,5,0.007
818,Charmeleon,0.00000,21,0.016,18,0.024
819,Gourgeist-Large,0.00000,2,0.002,2,0.003
820,Silvally-Poison,0.00000,12,0.009,4,0.005
821,Shuppet,0.00000,2,0.002,2,0.003
822,Zweilous,0.00000,11,0.008,7,0.009
823,Chespin,0.00000,7,0.005,5,0.007
824,Herdier,0.00000,21,0.016,10,0.013
825,Porygon,0.00000,18,0.014,11,0.015
826,Golbat,0.00000,22,0.017,17,0.023
827,Trapinch,0.00000,15,0.012,10,0.013
828,Quilladin,0.00000,9,0.007,6,0.008
829,Goldeen,0.00000,6,0.005,5,0.007
830,Stunfisk,0.00000,20,0.015,11,0.015
831,Metang,0.00000,27,0.021,14,0.019
832,Mudbray,0.00000,6,0.005,3,0.004
833,Archen,0.00000,1,0.001,1,0.001
834,Nuzleaf,0.00000,14,0.011,13,0.017
835,Duskull,0.00000,24,0.019,19,0.026
836,Gloom,0.00000,3,0.002,3,0.004
837,Pupitar,0.00000,4,0.003,4,0.005
838,Venonat,0.00000,6,0.005,5,0.007
839,Cubchoo,0.00000,3,0.002,1,0.001
840,Lotad,0.00000,2,0.002,1,0.001
841,Natu,0.00000,3,0.002,1,0.001
842,Sandile,0.00000,11,0.008,2,0.003
843,Pansage,0.00000,2,0.002,2,0.003
844,Carvanha,0.00000,4,0.003,2,0.003
845,Sandshrew,0.00000,5,0.004,4,0.005
846,Ekans,0.00000,1,0.001,1,0.001
847,Lumineon,0.00000,13,0.010,8,0.011
848,Amaura,0.00000,8,0.006,2,0.003
849,Servine,0.00000,2,0.002,1,0.001
850,Dewott,0.00000,4,0.003,3,0.004
851,Duosion,0.00000,9,0.007,4,0.005
852,Minun,0.00000,7,0.005,3,0.004
853,NidoranF,0.00000,4,0.003,3,0.004
854,Spritzee,0.00000,4,0.003,4,0.005
855,Bayleef,0.00000,54,0.042,24,0.032
856,Barboach,0.00000,1,0.001,1,0.001
857,Silvally-Grass,0.00000,3,0.002,1,0.001
858,Lombre,0.00000,2,0.002,1,0.001
859,Skrelp,0.00000,1,0.001,1,0.001
860,Pansear,0.00000,1,0.001,1,0.001
861,Doduo,0.00000,2,0.002,2,0.003
862,Remoraid,0.00000,8,0.006,8,0.011
863,Seel,0.00000,1,0.001,1,0.001
864,Larvesta,0.00000,4,0.003,4,0.005
865,Bunnelby,0.00000,12,0.009,5,0.007
866,Mantyke,0.00000,4,0.003,2,0.003
867,Cascoon,0.00000,3,0.002,2,0.003
868,Surskit,0.00000,5,0.004,5,0.007
869,Eelektrik,0.00000,2,0.002,2,0.003
870,Chingling,0.00000,3,0.002,0,0.000
871,Illumise,0.00000,2,0.002,2,0.003
872,Bounsweet,0.00000,3,0.002,3,0.004
873,Wormadam,0.00000,2,0.002,1,0.001
874,Silcoon,0.00000,5,0.004,3,0.004
875,Loudred,0.00000,3,0.002,2,0.003
876,Koffing,0.00000,1,0.001,1,0.001
877,Plusle,0.00000,8,0.006,3,0.004
878,Shellder,0.00000,2,0.002,2,0.003
879,Skorupi,0.00000,7,0.005,6,0.008
880,Dratini,0.00000,1,0.001,1,0.001
881,Purrloin,0.00000,1,0.001,1,0.001
882,Scraggy,0.00000,1,0.001,1,0.001
883,Slugma,0.00000,1,0.001,1,0.001
884,Finneon,0.00000,2,0.002,2,0.003
885,Kricketot,0.00000,1,0.001,1,0.001
886,Timburr,0.00000,2,0.002,2,0.003
887,Pancham,0.00000,9,0.007,5,0.007
888,Swinub,0.00000,3,0.002,0,0.000
889,Bronzor,0.00000,4,0.003,3,0.004
890,Pumpkaboo-Small,0.00000,1,0.001,0,0.000
891,Dwebble,0.00000,1,0.001,1,0.001
892,Zigzagoon,0.00000,15,0.012,5,0.007
893,Yungoos,0.00000,2,0.002,1,0.001
894,Palpitoad,0.00000,1,0.001,1,0.001
895,Graveler,0.00000,2,0.002,2,0.003
896,Darumaka,0.00000,5,0.004,3,0.004
897,Tyrunt,0.00000,4,0.003,3,0.004
898,Mienfoo,0.00000,1,0.001,1,0.001
899,Shelmet,0.00000,2,0.002,0,0.000
900,Numel,0.00000,1,0.001,1,0.001
901,Trumbeak,0.00000,5,0.004,4,0.005
902,Houndour,0.00000,5,0.004,5,0.007
903,Espurr,0.00000,2,0.002,2,0.003
904,Shinx,0.00000,2,0.002,2,0.003
905,Rhyhorn,0.00000,5,0.004,3,0.004
