 Total battles: 41433
 Avg. weight/team: 1.0
Rank,Pokemon,Usage percentage,Raw,Raw percentage,Real,Real percentage
1,Greninja-Ash,20.15664,16703,20.157,12482,22.548
2,Charizard-Mega-X,19.26966,15968,19.270,11327,20.461
3,Groudon-Primal,19.25277,15954,19.253,11755,21.234
4,Lucario-Mega,11.86253,9830,11.863,6651,12.014
5,Dragonite,11.39551,9443,11.396,5911,10.678
6,Zygarde,11.09381,9193,11.094,6151,11.111
7,Kyogre-Primal,10.58697,8773,10.587,5875,10.613
8,Mimikyu,10.51457,8713,10.515,6191,11.184
9,Gengar-Mega,10.05961,8336,10.060,5494,9.924
10,Pheromosa,8.47392,7022,8.474,4560,8.237
11,Rayquaza-Mega,7.49403,6210,7.494,4195,7.578
12,Xerneas,7.34559,6087,7.346,3919,7.079
13,Weavile,7.28646,6038,7.286,4189,7.567
14,Kartana,7.14406,5920,7.144,3535,6.386
15,Metagross-Mega,7.06804,5857,7.068,3806,6.875
16,Salamence-Mega,7.06683,5856,7.067,3896,7.038
17,Tapu Koko,7.05959,5850,7.060,4069,7.350
18,Golisopod,6.92081,5735,6.921,3894,7.034
19,Charizard-Mega-Y,6.77841,5617,6.778,3846,6.947
20,Alakazam-Mega,6.71687,5566,6.717,3656,6.604
21,Lunala,6.21847,5153,6.218,3368,6.084
22,Blissey,5.91678,4903,5.917,3216,5.809
23,Mewtwo,5.75387,4768,5.754,3078,5.560
24,Gyarados-Mega,5.68267,4709,5.683,3301,5.963
25,Venusaur-Mega,5.57165,4617,5.572,2967,5.360
26,Hoopa-Unbound,5.34236,4427,5.342,2827,5.107
27,Darkrai,5.17462,4288,5.175,2842,5.134
28,Garchomp,4.89465,4056,4.895,2714,4.903
29,Genesect,4.84517,4015,4.845,2652,4.791
30,Zapdos,4.84034,4011,4.840,2867,5.179
31,Tapu Lele,4.52659,3751,4.527,2252,4.068
32,Solgaleo,4.42522,3667,4.425,2392,4.321
33,Tyranitar,4.31661,3577,4.317,2463,4.449
34,Blastoise-Mega,3.80735,3155,3.807,2186,3.949
35,Noivern,3.79649,3146,3.796,2141,3.868
36,Pikachu,3.76874,3123,3.769,2222,4.014
37,Blaziken,3.72288,3085,3.723,2074,3.747
38,Greninja,3.69150,3059,3.692,2213,3.998
39,Garchomp-Mega,3.61306,2994,3.613,2048,3.700
40,Decidueye,3.45015,2859,3.450,1891,3.416
41,Kangaskhan-Mega,3.38136,2802,3.381,1966,3.551
42,Raikou,3.35602,2781,3.356,2009,3.629
43,Yveltal,3.34637,2773,3.346,1892,3.418
44,Celesteela,3.31861,2750,3.319,1777,3.210
45,Aegislash,3.21483,2664,3.215,1823,3.293
46,Sceptile,3.20035,2652,3.200,1798,3.248
47,Scizor-Mega,3.19190,2645,3.192,1696,3.064
48,Magearna,3.05554,2532,3.056,1709,3.087
49,Lugia,3.04950,2527,3.050,1676,3.028
50,Zekrom,3.04105,2520,3.041,1633,2.950
51,Rayquaza,3.03140,2512,3.031,1659,2.997
52,Volcarona,2.93486,2432,2.935,1463,2.643
53,Latios,2.85521,2366,2.855,1511,2.729
54,Arceus,2.79125,2313,2.791,1568,2.832
55,Dialga,2.76108,2288,2.761,1502,2.713
56,Giratina-Origin,2.70195,2239,2.702,1472,2.659
57,Ferrothorn,2.69592,2234,2.696,1676,3.028
58,Skarmory,2.65851,2203,2.659,1677,3.029
59,Talonflame,2.64885,2195,2.649,1572,2.840
60,Manaphy,2.63196,2181,2.632,1430,2.583
61,Gardevoir,2.62593,2176,2.626,1392,2.515
62,Toxapex,2.62110,2172,2.621,1588,2.869
63,Arceus-Ghost,2.53783,2103,2.538,1272,2.298
64,Deoxys-Speed,2.52576,2093,2.526,1669,3.015
65,Xurkitree,2.52094,2089,2.521,1262,2.280
66,Incineroar,2.48473,2059,2.485,1437,2.596
67,Raichu-Alola,2.47991,2055,2.480,1448,2.616
68,Victini,2.42078,2006,2.421,1340,2.421
69,Goodra,2.36164,1957,2.362,1385,2.502
70,Entei,2.29407,1901,2.294,1159,2.094
71,Ho-Oh,2.29165,1899,2.292,1365,2.466
72,Snorlax,2.26390,1876,2.264,1322,2.388
73,Mew,2.23493,1852,2.235,1281,2.314
74,Landorus-Therian,2.19390,1818,2.194,1264,2.283
75,Hawlucha,2.19028,1815,2.190,1313,2.372
76,Terrakion,2.16856,1797,2.169,1039,1.877
77,Palkia,2.15287,1784,2.153,1163,2.101
78,Ditto,2.05513,1703,2.055,1297,2.343
79,Buzzwole,2.03220,1684,2.032,1034,1.868
80,Infernape,2.02737,1680,2.027,1135,2.050
81,Kyurem-Black,2.00565,1662,2.006,1114,2.012
82,Cresselia,1.99117,1650,1.991,1049,1.895
83,Marowak-Alola,1.98996,1649,1.990,1124,2.030
84,Kyurem-White,1.94772,1614,1.948,982,1.774
85,Lucario,1.87411,1553,1.874,998,1.803
86,Mamoswine,1.82343,1511,1.823,1111,2.007
87,Gyarados,1.77153,1468,1.772,914,1.651
88,Deoxys-Attack,1.76067,1459,1.761,924,1.669
89,Aerodactyl-Mega,1.74861,1449,1.749,1005,1.815
90,Excadrill,1.67982,1392,1.680,897,1.620
91,Archeops,1.59655,1323,1.597,796,1.438
92,Gengar,1.58207,1311,1.582,946,1.709
93,Serperior,1.57362,1304,1.574,842,1.521
94,Arcanine,1.56518,1297,1.565,878,1.586
95,Tapu Bulu,1.53863,1275,1.539,743,1.342
96,Ninetales-Alola,1.49277,1237,1.493,810,1.463
97,Salamence,1.49156,1236,1.492,800,1.445
98,Primarina,1.47708,1224,1.477,910,1.644
99,Sableye-Mega,1.46381,1213,1.464,902,1.629
100,Porygon-Z,1.46019,1210,1.460,705,1.274
101,Reshiram,1.41795,1175,1.418,755,1.364
102,Electivire,1.39140,1153,1.391,846,1.528
103,Muk-Alola,1.38537,1148,1.385,732,1.322
104,Nihilego,1.38175,1145,1.382,853,1.541
105,Articuno,1.36003,1127,1.360,774,1.398
106,Feraligatr,1.35158,1120,1.352,786,1.420
107,Absol-Mega,1.34917,1118,1.349,744,1.344
108,Deoxys-Defense,1.34796,1117,1.348,763,1.378
109,Krookodile,1.33227,1104,1.332,742,1.340
110,Sylveon,1.32986,1102,1.330,764,1.380
111,Gliscor,1.31900,1093,1.319,725,1.310
112,Vaporeon,1.30934,1085,1.309,669,1.208
113,Metagross,1.30210,1079,1.302,753,1.360
114,Suicune,1.30090,1078,1.301,696,1.257
115,Thundurus-Therian,1.29969,1077,1.300,761,1.375
116,Heatran,1.27917,1060,1.279,711,1.284
117,Staraptor,1.26831,1051,1.268,707,1.277
118,Haxorus,1.26228,1046,1.262,642,1.160
119,Hydreigon,1.24297,1030,1.243,680,1.228
120,Shuckle,1.21642,1008,1.216,886,1.600
121,Milotic,1.20315,997,1.203,628,1.134
122,Jolteon,1.17418,973,1.174,669,1.208
123,Arceus-Rock,1.16936,969,1.169,546,0.986
124,Flygon,1.16453,965,1.165,680,1.228
125,Giratina,1.15729,959,1.157,625,1.129
126,Luxray,1.13315,939,1.133,687,1.241
127,Tapu Fini,1.12833,935,1.128,648,1.171
128,Togekiss,1.12712,934,1.127,653,1.180
129,Glalie-Mega,1.11867,927,1.119,580,1.048
130,Magnezone,1.11505,924,1.115,616,1.113
131,Pinsir-Mega,1.08006,895,1.080,612,1.106
132,Lapras,1.07282,889,1.073,653,1.180
133,Aggron,1.07282,889,1.073,628,1.134
134,Umbreon,1.07161,888,1.072,596,1.077
135,Clefable,1.05230,872,1.052,608,1.098
136,Arceus-Fairy,1.05109,871,1.051,609,1.100
137,Charizard,1.03903,861,1.039,596,1.077
138,Scizor,1.02937,853,1.029,573,1.035
139,Swampert,1.01127,838,1.011,633,1.143
140,Zoroark,0.96903,803,0.969,371,0.670
141,Rotom-Wash,0.96783,802,0.968,524,0.947
142,Raichu,0.95455,791,0.955,560,1.012
143,Shaymin-Sky,0.95214,789,0.952,490,0.885
144,Gallade,0.95093,788,0.951,541,0.977
145,Keldeo,0.94369,782,0.944,493,0.891
146,Jirachi,0.91473,758,0.915,496,0.896
147,Breloom,0.90870,753,0.909,502,0.907
148,Mandibuzz,0.90870,753,0.909,471,0.851
149,Roserade,0.90628,751,0.906,475,0.858
150,Chandelure,0.88697,735,0.887,461,0.833
151,Arceus-Dragon,0.88577,734,0.886,487,0.880
152,Cobalion,0.88456,733,0.885,464,0.838
153,Volcanion,0.88094,730,0.881,532,0.961
154,Crobat,0.87370,724,0.874,465,0.840
155,Landorus,0.87249,723,0.872,412,0.744
156,Venusaur,0.86646,718,0.866,485,0.876
157,Vikavolt,0.85198,706,0.852,437,0.789
158,Sharpedo-Mega,0.82543,684,0.825,476,0.860
159,Exeggutor-Alola,0.80612,668,0.806,440,0.795
160,Cloyster,0.80612,668,0.806,474,0.856
161,Lycanroc,0.79405,658,0.794,470,0.849
162,Arceus-Ground,0.79285,657,0.793,439,0.793
163,Dugtrio,0.79285,657,0.793,437,0.789
164,Delphox,0.78681,652,0.787,442,0.798
165,Bisharp,0.78440,650,0.784,438,0.791
166,Kyogre,0.77716,644,0.777,438,0.791
167,Blastoise,0.77474,642,0.775,461,0.833
168,Chesnaught,0.77354,641,0.774,443,0.800
169,Moltres,0.76750,636,0.768,414,0.748
170,Typhlosion,0.75302,624,0.753,427,0.771
171,Arceus-Water,0.74940,621,0.749,411,0.742
172,Chansey,0.74820,620,0.748,423,0.764
173,Klinklang,0.72406,600,0.724,362,0.654
174,Latias,0.72285,599,0.723,345,0.623
175,Salazzle,0.70355,583,0.704,372,0.672
176,Torterra,0.68544,568,0.685,410,0.741
177,Kyurem,0.68424,567,0.684,345,0.623
178,Guzzlord,0.66614,552,0.666,364,0.658
179,Kingdra,0.66493,551,0.665,397,0.717
180,Scolipede,0.65648,544,0.656,350,0.632
181,Lycanroc-Midnight,0.65527,543,0.655,379,0.685
182,Regigigas,0.65286,541,0.653,388,0.701
183,Kommo-o,0.63838,529,0.638,325,0.587
184,Aerodactyl,0.63597,527,0.636,396,0.715
185,Espeon,0.61183,507,0.612,326,0.589
186,Bewear,0.61062,506,0.611,322,0.582
187,Tyrantrum,0.61062,506,0.611,327,0.591
188,Machamp,0.60338,500,0.603,352,0.636
189,Wishiwashi,0.59976,497,0.600,365,0.659
190,Slowbro-Mega,0.59132,490,0.591,347,0.627
191,Gigalith,0.56235,466,0.562,330,0.596
192,Regice,0.55029,456,0.550,275,0.497
193,Steelix,0.54425,451,0.544,364,0.658
194,Golem-Alola,0.54063,448,0.541,343,0.620
195,Rattata,0.53822,446,0.538,365,0.659
196,Arceus-Electric,0.53701,445,0.537,300,0.542
197,Empoleon,0.53580,444,0.536,336,0.607
198,Samurott,0.53580,444,0.536,328,0.593
199,Rhyperior,0.52494,435,0.525,313,0.565
200,Shedinja,0.52253,433,0.523,346,0.625
201,Azelf,0.51408,426,0.514,302,0.546
202,Drapion,0.51046,423,0.510,301,0.544
203,Swellow,0.50564,419,0.506,330,0.596
204,Alakazam,0.50564,419,0.506,265,0.479
205,Arceus-Steel,0.50443,418,0.504,279,0.504
206,Groudon,0.50322,417,0.503,276,0.499
207,Ampharos,0.49598,411,0.496,320,0.578
208,Tangrowth,0.49357,409,0.494,224,0.405
209,Smeargle,0.48995,406,0.490,336,0.607
210,Houndoom,0.48995,406,0.490,277,0.500
211,Escavalier,0.48874,405,0.489,267,0.482
212,Hippowdon,0.48874,405,0.489,301,0.544
213,Celebi,0.47788,396,0.478,262,0.473
214,Diancie,0.47788,396,0.478,280,0.506
215,Zygarde-10,0.47788,396,0.478,255,0.461
216,Emboar,0.47547,394,0.475,280,0.506
217,Heracross,0.47547,394,0.475,256,0.462
218,Dusknoir,0.46823,388,0.468,291,0.526
219,Florges,0.46461,385,0.465,259,0.468
220,Sharpedo,0.45495,377,0.455,258,0.466
221,Necrozma,0.45012,373,0.450,250,0.452
222,Meganium,0.43564,361,0.436,240,0.434
223,Toucannon,0.43202,358,0.432,235,0.425
224,Tornadus-Therian,0.43082,357,0.431,248,0.448
225,Galvantula,0.42720,354,0.427,280,0.506
226,Magmortar,0.42116,349,0.421,237,0.428
227,Darmanitan,0.41996,348,0.420,255,0.461
228,Registeel,0.41754,346,0.418,209,0.378
229,Araquanid,0.41030,340,0.410,228,0.412
230,Nidoking,0.40668,337,0.407,233,0.421
231,Eelektross,0.40427,335,0.404,231,0.417
232,Flareon,0.40427,335,0.404,247,0.446
233,Leafeon,0.40065,332,0.401,254,0.459
234,Glaceon,0.39944,331,0.399,222,0.401
235,Arceus-Dark,0.39582,328,0.396,219,0.396
236,Reuniclus,0.39461,327,0.395,188,0.340
237,Azumarill,0.38979,323,0.390,218,0.394
238,Slowbro,0.38375,318,0.384,211,0.381
239,Avalugg,0.38375,318,0.384,243,0.439
240,Sandslash-Alola,0.38013,315,0.380,212,0.383
241,Ninjask,0.37893,314,0.379,223,0.403
242,Durant,0.37289,309,0.373,214,0.387
243,Cofagrigus,0.36927,306,0.369,211,0.381
244,Hitmonlee,0.36806,305,0.368,205,0.370
245,Conkeldurr,0.35600,295,0.356,191,0.345
246,Toxicroak,0.35238,292,0.352,195,0.352
247,Pangoro,0.34876,289,0.349,206,0.372
248,Gastrodon,0.34876,289,0.349,211,0.381
249,Froslass,0.34755,288,0.348,199,0.359
250,Mismagius,0.34393,285,0.344,195,0.352
251,Minior,0.34272,284,0.343,195,0.352
252,Drampa,0.33548,278,0.335,179,0.323
253,Vanilluxe,0.33548,278,0.335,158,0.285
254,Arceus-Fire,0.33427,277,0.334,187,0.338
255,Regirock,0.33427,277,0.334,183,0.331
256,Abomasnow,0.33427,277,0.334,201,0.363
257,Pidgeot,0.33186,275,0.332,192,0.347
258,Starmie,0.32341,268,0.323,178,0.322
259,Ambipom,0.32100,266,0.321,196,0.354
260,Meloetta,0.31979,265,0.320,176,0.318
261,Mienshao,0.31979,265,0.320,155,0.280
262,Braviary,0.31617,262,0.316,178,0.322
263,Scrafty,0.31617,262,0.316,172,0.311
264,Turtonator,0.31376,260,0.314,185,0.334
265,Arceus-Poison,0.31376,260,0.314,174,0.314
266,Lurantis,0.30893,256,0.309,161,0.291
267,Trevenant,0.30893,256,0.309,176,0.318
268,Spiritomb,0.30773,255,0.308,200,0.361
269,Thundurus,0.30773,255,0.308,178,0.322
270,Donphan,0.30652,254,0.307,173,0.313
271,Mantine,0.30531,253,0.305,166,0.300
272,Crabominable,0.30290,251,0.303,170,0.307
273,Granbull,0.29807,247,0.298,174,0.314
274,Poliwrath,0.29324,243,0.293,162,0.293
275,Clawitzer,0.28600,237,0.286,152,0.275
276,Ludicolo,0.28600,237,0.286,187,0.338
277,Rampardos,0.28118,233,0.281,148,0.267
278,Hariyama,0.27876,231,0.279,158,0.285
279,Dragalge,0.27756,230,0.278,165,0.298
280,Kabutops,0.27756,230,0.278,154,0.278
281,Palossand,0.27635,229,0.276,152,0.275
282,Arbok,0.27273,226,0.273,177,0.320
283,Hoopa,0.26790,222,0.268,151,0.273
284,Crawdaunt,0.26308,218,0.263,171,0.309
285,Porygon2,0.25583,212,0.256,151,0.273
286,Mudsdale,0.25342,210,0.253,138,0.249
287,Cinccino,0.25101,208,0.251,148,0.267
288,Accelgor,0.24980,207,0.250,130,0.235
289,Floatzel,0.24859,206,0.249,136,0.246
290,Tsareena,0.24859,206,0.249,128,0.231
291,Pelipper,0.24618,204,0.246,158,0.285
292,Amoonguss,0.24256,201,0.243,105,0.190
293,Alomomola,0.24015,199,0.240,106,0.191
294,Zebstrika,0.23411,194,0.234,131,0.237
295,Silvally,0.23170,192,0.232,132,0.238
296,Malamar,0.22929,190,0.229,132,0.238
297,Exploud,0.22808,189,0.228,141,0.255
298,Slaking,0.22808,189,0.228,141,0.255
299,Pyukumuku,0.22808,189,0.228,110,0.199
300,Deoxys,0.22808,189,0.228,131,0.237
301,Manectric,0.22687,188,0.227,143,0.258
302,Mawile,0.22446,186,0.224,122,0.220
303,Bronzong,0.22325,185,0.223,121,0.219
304,Arceus-Grass,0.22325,185,0.223,104,0.188
305,Carracosta,0.22084,183,0.221,122,0.220
306,Nidoqueen,0.22084,183,0.221,153,0.276
307,Dhelmise,0.21963,182,0.220,131,0.237
308,Wailord,0.21842,181,0.218,133,0.240
309,Eevee,0.21480,178,0.215,125,0.226
310,Heliolisk,0.21480,178,0.215,133,0.240
311,Exeggutor,0.21239,176,0.212,123,0.222
312,Hitmonchan,0.21118,175,0.211,124,0.224
313,Banette,0.20998,174,0.210,103,0.186
314,Ninetales,0.20877,173,0.209,126,0.228
315,Arceus-Psychic,0.20636,171,0.206,106,0.191
316,Aurorus,0.20636,171,0.206,126,0.228
317,Sigilyph,0.20274,168,0.203,121,0.219
318,Wobbuffet,0.20032,166,0.200,126,0.228
319,Tropius,0.19550,162,0.195,103,0.186
320,Ursaring,0.19188,159,0.192,124,0.224
321,Golurk,0.19067,158,0.191,118,0.213
322,Unfezant,0.18826,156,0.188,110,0.199
323,Chatot,0.18826,156,0.188,84,0.152
324,Dugtrio-Alola,0.18826,156,0.188,100,0.181
325,Ribombee,0.18826,156,0.188,92,0.166
326,Forretress,0.18826,156,0.188,125,0.226
327,Altaria,0.18464,153,0.185,114,0.206
328,Camerupt,0.18343,152,0.183,113,0.204
329,Butterfree,0.17498,145,0.175,98,0.177
330,Absol,0.17498,145,0.175,96,0.173
331,Torkoal,0.17377,144,0.174,110,0.199
332,Barbaracle,0.17377,144,0.174,104,0.188
333,Bruxish,0.17257,143,0.173,101,0.182
334,Jellicent,0.17257,143,0.173,108,0.195
335,Beartic,0.17257,143,0.173,100,0.181
336,Bastiodon,0.17136,142,0.171,110,0.199
337,Honchkrow,0.16895,140,0.169,102,0.184
338,Shiftry,0.16774,139,0.168,101,0.182
339,Virizion,0.16653,138,0.167,76,0.137
340,Tentacruel,0.16412,136,0.164,108,0.195
341,Pyroar,0.16412,136,0.164,91,0.164
342,Arceus-Ice,0.15809,131,0.158,87,0.157
343,Gourgeist-Super,0.15688,130,0.157,80,0.145
344,Golem,0.15326,127,0.153,107,0.193
345,Dedenne,0.14843,123,0.148,96,0.173
346,Quagsire,0.14723,122,0.147,93,0.168
347,Primeape,0.14602,121,0.146,82,0.148
348,Dodrio,0.14481,120,0.145,84,0.152
349,Zangoose,0.14481,120,0.145,92,0.166
350,Whimsicott,0.14361,119,0.144,79,0.143
351,Shiinotic,0.14240,118,0.142,85,0.154
352,Sawk,0.14240,118,0.142,72,0.130
353,Masquerain,0.14119,117,0.141,99,0.179
354,Qwilfish,0.13999,116,0.140,89,0.161
355,Tauros,0.13999,116,0.140,68,0.123
356,Cradily,0.13878,115,0.139,81,0.146
357,Togedemaru,0.13757,114,0.138,88,0.159
358,Rattata-Alola,0.13757,114,0.138,101,0.182
359,Kingler,0.13757,114,0.138,76,0.137
360,Electrode,0.13395,111,0.134,80,0.145
361,Arceus-Fighting,0.13395,111,0.134,78,0.141
362,Doublade,0.13395,111,0.134,67,0.121
363,Bulbasaur,0.13274,110,0.133,85,0.154
364,Beedrill,0.13154,109,0.132,68,0.123
365,Golduck,0.12671,105,0.127,72,0.130
366,Emolga,0.12550,104,0.126,71,0.128
367,Yanmega,0.12550,104,0.126,73,0.132
368,Miltank,0.12550,104,0.126,61,0.110
369,Muk,0.12430,103,0.124,78,0.141
370,Lopunny,0.12188,101,0.122,66,0.119
371,Rotom-Heat,0.11947,99,0.119,65,0.117
372,Druddigon,0.11706,97,0.117,72,0.130
373,Victreebel,0.11706,97,0.117,66,0.119
374,Lanturn,0.11706,97,0.117,66,0.119
375,Meowstic,0.11585,96,0.116,72,0.130
376,Leavanny,0.11464,95,0.115,67,0.121
377,Jynx,0.11464,95,0.115,59,0.107
378,Kecleon,0.11464,95,0.115,78,0.141
379,Seismitoad,0.11344,94,0.113,69,0.125
380,Stoutland,0.11223,93,0.112,66,0.119
381,Armaldo,0.11102,92,0.111,43,0.078
382,Persian-Alola,0.10982,91,0.110,66,0.119
383,Rotom-Frost,0.10982,91,0.110,52,0.094
384,Cacturne,0.10861,90,0.109,71,0.128
385,Rotom,0.10740,89,0.107,65,0.117
386,Fletchinder,0.10620,88,0.106,39,0.070
387,Haunter,0.10620,88,0.106,73,0.132
388,Slurpuff,0.10620,88,0.106,58,0.105
389,Buizel,0.10620,88,0.106,61,0.110
390,Drifblim,0.10137,84,0.101,59,0.107
391,Tornadus,0.10016,83,0.100,57,0.103
392,Walrein,0.10016,83,0.100,57,0.103
393,Scyther,0.09775,81,0.098,57,0.103
394,Squirtle,0.09775,81,0.098,62,0.112
395,Sableye,0.09775,81,0.098,56,0.101
396,Litten,0.09654,80,0.097,52,0.094
397,Slowking,0.09654,80,0.097,64,0.116
398,Uxie,0.09654,80,0.097,62,0.112
399,Bibarel,0.09654,80,0.097,34,0.061
400,Lilligant,0.09654,80,0.097,50,0.090
401,Shaymin,0.09533,79,0.095,54,0.098
402,Diggersby,0.09171,76,0.092,55,0.099
403,Crustle,0.09051,75,0.091,46,0.083
404,Politoed,0.09051,75,0.091,55,0.099
405,Hypno,0.09051,75,0.091,52,0.094
406,Mr. Mime,0.09051,75,0.091,56,0.101
407,Cryogonal,0.09051,75,0.091,46,0.083
408,Wigglytuff,0.08930,74,0.089,56,0.101
409,Weezing,0.08568,71,0.086,56,0.101
410,Vespiquen,0.08327,69,0.083,35,0.063
411,Sudowoodo,0.08327,69,0.083,49,0.089
412,Noctowl,0.08327,69,0.083,49,0.089
413,Mightyena,0.08206,68,0.082,41,0.074
414,Marowak,0.08206,68,0.082,54,0.098
415,Jigglypuff,0.08085,67,0.081,43,0.078
416,Ariados,0.07965,66,0.080,42,0.076
417,Rotom-Mow,0.07844,65,0.078,33,0.060
418,Komala,0.07844,65,0.078,52,0.094
419,Charmander,0.07844,65,0.078,51,0.092
420,Totodile,0.07723,64,0.077,47,0.085
421,Vivillon,0.07603,63,0.076,42,0.076
422,Silvally-Dragon,0.07603,63,0.076,41,0.074
423,Silvally-Fire,0.07603,63,0.076,37,0.067
424,Magikarp,0.07482,62,0.075,53,0.096
425,Bouffalant,0.07482,62,0.075,42,0.076
426,Gible,0.07482,62,0.075,53,0.096
427,Hitmontop,0.07482,62,0.075,38,0.069
428,Vileplume,0.07361,61,0.074,45,0.081
429,Passimian,0.07361,61,0.074,47,0.085
430,Magcargo,0.07241,60,0.072,44,0.079
431,Medicham,0.07241,60,0.072,33,0.060
432,Oranguru,0.07120,59,0.071,32,0.058
433,Heatmor,0.07120,59,0.071,43,0.078
434,Persian,0.07120,59,0.071,40,0.072
435,Charmeleon,0.07120,59,0.071,46,0.083
436,Lairon,0.07120,59,0.071,36,0.065
437,Starly,0.06999,58,0.070,46,0.083
438,Rapidash,0.06879,57,0.069,37,0.067
439,Carnivine,0.06879,57,0.069,42,0.076
440,Silvally-Electric,0.06758,56,0.068,40,0.072
441,Gogoat,0.06637,55,0.066,30,0.054
442,Frogadier,0.06517,54,0.065,36,0.065
443,Lickilicky,0.06517,54,0.065,42,0.076
444,Aron,0.06517,54,0.065,45,0.081
445,Zorua,0.06396,53,0.064,21,0.038
446,Sandslash,0.06396,53,0.064,39,0.070
447,Glalie,0.06275,52,0.063,43,0.078
448,Claydol,0.06155,51,0.062,33,0.060
449,Onix,0.06155,51,0.062,45,0.081
450,Castform,0.06155,51,0.062,36,0.065
451,Linoone,0.05913,49,0.059,39,0.070
452,Vulpix-Alola,0.05913,49,0.059,37,0.067
453,Gumshoos,0.05913,49,0.059,36,0.065
454,Arceus-Flying,0.05792,48,0.058,25,0.045
455,Torracat,0.05551,46,0.056,28,0.051
456,Omastar,0.05430,45,0.054,32,0.058
457,Silvally-Fairy,0.05430,45,0.054,33,0.060
458,Pichu,0.05430,45,0.054,38,0.069
459,Grovyle,0.05430,45,0.054,30,0.054
460,Probopass,0.05430,45,0.054,34,0.061
461,Rhydon,0.05310,44,0.053,32,0.058
462,Mesprit,0.05310,44,0.053,30,0.054
463,Tyrunt,0.05310,44,0.053,36,0.065
464,Quilava,0.05068,42,0.051,30,0.054
465,Liepard,0.04948,41,0.049,33,0.060
466,Parasect,0.04948,41,0.049,31,0.056
467,Abra,0.04948,41,0.049,29,0.052
468,Seviper,0.04948,41,0.049,27,0.049
469,Snivy,0.04948,41,0.049,38,0.069
470,Dartrix,0.04706,39,0.047,28,0.051
471,Treecko,0.04706,39,0.047,23,0.042
472,Arceus-Bug,0.04706,39,0.047,28,0.051
473,Pignite,0.04706,39,0.047,33,0.060
474,Silvally-Dark,0.04706,39,0.047,27,0.049
475,Raticate,0.04586,38,0.046,29,0.052
476,Bayleef,0.04586,38,0.046,31,0.056
477,Klefki,0.04586,38,0.046,20,0.036
478,Rotom-Fan,0.04586,38,0.046,21,0.038
479,Seaking,0.04586,38,0.046,21,0.038
480,Sawsbuck,0.04586,38,0.046,23,0.042
481,Machoke,0.04586,38,0.046,25,0.045
482,Rowlet,0.04586,38,0.046,31,0.056
483,Electabuzz,0.04465,37,0.045,32,0.058
484,Audino,0.04465,37,0.045,22,0.040
485,Silvally-Ghost,0.04465,37,0.045,24,0.043
486,Musharna,0.04344,36,0.043,29,0.052
487,Maractus,0.04344,36,0.043,27,0.049
488,Dragonair,0.04344,36,0.043,25,0.045
489,Froakie,0.04344,36,0.043,32,0.058
490,Beautifly,0.04224,35,0.042,23,0.042
491,Dunsparce,0.04103,34,0.041,28,0.051
492,Whiscash,0.04103,34,0.041,24,0.043
493,Raticate-Alola,0.04103,34,0.041,20,0.036
494,Silvally-Ice,0.04103,34,0.041,16,0.029
495,Carbink,0.03982,33,0.040,22,0.040
496,Meowth,0.03982,33,0.040,23,0.042
497,Throh,0.03982,33,0.040,28,0.051
498,Togetic,0.03862,32,0.039,26,0.047
499,Venomoth,0.03862,32,0.039,21,0.038
500,Gothitelle,0.03862,32,0.039,23,0.042
501,Fearow,0.03862,32,0.039,28,0.051
502,Silvally-Water,0.03620,30,0.036,18,0.033
503,Oricorio-Pom-Pom,0.03620,30,0.036,22,0.040
504,Type: Null,0.03620,30,0.036,20,0.036
505,Comfey,0.03620,30,0.036,17,0.031
506,Swanna,0.03500,29,0.035,21,0.038
507,Beheeyem,0.03500,29,0.035,22,0.040
508,Garbodor,0.03379,28,0.034,22,0.040
509,Stunfisk,0.03379,28,0.034,28,0.051
510,Dewgong,0.03379,28,0.034,18,0.033
511,Illumise,0.03258,27,0.033,17,0.031
512,Braixen,0.03258,27,0.033,16,0.029
513,Sliggoo,0.03258,27,0.033,10,0.018
514,Servine,0.03258,27,0.033,18,0.033
515,Caterpie,0.03258,27,0.033,23,0.042
516,Gabite,0.03138,26,0.031,20,0.036
517,Kangaskhan,0.03138,26,0.031,17,0.031
518,Ivysaur,0.03138,26,0.031,21,0.038
519,Grumpig,0.03138,26,0.031,20,0.036
520,Bellossom,0.03138,26,0.031,13,0.023
521,Huntail,0.03017,25,0.030,18,0.033
522,Mothim,0.03017,25,0.030,17,0.031
523,Krokorok,0.03017,25,0.030,23,0.042
524,Octillery,0.02896,24,0.029,22,0.040
525,Cyndaquil,0.02896,24,0.029,15,0.027
526,Simisage,0.02896,24,0.029,18,0.033
527,Volbeat,0.02896,24,0.029,21,0.038
528,Sneasel,0.02896,24,0.029,20,0.036
529,Doduo,0.02776,23,0.028,11,0.020
530,Silvally-Poison,0.02655,22,0.027,16,0.029
531,Girafarig,0.02655,22,0.027,15,0.027
532,Taillow,0.02655,22,0.027,11,0.020
533,Xatu,0.02655,22,0.027,14,0.025
534,Corsola,0.02655,22,0.027,21,0.038
535,Magnemite,0.02534,21,0.025,14,0.025
536,Wartortle,0.02534,21,0.025,14,0.025
537,Palpitoad,0.02534,21,0.025,17,0.031
538,Weedle,0.02534,21,0.025,19,0.034
539,Kadabra,0.02414,20,0.024,19,0.034
540,Jumpluff,0.02414,20,0.024,15,0.027
541,Pancham,0.02414,20,0.024,15,0.027
542,Magneton,0.02414,20,0.024,19,0.034
543,Unown,0.02414,20,0.024,17,0.031
544,Fennekin,0.02414,20,0.024,15,0.027
545,Farfetch'd,0.02293,19,0.023,13,0.023
546,Chimecho,0.02293,19,0.023,15,0.027
547,Dusclops,0.02293,19,0.023,15,0.027
548,Exeggcute,0.02293,19,0.023,19,0.034
549,Lunatone,0.02293,19,0.023,14,0.025
550,Skuntank,0.02172,18,0.022,12,0.022
551,Silvally-Steel,0.02172,18,0.022,13,0.023
552,Silvally-Psychic,0.02172,18,0.022,14,0.025
553,Furfrou,0.02172,18,0.022,11,0.020
554,Croconaw,0.02172,18,0.022,16,0.029
555,Swalot,0.02172,18,0.022,15,0.027
556,Pachirisu,0.02172,18,0.022,10,0.018
557,Delibird,0.02172,18,0.022,12,0.022
558,Basculin,0.02052,17,0.021,6,0.011
559,Popplio,0.02052,17,0.021,15,0.027
560,Cherrim,0.02052,17,0.021,10,0.018
561,Wormadam-Sandy,0.02052,17,0.021,4,0.007
562,Gastly,0.02052,17,0.021,15,0.027
563,Stantler,0.02052,17,0.021,14,0.025
564,Hakamo-o,0.01931,16,0.019,14,0.025
565,Dustox,0.01931,16,0.019,13,0.023
566,Sunflora,0.01931,16,0.019,9,0.016
567,Purugly,0.01931,16,0.019,15,0.027
568,Oricorio-Sensu,0.01931,16,0.019,13,0.023
569,Corphish,0.01931,16,0.019,15,0.027
570,Cosmoem,0.01931,16,0.019,15,0.027
571,Chespin,0.01931,16,0.019,14,0.025
572,Goomy,0.01931,16,0.019,14,0.025
573,Magmar,0.01931,16,0.019,13,0.023
574,Happiny,0.01931,16,0.019,13,0.023
575,Silvally-Flying,0.01810,15,0.018,9,0.016
576,Metang,0.01810,15,0.018,14,0.025
577,Togepi,0.01810,15,0.018,9,0.016
578,Bunnelby,0.01810,15,0.018,13,0.023
579,Swoobat,0.01810,15,0.018,6,0.011
580,Boldore,0.01810,15,0.018,14,0.025
581,Golbat,0.01810,15,0.018,13,0.023
582,Gourgeist,0.01810,15,0.018,11,0.020
583,Gorebyss,0.01810,15,0.018,10,0.018
584,Oshawott,0.01810,15,0.018,11,0.020
585,Simipour,0.01689,14,0.017,7,0.013
586,Minun,0.01689,14,0.017,9,0.016
587,Machop,0.01689,14,0.017,11,0.020
588,Vulpix,0.01689,14,0.017,11,0.020
589,Pinsir,0.01689,14,0.017,11,0.020
590,Noibat,0.01689,14,0.017,10,0.018
591,Tyrogue,0.01689,14,0.017,10,0.018
592,Tangela,0.01569,13,0.016,11,0.020
593,Steenee,0.01569,13,0.016,8,0.014
594,Furret,0.01569,13,0.016,11,0.020
595,Kakuna,0.01569,13,0.016,10,0.018
596,Cosmog,0.01569,13,0.016,11,0.020
597,Rockruff,0.01569,13,0.016,10,0.018
598,Dewott,0.01569,13,0.016,10,0.018
599,Pidgey,0.01569,13,0.016,7,0.013
600,Psyduck,0.01448,12,0.014,10,0.018
601,Mudkip,0.01448,12,0.014,10,0.018
602,Venipede,0.01448,12,0.014,10,0.018
603,Metapod,0.01448,12,0.014,9,0.016
604,Charjabug,0.01448,12,0.014,4,0.007
605,Poochyena,0.01448,12,0.014,5,0.009
606,Riolu,0.01448,12,0.014,6,0.011
607,Plusle,0.01448,12,0.014,11,0.020
608,Hippopotas,0.01448,12,0.014,10,0.018
609,Pikipek,0.01448,12,0.014,9,0.016
610,Cubone,0.01448,12,0.014,10,0.018
611,Oricorio,0.01327,11,0.013,8,0.014
612,Zweilous,0.01327,11,0.013,6,0.011
613,Phanpy,0.01327,11,0.013,10,0.018
614,Geodude-Alola,0.01327,11,0.013,9,0.016
615,Graveler-Alola,0.01327,11,0.013,8,0.014
616,Axew,0.01327,11,0.013,9,0.016
617,Gligar,0.01327,11,0.013,9,0.016
618,Cacnea,0.01327,11,0.013,8,0.014
619,Monferno,0.01327,11,0.013,9,0.016
620,Simisear,0.01327,11,0.013,9,0.016
621,Aromatisse,0.01327,11,0.013,6,0.011
622,Munchlax,0.01327,11,0.013,9,0.016
623,Nidorino,0.01327,11,0.013,6,0.011
624,Torchic,0.01327,11,0.013,8,0.014
625,Ledian,0.01207,10,0.012,6,0.011
626,Solrock,0.01207,10,0.012,8,0.014
627,Pineco,0.01207,10,0.012,5,0.009
628,Silvally-Rock,0.01207,10,0.012,7,0.013
629,Delcatty,0.01207,10,0.012,9,0.016
630,Quilladin,0.01207,10,0.012,7,0.013
631,Pupitar,0.01207,10,0.012,8,0.014
632,Jangmo-o,0.01086,9,0.011,7,0.013
633,Gulpin,0.01086,9,0.011,5,0.009
634,Nosepass,0.01086,9,0.011,7,0.013
635,Eelektrik,0.01086,9,0.011,6,0.011
636,Oricorio-Pa'u,0.01086,9,0.011,8,0.014
637,Beldum,0.01086,9,0.011,8,0.014
638,Lickitung,0.01086,9,0.011,7,0.013
639,Lampent,0.01086,9,0.011,6,0.011
640,Inkay,0.01086,9,0.011,7,0.013
641,Relicanth,0.01086,9,0.011,6,0.011
642,Meowth-Alola,0.01086,9,0.011,8,0.014
643,Petilil,0.01086,9,0.011,9,0.016
644,Combusken,0.01086,9,0.011,7,0.013
645,Pansear,0.00965,8,0.010,6,0.011
646,Chikorita,0.00965,8,0.010,7,0.013
647,Mareep,0.00965,8,0.010,6,0.011
648,Poliwhirl,0.00965,8,0.010,6,0.011
649,Voltorb,0.00965,8,0.010,7,0.013
650,Cottonee,0.00965,8,0.010,2,0.004
651,Clefairy,0.00965,8,0.010,7,0.013
652,Vullaby,0.00965,8,0.010,7,0.013
653,Piplup,0.00965,8,0.010,7,0.013
654,Shinx,0.00965,8,0.010,6,0.011
655,Piloswine,0.00845,7,0.008,7,0.013
656,Pansage,0.00845,7,0.008,5,0.009
657,Diglett-Alola,0.00845,7,0.008,6,0.011
658,Gourgeist-Small,0.00845,7,0.008,3,0.005
659,Salandit,0.00845,7,0.008,4,0.007
660,Ralts,0.00845,7,0.008,4,0.007
661,Pidgeotto,0.00845,7,0.008,6,0.011
662,Ponyta,0.00845,7,0.008,5,0.009
663,Larvitar,0.00845,7,0.008,6,0.011
664,Amaura,0.00845,7,0.008,2,0.004
665,Geodude,0.00845,7,0.008,6,0.011
666,Sandile,0.00845,7,0.008,5,0.009
667,Panpour,0.00845,7,0.008,5,0.009
668,Porygon,0.00845,7,0.008,6,0.011
669,Silvally-Ground,0.00845,7,0.008,5,0.009
670,Stunky,0.00845,7,0.008,6,0.011
671,Herdier,0.00845,7,0.008,6,0.011
672,Phione,0.00845,7,0.008,7,0.013
673,Spinda,0.00845,7,0.008,3,0.005
674,Kricketune,0.00845,7,0.008,4,0.007
675,Buneary,0.00724,6,0.007,4,0.007
676,Minccino,0.00724,6,0.007,5,0.009
677,Sealeo,0.00724,6,0.007,2,0.004
678,Combee,0.00724,6,0.007,3,0.005
679,Phantump,0.00724,6,0.007,6,0.011
680,Magby,0.00724,6,0.007,4,0.007
681,Silvally-Bug,0.00724,6,0.007,4,0.007
682,Koffing,0.00724,6,0.007,6,0.011
683,Pumpkaboo-Super,0.00724,6,0.007,4,0.007
684,Ekans,0.00724,6,0.007,6,0.011
685,Gurdurr,0.00724,6,0.007,3,0.005
686,Crabrawler,0.00724,6,0.007,4,0.007
687,Graveler,0.00724,6,0.007,4,0.007
688,Staravia,0.00724,6,0.007,4,0.007
689,Aipom,0.00724,6,0.007,6,0.011
690,Archen,0.00603,5,0.006,3,0.005
691,Kirlia,0.00603,5,0.006,4,0.007
692,Staryu,0.00603,5,0.006,4,0.007
693,Electrike,0.00603,5,0.006,4,0.007
694,Prinplup,0.00603,5,0.006,5,0.009
695,Wormadam,0.00603,5,0.006,5,0.009
696,Chimchar,0.00603,5,0.006,4,0.007
697,Stufful,0.00603,5,0.006,5,0.009
698,Smoochum,0.00603,5,0.006,3,0.005
699,Turtwig,0.00603,5,0.006,5,0.009
700,Fraxure,0.00603,5,0.006,3,0.005
701,Brionne,0.00603,5,0.006,3,0.005
702,Bagon,0.00603,5,0.006,5,0.009
703,Growlithe,0.00603,5,0.006,5,0.009
704,Purrloin,0.00603,5,0.006,2,0.004
705,Tranquill,0.00603,5,0.006,5,0.009
706,Silvally-Fighting,0.00603,5,0.006,3,0.005
707,Silvally-Grass,0.00603,5,0.006,3,0.005
708,Roggenrola,0.00483,4,0.005,4,0.007
709,Gothorita,0.00483,4,0.005,2,0.004
710,Sandshrew-Alola,0.00483,4,0.005,3,0.005
711,Deino,0.00483,4,0.005,3,0.005
712,Scraggy,0.00483,4,0.005,3,0.005
713,Tepig,0.00483,4,0.005,4,0.007
714,Lumineon,0.00483,4,0.005,3,0.005
715,Seadra,0.00483,4,0.005,2,0.004
716,Sandygast,0.00483,4,0.005,2,0.004
717,Bonsly,0.00483,4,0.005,4,0.007
718,Flaaffy,0.00483,4,0.005,2,0.004
719,Teddiursa,0.00483,4,0.005,4,0.007
720,Drifloon,0.00483,4,0.005,3,0.005
721,Murkrow,0.00483,4,0.005,2,0.004
722,Flabebe,0.00483,4,0.005,3,0.005
723,Elekid,0.00483,4,0.005,3,0.005
724,Azurill,0.00362,3,0.004,3,0.005
725,Whirlipede,0.00362,3,0.004,1,0.002
726,Mime Jr.,0.00362,3,0.004,3,0.005
727,Goldeen,0.00362,3,0.004,2,0.004
728,Larvesta,0.00362,3,0.004,2,0.004
729,Fletchling,0.00362,3,0.004,2,0.004
730,Pidove,0.00362,3,0.004,2,0.004
731,Cherubi,0.00362,3,0.004,3,0.005
732,Cubchoo,0.00362,3,0.004,3,0.005
733,Marshtomp,0.00362,3,0.004,3,0.005
734,Pawniard,0.00362,3,0.004,3,0.005
735,Spearow,0.00362,3,0.004,2,0.004
736,Luvdisc,0.00362,3,0.004,3,0.005
737,Sandshrew,0.00362,3,0.004,3,0.005
738,Mareanie,0.00362,3,0.004,2,0.004
739,Carvanha,0.00362,3,0.004,3,0.005
740,Grimer-Alola,0.00362,3,0.004,2,0.004
741,Roselia,0.00362,3,0.004,3,0.005
742,Hoothoot,0.00362,3,0.004,1,0.002
743,Clauncher,0.00362,3,0.004,3,0.005
744,Spritzee,0.00362,3,0.004,1,0.002
745,Dwebble,0.00362,3,0.004,0,0.000
746,Kabuto,0.00362,3,0.004,1,0.002
747,Zubat,0.00362,3,0.004,2,0.004
748,Glameow,0.00362,3,0.004,2,0.004
749,Honedge,0.00362,3,0.004,3,0.005
750,Horsea,0.00362,3,0.004,3,0.005
751,Feebas,0.00362,3,0.004,3,0.005
752,Litleo,0.00362,3,0.004,3,0.005
753,Litwick,0.00362,3,0.004,2,0.004
754,Poliwag,0.00362,3,0.004,3,0.005
755,Vanillite,0.00362,3,0.004,0,0.000
756,Nuzleaf,0.00362,3,0.004,2,0.004
757,Rhyhorn,0.00362,3,0.004,1,0.002
758,Snubbull,0.00241,2,0.002,2,0.004
759,Swirlix,0.00241,2,0.002,2,0.004
760,Yanma,0.00241,2,0.002,1,0.002
761,Woobat,0.00241,2,0.002,1,0.002
762,Diglett,0.00241,2,0.002,2,0.004
763,Cleffa,0.00241,2,0.002,2,0.004
764,Mudbray,0.00241,2,0.002,1,0.002
765,Joltik,0.00241,2,0.002,2,0.004
766,Paras,0.00241,2,0.002,2,0.004
767,Tympole,0.00241,2,0.002,2,0.004
768,Slowpoke,0.00241,2,0.002,1,0.002
769,Spheal,0.00241,2,0.002,2,0.004
770,Wailmer,0.00241,2,0.002,1,0.002
771,Ducklett,0.00241,2,0.002,1,0.002
772,Igglybuff,0.00241,2,0.002,1,0.002
773,Croagunk,0.00241,2,0.002,2,0.004
774,Gothita,0.00241,2,0.002,1,0.002
775,Trapinch,0.00241,2,0.002,1,0.002
776,Yungoos,0.00241,2,0.002,2,0.004
777,Yamask,0.00241,2,0.002,1,0.002
778,Luxio,0.00241,2,0.002,2,0.004
779,Makuhita,0.00241,2,0.002,2,0.004
780,Shieldon,0.00241,2,0.002,2,0.004
781,Trumbeak,0.00241,2,0.002,1,0.002
782,Krabby,0.00241,2,0.002,1,0.002
783,Whismur,0.00241,2,0.002,2,0.004
784,Bidoof,0.00241,2,0.002,1,0.002
785,Ferroseed,0.00241,2,0.002,2,0.004
786,Seedot,0.00121,1,0.001,1,0.002
787,Lombre,0.00121,1,0.001,0,0.000
788,Mankey,0.00121,1,0.001,1,0.002
789,Rufflet,0.00121,1,0.001,1,0.002
790,Remoraid,0.00121,1,0.001,1,0.002
791,Misdreavus,0.00121,1,0.001,1,0.002
792,Seel,0.00121,1,0.001,1,0.002
793,Vanillish,0.00121,1,0.001,1,0.002
794,Shuppet,0.00121,1,0.001,0,0.000
795,Bergmite,0.00121,1,0.001,1,0.002
796,Clamperl,0.00121,1,0.001,1,0.002
797,Pumpkaboo-Large,0.00121,1,0.001,1,0.002
798,Grubbin,0.00121,1,0.001,1,0.002
799,Mantyke,0.00121,1,0.001,1,0.002
800,Marill,0.00121,1,0.001,1,0.002
801,Cascoon,0.00121,1,0.001,0,0.000
802,Bellsprout,0.00121,1,0.001,1,0.002
803,Shroomish,0.00121,1,0.001,1,0.002
804,Blitzle,0.00121,1,0.001,1,0.002
805,Scatterbug,0.00121,1,0.001,1,0.002
806,Elgyem,0.00121,1,0.001,1,0.002
807,Bounsweet,0.00121,1,0.001,1,0.002
808,Drowzee,0.00121,1,0.001,1,0.002
809,Spewpa,0.00121,1,0.001,0,0.000
810,Silcoon,0.00121,1,0.001,0,0.000
811,Frillish,0.00121,1,0.001,0,0.000
812,Sunkern,0.00121,1,0.001,0,0.000
813,Skorupi,0.00121,1,0.001,1,0.002
814,Dratini,0.00121,1,0.001,0,0.000
815,Trubbish,0.00121,1,0.001,1,0.002
816,Slugma,0.00121,1,0.001,1,0.002
817,Omanyte,0.00121,1,0.001,0,0.000
818,Solosis,0.00121,1,0.001,1,0.002
819,Swablu,0.00121,1,0.001,0,0.000
820,Nincada,0.00121,1,0.001,1,0.002
821,Morelull,0.00121,1,0.001,1,0.002
822,Grimer,0.00121,1,0.001,1,0.002
823,Skitty,0.00121,1,0.001,0,0.000
824,Wurmple,0.00121,1,0.001,1,0.002
825,Tentacool,0.00121,1,0.001,1,0.002
826,Swadloon,0.00121,1,0.001,1,0.002
827,Gourgeist-Large,0.00121,1,0.001,1,0.002
828,Vibrava,0.00121,1,0.001,0,0.000
829,Wormadam-Trash,0.00121,1,0.001,1,0.002
830,Patrat,0.00121,1,0.001,1,0.002
831,Meditite,0.00121,1,0.001,1,0.002
832,Nidorina,0.00121,1,0.001,0,0.000
