 Total battles: 64845
 Avg. weight/team: 0.567
Rank,Pokemon,Usage percentage,Raw,Raw percentage,Real,Real percentage
1,Rayquaza-Mega,33.29896,36889,28.444,20153,27.049
2,Mewtwo-Mega-Y,25.92387,26880,20.726,15947,21.404
3,Chansey,25.50674,23324,17.984,13913,18.674
4,Groudon-Primal,24.06253,23911,18.437,14476,19.429
5,Gengar-Mega,23.76149,25036,19.304,14581,19.570
6,Zygarde-Complete,19.86656,20686,15.950,12934,17.360
7,Kyogre-Primal,19.26904,20463,15.778,11816,15.859
8,Mewtwo-Mega-X,19.09264,21321,16.440,11593,15.560
9,Shedinja,16.82168,21403,16.503,13513,18.137
10,Blissey,14.81623,15822,12.200,8806,11.819
11,Greninja-Ash,14.61024,19701,15.191,11867,15.928
12,Deoxys-Speed,13.94979,15717,12.119,11240,15.086
13,Giratina,13.92000,12549,9.676,8663,11.627
14,Deoxys-Attack,13.13294,13368,10.308,7646,10.262
15,Diancie-Mega,10.58876,10242,7.897,6680,8.966
16,Regigigas,10.40911,10446,8.055,6348,8.520
17,Kyurem-Black,7.88438,7479,5.767,5048,6.775
18,Yveltal,7.47189,7785,6.003,4851,6.511
19,Registeel,6.25679,5461,4.211,3954,5.307
20,Arceus,6.15227,7682,5.923,4391,5.893
21,Kartana,6.09499,6677,5.148,4040,5.422
22,Shuckle,5.96830,8633,6.657,5599,7.515
23,Pheromosa,5.87841,5758,4.440,3765,5.053
24,Arceus-Ghost,5.38967,4976,3.837,2962,3.976
25,Tyranitar-Mega,5.38854,5487,4.231,3409,4.575
26,Slaking,5.20320,5877,4.532,3315,4.449
27,Aegislash,5.17989,6709,5.173,4289,5.757
28,Solgaleo,5.12891,5974,4.606,3889,5.220
29,Dialga,4.86267,5313,4.097,3463,4.648
30,Scizor-Mega,4.64522,5140,3.963,3056,4.102
31,Lugia,4.33143,5158,3.977,3147,4.224
32,Gyarados-Mega,4.21017,4487,3.460,2827,3.794
33,Audino-Mega,3.97794,3943,3.040,2560,3.436
34,Sceptile-Mega,3.90986,6517,5.025,3933,5.279
35,Alakazam-Mega,3.71573,4953,3.819,2766,3.712
36,Lucario-Mega,3.66484,6718,5.180,3954,5.307
37,Aggron-Mega,3.58432,4491,3.463,2867,3.848
38,Deoxys-Defense,3.56558,5157,3.976,3296,4.424
39,Xerneas,3.46057,4902,3.780,2901,3.894
40,Salamence-Mega,3.40908,5304,4.090,2947,3.955
41,Kyurem-White,3.37903,3981,3.070,2292,3.076
42,Marshadow,3.35858,5227,4.030,3077,4.130
43,Heracross-Mega,3.24024,3357,2.588,2081,2.793
44,Metagross-Mega,3.12158,4670,3.601,2722,3.653
45,Aerodactyl-Mega,3.03880,3255,2.510,2116,2.840
46,Zekrom,2.85625,3393,2.616,1978,2.655
47,Darkrai,2.73280,4752,3.664,3085,4.141
48,Lunala,2.64336,4250,3.277,2416,3.243
49,Steelix-Mega,2.51403,2844,2.193,1815,2.436
50,Celesteela,2.49016,2838,2.188,1833,2.460
51,Guzzlord,2.46278,2720,2.097,1814,2.435
52,Xurkitree,2.45376,3015,2.325,1727,2.318
53,Swampert-Mega,2.44527,3357,2.588,2034,2.730
54,Blaziken-Mega,2.43462,4722,3.641,2760,3.704
55,Weavile,2.39784,2713,2.092,1866,2.504
56,Mimikyu,2.32532,3569,2.752,2243,3.010
57,Giratina-Origin,2.16786,3176,2.449,1882,2.526
58,Kangaskhan-Mega,2.02337,2678,2.065,1264,1.697
59,Latios-Mega,1.98342,2291,1.767,1239,1.663
60,Charizard-Mega-X,1.97253,5135,3.959,2995,4.020
61,Hoopa-Unbound,1.95784,3021,2.329,1498,2.011
62,Eevee,1.83315,2978,2.296,2164,2.904
63,Lopunny-Mega,1.82659,2426,1.871,1570,2.107
64,Gardevoir-Mega,1.77361,3422,2.639,2000,2.684
65,Slowbro-Mega,1.74018,1868,1.440,1178,1.581
66,Palkia,1.70662,2146,1.655,1276,1.713
67,Garchomp-Mega,1.67296,2811,2.167,1617,2.170
68,Ho-Oh,1.66523,2126,1.639,1252,1.680
69,Charizard-Mega-Y,1.65344,3178,2.450,1872,2.513
70,Sableye-Mega,1.61321,2243,1.730,1389,1.864
71,Toxapex,1.60279,2349,1.811,1389,1.864
72,Venusaur-Mega,1.57741,2520,1.943,1496,2.008
73,Beedrill-Mega,1.56580,2215,1.708,1375,1.845
74,Genesect,1.56540,2360,1.820,1341,1.800
75,Tapu Koko,1.54690,2401,1.851,1427,1.915
76,Banette-Mega,1.50610,1897,1.463,1186,1.592
77,Skarmory,1.50299,1575,1.214,973,1.306
78,Manectric-Mega,1.47673,1860,1.434,1112,1.492
79,Arceus-Steel,1.34461,1657,1.278,957,1.284
80,Ferrothorn,1.30116,1637,1.262,1129,1.515
81,Ampharos-Mega,1.25150,1488,1.147,985,1.322
82,Magearna,1.24619,1628,1.255,1086,1.458
83,Snorlax,1.20958,2213,1.706,1271,1.706
84,Reshiram,1.16979,1782,1.374,951,1.276
85,Arceus-Fairy,1.16000,1468,1.132,815,1.094
86,Cosmoem,1.15834,1569,1.210,976,1.310
87,Wishiwashi-School,1.13404,1469,1.133,867,1.164
88,Arceus-Dark,1.11156,1120,0.864,789,1.059
89,Gallade-Mega,1.10661,2404,1.854,1300,1.745
90,Pyukumuku,1.03068,1152,0.888,677,0.909
91,Ninjask,1.01469,1632,1.258,1128,1.514
92,Golisopod,0.95637,1322,1.019,835,1.121
93,Pidgeot-Mega,0.95279,1391,1.073,835,1.121
94,Latias-Mega,0.94353,1338,1.032,773,1.037
95,Magikarp,0.89134,2048,1.579,991,1.330
96,Mawile-Mega,0.88599,1265,0.975,622,0.835
97,Arceus-Water,0.86596,997,0.769,557,0.748
98,Absol-Mega,0.84553,1176,0.907,683,0.917
99,Meloetta,0.79941,1092,0.842,612,0.821
100,Marowak-Alola,0.79914,1457,1.123,903,1.212
101,Muk-Alola,0.79333,1080,0.833,723,0.970
102,Umbreon,0.76331,1066,0.822,760,1.020
103,Pikachu,0.74498,1746,1.346,1078,1.447
104,Regice,0.72342,883,0.681,579,0.777
105,Wailord,0.70274,833,0.642,547,0.734
106,Type: Null,0.70105,759,0.585,478,0.642
107,Arceus-Electric,0.68567,996,0.768,532,0.714
108,Buzzwole,0.68221,1030,0.794,578,0.776
109,Tapu Fini,0.66529,828,0.638,525,0.705
110,Altaria-Mega,0.62896,1108,0.854,660,0.886
111,Tapu Lele,0.62249,953,0.735,512,0.687
112,Mew,0.61025,1454,1.121,823,1.105
113,Thundurus-Therian,0.58530,785,0.605,462,0.620
114,Decidueye,0.56638,1316,1.015,776,1.042
115,Blastoise-Mega,0.55978,1307,1.008,771,1.035
116,Houndoom-Mega,0.55730,912,0.703,520,0.698
117,Shaymin-Sky,0.54028,872,0.672,495,0.664
118,Arceus-Fire,0.53725,866,0.668,519,0.697
119,Incineroar,0.53077,1181,0.911,770,1.033
120,Heatran,0.53056,796,0.614,498,0.668
121,Archeops,0.52461,964,0.743,580,0.778
122,Zapdos,0.50231,932,0.719,572,0.768
123,Nihilego,0.50214,776,0.598,542,0.727
124,Dragonite,0.50197,1256,0.968,766,1.028
125,Garchomp,0.48743,1028,0.793,557,0.748
126,Togekiss,0.47871,561,0.433,350,0.470
127,Pinsir-Mega,0.47162,751,0.579,479,0.643
128,Cresselia,0.46716,630,0.486,430,0.577
129,Regirock,0.46279,605,0.466,413,0.554
130,Gyarados,0.43981,795,0.613,450,0.604
131,Volcarona,0.43620,805,0.621,474,0.636
132,Bastiodon,0.43523,524,0.404,395,0.530
133,Arceus-Dragon,0.42598,626,0.483,399,0.536
134,Tapu Bulu,0.41375,740,0.571,398,0.534
135,Infernape,0.41206,1314,1.013,746,1.001
136,Jolteon,0.40627,872,0.672,494,0.663
137,Landorus-Therian,0.40472,582,0.449,380,0.510
138,Arceus-Flying,0.40324,577,0.445,325,0.436
139,Dusclops,0.40057,490,0.378,303,0.407
140,Mewtwo,0.39975,999,0.770,566,0.760
141,Victini,0.39727,885,0.682,531,0.713
142,Primarina,0.39347,882,0.680,494,0.663
143,Mantine,0.37837,395,0.305,228,0.306
144,Arcanine,0.37297,741,0.571,401,0.538
145,Latios,0.37204,588,0.453,320,0.429
146,Salazzle,0.36574,811,0.625,464,0.623
147,Donphan,0.36146,372,0.287,262,0.352
148,Rampardos,0.36136,635,0.490,325,0.436
149,Darmanitan,0.35657,569,0.439,316,0.424
150,Groudon,0.34318,429,0.331,265,0.356
151,Porygon2,0.33921,671,0.517,351,0.471
152,Drifblim,0.33389,364,0.281,218,0.293
153,Espeon,0.33301,588,0.453,359,0.482
154,Kommo-o,0.33116,527,0.406,312,0.419
155,Excadrill,0.32925,533,0.411,307,0.412
156,Arceus-Ice,0.32620,469,0.362,243,0.326
157,Arceus-Psychic,0.31994,401,0.309,231,0.310
158,Noivern,0.31495,907,0.699,540,0.725
159,Ribombee,0.31104,388,0.299,272,0.365
160,Camerupt-Mega,0.30775,539,0.416,339,0.455
161,Goodra,0.30507,804,0.620,489,0.656
162,Electrode,0.30494,404,0.312,317,0.425
163,Arceus-Grass,0.30383,387,0.298,277,0.372
164,Vaporeon,0.30086,522,0.402,281,0.377
165,Vespiquen,0.29668,344,0.265,250,0.336
166,Landorus,0.29600,403,0.311,225,0.302
167,Ditto,0.28567,997,0.769,607,0.815
168,Hydreigon,0.27497,616,0.475,365,0.490
169,Abomasnow-Mega,0.27387,562,0.433,374,0.502
170,Gengar,0.27385,672,0.518,468,0.628
171,Electivire,0.27240,738,0.569,444,0.596
172,Bisharp,0.26498,731,0.564,464,0.623
173,Volcanion,0.26456,650,0.501,368,0.494
174,Sylveon,0.26251,778,0.600,417,0.560
175,Arceus-Poison,0.26212,334,0.258,157,0.211
176,Rattata,0.26206,749,0.578,269,0.361
177,Raichu-Alola,0.25890,794,0.612,447,0.600
178,Mamoswine,0.25661,427,0.329,259,0.348
179,Serperior,0.25661,587,0.453,341,0.458
180,Wobbuffet,0.25528,537,0.414,299,0.401
181,Talonflame,0.25250,849,0.655,524,0.703
182,Blaziken,0.25158,715,0.551,392,0.526
183,Arceus-Ground,0.24381,430,0.332,204,0.274
184,Rhydon,0.24329,322,0.248,190,0.255
185,Zygarde,0.24250,717,0.553,389,0.522
186,Forretress,0.24059,320,0.247,260,0.349
187,Crabominable,0.23996,365,0.281,228,0.306
188,Porygon-Z,0.23752,548,0.423,363,0.487
189,Spiritomb,0.22994,379,0.292,269,0.361
190,Sharpedo-Mega,0.22909,406,0.313,282,0.378
191,Cloyster,0.22867,614,0.473,360,0.483
192,Combee,0.22813,170,0.131,133,0.179
193,Kyogre,0.22688,394,0.304,238,0.319
194,Chandelure,0.22677,483,0.372,266,0.357
195,Arceus-Bug,0.22447,288,0.222,173,0.232
196,Smeargle,0.22196,578,0.446,371,0.498
197,Luxray,0.22036,435,0.335,284,0.381
198,Rayquaza,0.22019,577,0.445,353,0.474
199,Magnezone,0.21941,641,0.494,402,0.540
200,Floette-Eternal,0.21541,460,0.355,246,0.330
201,Krookodile,0.21493,379,0.292,220,0.295
202,Minior,0.21473,307,0.237,169,0.227
203,Eelektross,0.21354,413,0.318,205,0.275
204,Sandslash-Alola,0.21353,369,0.285,227,0.305
205,Staraptor,0.21253,506,0.390,303,0.407
206,Florges,0.21090,384,0.296,248,0.333
207,Suicune,0.21021,434,0.335,239,0.321
208,Gigalith,0.20935,302,0.233,232,0.311
209,Rotom-Wash,0.20837,505,0.389,312,0.419
210,Marowak,0.20338,328,0.253,210,0.282
211,Glalie-Mega,0.20220,677,0.522,360,0.483
212,Gliscor,0.20121,554,0.427,279,0.374
213,Deoxys,0.19785,432,0.333,244,0.327
214,Golurk,0.19359,300,0.231,194,0.260
215,Jirachi,0.19193,471,0.363,260,0.349
216,Tornadus-Therian,0.18675,420,0.324,231,0.310
217,Greninja,0.18507,515,0.397,372,0.499
218,Swampert,0.18066,281,0.217,163,0.219
219,Typhlosion,0.17977,420,0.324,250,0.336
220,Necrozma,0.17811,489,0.377,300,0.403
221,Ninetales-Alola,0.17723,621,0.479,348,0.467
222,Manaphy,0.17312,289,0.223,176,0.236
223,Diancie,0.17277,210,0.162,142,0.191
224,Empoleon,0.16845,369,0.285,204,0.274
225,Zoroark,0.16548,494,0.381,251,0.337
226,Drapion,0.16466,311,0.240,171,0.230
227,Cosmog,0.16321,357,0.275,178,0.239
228,Hariyama,0.16098,183,0.141,118,0.158
229,Aron,0.16050,293,0.226,203,0.272
230,Zygarde-10,0.15991,471,0.363,301,0.404
231,Sunkern,0.15909,408,0.315,203,0.272
232,Bewear,0.15684,360,0.278,198,0.266
233,Turtonator,0.15015,318,0.245,196,0.263
234,Flareon,0.14996,406,0.313,243,0.326
235,Lucario,0.14989,542,0.418,240,0.322
236,Dunsparce,0.14784,334,0.258,110,0.148
237,Claydol,0.14735,141,0.109,95,0.128
238,Keldeo,0.14712,324,0.250,203,0.272
239,Exeggutor-Alola,0.14537,366,0.282,233,0.313
240,Medicham-Mega,0.14438,226,0.174,115,0.154
241,Tyranitar,0.14329,361,0.278,245,0.329
242,Ursaring,0.14274,211,0.163,118,0.158
243,Crobat,0.13931,341,0.263,218,0.293
244,Arceus-Fighting,0.13919,236,0.182,138,0.185
245,Charizard,0.13892,414,0.319,252,0.338
246,Lycanroc,0.13779,279,0.215,162,0.217
247,Vikavolt,0.13684,442,0.341,278,0.373
248,Delphox,0.13574,333,0.257,185,0.248
249,Feraligatr,0.13553,369,0.285,230,0.309
250,Escavalier,0.13543,263,0.203,172,0.231
251,Lapras,0.13423,452,0.349,283,0.380
252,Breloom,0.13262,359,0.277,210,0.282
253,Dusknoir,0.13091,293,0.226,222,0.298
254,Froslass,0.12995,185,0.143,116,0.156
255,Milotic,0.12928,343,0.264,229,0.307
256,Tyrantrum,0.12746,379,0.292,217,0.291
257,Tentacruel,0.12718,159,0.123,102,0.137
258,Machamp,0.12695,373,0.288,233,0.313
259,Golem-Alola,0.12675,256,0.197,187,0.251
260,Haxorus,0.12665,327,0.252,190,0.255
261,Clefable,0.12623,249,0.192,142,0.191
262,Kyurem,0.12615,207,0.160,136,0.183
263,Tsareena,0.12602,269,0.207,146,0.196
264,Ludicolo,0.12599,356,0.275,197,0.264
265,Gastrodon,0.12553,262,0.202,119,0.160
266,Lurantis,0.12480,267,0.206,154,0.207
267,Raikou,0.12277,219,0.169,117,0.157
268,Entei,0.12217,279,0.215,165,0.221
269,Doublade,0.12147,194,0.150,120,0.161
270,Carbink,0.12144,192,0.148,134,0.180
271,Tangrowth,0.12061,211,0.163,138,0.185
272,Cofagrigus,0.11929,240,0.185,168,0.225
273,Hawlucha,0.11809,460,0.355,280,0.376
274,Avalugg,0.11773,266,0.205,169,0.227
275,Dugtrio,0.11651,271,0.209,173,0.232
276,Kingdra,0.11440,278,0.214,160,0.215
277,Araquanid,0.11339,241,0.186,139,0.187
278,Accelgor,0.11247,312,0.241,176,0.236
279,Conkeldurr,0.11222,155,0.120,103,0.138
280,Dhelmise,0.11208,313,0.241,208,0.279
281,Silvally,0.11193,220,0.170,116,0.156
282,Dugtrio-Alola,0.11136,175,0.135,91,0.122
283,Scolipede,0.10812,351,0.271,273,0.366
284,Latias,0.10776,198,0.153,105,0.141
285,Drampa,0.10715,256,0.197,146,0.196
286,Mandibuzz,0.10710,146,0.113,82,0.110
287,Leafeon,0.10569,314,0.242,162,0.217
288,Torterra,0.10500,314,0.242,206,0.276
289,Lycanroc-Midnight,0.10206,286,0.221,189,0.254
290,Shiinotic,0.10130,170,0.131,109,0.146
291,Glaceon,0.09846,391,0.301,265,0.356
292,Bidoof,0.09708,239,0.184,120,0.161
293,Rattata-Alola,0.09668,265,0.204,127,0.170
294,Quagsire,0.09624,167,0.129,112,0.150
295,Caterpie,0.09601,230,0.177,182,0.244
296,Poliwrath,0.09599,192,0.148,127,0.170
297,Celebi,0.09386,268,0.207,149,0.200
298,Minior-Meteor,0.09331,157,0.121,106,0.142
299,Thundurus,0.09295,155,0.120,94,0.126
300,Gumshoos,0.09214,296,0.228,177,0.238
301,Samurott,0.09156,314,0.242,174,0.234
302,Sceptile,0.09132,434,0.335,248,0.333
303,Articuno,0.09127,376,0.290,233,0.313
304,Terrakion,0.09062,167,0.129,85,0.114
305,Sliggoo,0.08997,94,0.072,49,0.066
306,Roserade,0.08738,222,0.171,130,0.174
307,Dodrio,0.08686,124,0.096,87,0.117
308,Starly,0.08622,184,0.142,59,0.079
309,Nidoking,0.08468,246,0.190,163,0.219
310,Lanturn,0.08425,126,0.097,66,0.089
311,Reuniclus,0.08337,144,0.111,68,0.091
312,Braviary,0.08316,240,0.185,129,0.173
313,Scrafty,0.08270,249,0.192,139,0.187
314,Moltres,0.08165,292,0.225,179,0.240
315,Gogoat,0.08082,86,0.066,52,0.070
316,Gourgeist-Super,0.08050,134,0.103,94,0.126
317,Palossand,0.07943,454,0.350,230,0.309
318,Aggron,0.07735,167,0.129,116,0.156
319,Pelipper,0.07662,160,0.123,110,0.148
320,Blastoise,0.07590,238,0.184,138,0.185
321,Alakazam,0.07574,161,0.124,106,0.142
322,Swellow,0.07526,134,0.103,71,0.095
323,Gardevoir,0.07525,351,0.271,200,0.268
324,Salandit,0.07503,103,0.079,57,0.077
325,Ninetales,0.07494,201,0.155,121,0.162
326,Vanilluxe,0.07464,190,0.147,107,0.144
327,Amoonguss,0.07420,115,0.089,62,0.083
328,Toucannon,0.07385,158,0.122,89,0.119
329,Raichu,0.07310,244,0.188,163,0.219
330,Probopass,0.07159,156,0.120,112,0.150
331,Rhyperior,0.07119,152,0.117,78,0.105
332,Salamence,0.07114,281,0.217,171,0.230
333,Honchkrow,0.07100,122,0.094,84,0.113
334,Pangoro,0.06983,185,0.143,116,0.156
335,Flygon,0.06866,189,0.146,104,0.140
336,Raticate-Alola,0.06814,136,0.105,92,0.123
337,Meganium,0.06729,165,0.127,89,0.119
338,Jigglypuff,0.06554,101,0.078,77,0.103
339,Chesnaught,0.06504,206,0.159,128,0.172
340,Galvantula,0.06376,276,0.213,212,0.285
341,Crustle,0.06304,65,0.050,44,0.059
342,Tornadus,0.06263,114,0.088,80,0.107
343,Emboar,0.06180,138,0.106,90,0.121
344,Rotom-Heat,0.06159,127,0.098,70,0.094
345,Heliolisk,0.06119,194,0.150,122,0.164
346,Azumarill,0.05999,118,0.091,68,0.091
347,Mudsdale,0.05986,121,0.093,60,0.081
348,Whimsicott,0.05915,172,0.133,133,0.179
349,Torkoal,0.05912,149,0.115,103,0.138
350,Mimikyu-Busted,0.05886,129,0.099,86,0.115
351,Starmie,0.05780,109,0.084,58,0.078
352,Wishiwashi,0.05743,111,0.086,74,0.099
353,Sableye,0.05740,140,0.108,99,0.133
354,Mismagius,0.05735,156,0.120,85,0.114
355,Steelix,0.05617,126,0.097,82,0.110
356,Klinklang,0.05614,151,0.116,101,0.136
357,Ambipom,0.05555,112,0.086,74,0.099
358,Arbok,0.05549,99,0.076,63,0.085
359,Farfetch'd,0.05540,119,0.092,74,0.099
360,Bronzong,0.05507,119,0.092,63,0.085
361,Weedle,0.05494,123,0.095,69,0.093
362,Seismitoad,0.05492,115,0.089,65,0.087
363,Cacturne,0.05433,84,0.065,61,0.082
364,Alomomola,0.05420,117,0.090,79,0.106
365,Durant,0.05419,132,0.102,88,0.118
366,Diglett-Alola,0.05373,69,0.053,53,0.071
367,Lilligant,0.05372,220,0.170,128,0.172
368,Scizor,0.05367,160,0.123,92,0.123
369,Exploud,0.05366,175,0.135,97,0.130
370,Meowstic,0.05269,115,0.089,78,0.105
371,Oranguru,0.05252,113,0.087,44,0.059
372,Zebstrika,0.05188,95,0.073,55,0.074
373,Togedemaru,0.05039,138,0.106,94,0.126
374,Hypno,0.05006,80,0.062,49,0.066
375,Uxie,0.04969,94,0.072,70,0.094
376,Pidgey,0.04908,128,0.099,48,0.064
377,Aerodactyl,0.04868,134,0.103,77,0.103
378,Unown,0.04755,83,0.064,43,0.058
379,Jellicent,0.04716,97,0.075,59,0.079
380,Charjabug,0.04662,74,0.057,51,0.068
381,Aurorus,0.04617,94,0.072,59,0.079
382,Politoed,0.04576,125,0.096,85,0.114
383,Victreebel,0.04569,157,0.121,99,0.133
384,Hitmonlee,0.04481,133,0.103,69,0.093
385,Toxicroak,0.04468,199,0.153,103,0.138
386,Rotom-Mow,0.04459,103,0.079,57,0.077
387,Rotom-Frost,0.04449,221,0.170,108,0.145
388,Ampharos,0.04403,219,0.169,114,0.153
389,Silvally-Fairy,0.04390,76,0.059,50,0.067
390,Trevenant,0.04381,139,0.107,80,0.107
391,Passimian,0.04359,91,0.070,59,0.079
392,Comfey,0.04358,392,0.302,171,0.230
393,Muk,0.04357,58,0.045,44,0.059
394,Tauros,0.04344,111,0.086,38,0.051
395,Hoopa,0.04286,118,0.091,61,0.082
396,Wingull,0.04200,119,0.092,26,0.035
397,Venusaur,0.04181,129,0.099,80,0.107
398,Metagross,0.04164,474,0.365,205,0.275
399,Wigglytuff,0.04070,102,0.079,66,0.089
400,Bruxish,0.04067,62,0.048,39,0.052
401,Sandshrew-Alola,0.04063,56,0.043,22,0.030
402,Shaymin,0.04055,75,0.058,32,0.043
403,Castform,0.04023,119,0.092,61,0.082
404,Oricorio-Pom-Pom,0.04010,101,0.078,53,0.071
405,Ledian,0.03981,40,0.031,29,0.039
406,Miltank,0.03966,215,0.166,90,0.121
407,Virizion,0.03965,70,0.054,45,0.060
408,Weezing,0.03948,73,0.056,51,0.068
409,Riolu,0.03871,141,0.109,95,0.128
410,Carracosta,0.03833,145,0.112,94,0.126
411,Magmortar,0.03802,175,0.135,111,0.149
412,Klefki,0.03751,104,0.080,63,0.085
413,Oricorio-Sensu,0.03745,105,0.081,68,0.091
414,Azelf,0.03722,82,0.063,48,0.064
415,Cryogonal,0.03718,95,0.073,48,0.064
416,Vivillon,0.03691,63,0.049,34,0.046
417,Noctowl,0.03688,100,0.077,72,0.097
418,Linoone,0.03668,49,0.038,38,0.051
419,Oricorio,0.03649,142,0.109,76,0.102
420,Emolga,0.03613,83,0.064,52,0.070
421,Pyroar,0.03609,148,0.114,82,0.110
422,Wynaut,0.03595,49,0.038,35,0.047
423,Crawdaunt,0.03587,118,0.091,81,0.109
424,Pichu,0.03539,85,0.066,63,0.085
425,Zubat,0.03529,58,0.045,27,0.036
426,Slowking,0.03462,76,0.059,43,0.058
427,Tangela,0.03426,45,0.035,38,0.051
428,Delibird,0.03414,47,0.036,36,0.048
429,Exeggutor,0.03382,134,0.103,69,0.093
430,Rapidash,0.03358,165,0.127,131,0.176
431,Dragalge,0.03342,101,0.078,68,0.091
432,Relicanth,0.03338,93,0.072,58,0.078
433,Igglybuff,0.03277,47,0.036,30,0.040
434,Cradily,0.03273,75,0.058,43,0.058
435,Komala,0.03247,92,0.071,68,0.091
436,Raticate,0.03242,145,0.112,72,0.097
437,Diglett,0.03181,49,0.038,28,0.038
438,Sigilyph,0.03165,56,0.043,35,0.047
439,Wartortle,0.03133,61,0.047,46,0.062
440,Gallade,0.03131,160,0.123,103,0.138
441,Abomasnow,0.03124,69,0.053,45,0.060
442,Lickilicky,0.03087,120,0.093,65,0.087
443,Unfezant,0.03057,73,0.056,46,0.062
444,Absol,0.02926,133,0.103,72,0.097
445,Clamperl,0.02903,77,0.059,35,0.047
446,Zorua,0.02883,45,0.035,17,0.023
447,Yanmega,0.02864,108,0.083,62,0.083
448,Ariados,0.02845,93,0.072,64,0.086
449,Seviper,0.02818,29,0.022,26,0.035
450,Cobalion,0.02809,90,0.069,40,0.054
451,Hitmonchan,0.02773,66,0.051,49,0.066
452,Heatmor,0.02749,31,0.024,22,0.030
453,Tropius,0.02747,110,0.085,56,0.075
454,Floatzel,0.02741,77,0.059,48,0.064
455,Butterfree,0.02727,104,0.080,69,0.093
456,Rotom-Fan,0.02713,103,0.079,73,0.098
457,Gothitelle,0.02684,72,0.056,51,0.068
458,Magcargo,0.02652,77,0.059,28,0.038
459,Nosepass,0.02602,77,0.059,33,0.044
460,Sawk,0.02565,120,0.093,83,0.111
461,Kingler,0.02563,65,0.050,43,0.058
462,Magnemite,0.02556,64,0.049,40,0.054
463,Torracat,0.02545,63,0.049,44,0.059
464,Skuntank,0.02543,33,0.025,12,0.016
465,Sawsbuck,0.02502,38,0.029,21,0.028
466,Simipour,0.02502,27,0.021,18,0.024
467,Zangoose,0.02489,88,0.068,57,0.077
468,Litwick,0.02473,24,0.019,18,0.024
469,Leavanny,0.02449,70,0.054,46,0.062
470,Hakamo-o,0.02436,52,0.040,28,0.038
471,Arceus-Rock,0.02424,55,0.042,32,0.043
472,Clawitzer,0.02420,154,0.119,75,0.101
473,Metapod,0.02413,36,0.028,22,0.030
474,Graveler-Alola,0.02394,29,0.022,22,0.030
475,Venomoth,0.02374,94,0.072,65,0.087
476,Silvally-Electric,0.02345,134,0.103,79,0.106
477,Scyther,0.02344,75,0.058,53,0.071
478,Duskull,0.02341,24,0.019,19,0.026
479,Oricorio-Pa'u,0.02337,65,0.050,28,0.038
480,Slowbro,0.02333,76,0.059,42,0.056
481,Hippowdon,0.02319,91,0.070,84,0.113
482,Lampent,0.02313,27,0.021,21,0.028
483,Cinccino,0.02284,129,0.099,74,0.099
484,Munchlax,0.02274,109,0.084,39,0.052
485,Swanna,0.02267,91,0.070,56,0.075
486,Corsola,0.02237,55,0.042,36,0.048
487,Bulbasaur,0.02197,76,0.059,59,0.079
488,Jynx,0.02187,81,0.062,53,0.071
489,Kadabra,0.02129,42,0.032,24,0.032
490,Klang,0.02106,21,0.016,12,0.016
491,Dedenne,0.02094,86,0.066,50,0.067
492,Golduck,0.02058,312,0.241,113,0.152
493,Wooper,0.02032,68,0.052,33,0.044
494,Bellossom,0.02030,34,0.026,23,0.031
495,Throh,0.02015,72,0.056,47,0.063
496,Kabutops,0.02011,101,0.078,45,0.060
497,Bibarel,0.02008,70,0.054,38,0.051
498,Machoke,0.01991,51,0.039,42,0.056
499,Kangaskhan,0.01932,65,0.050,47,0.063
500,Silvally-Fighting,0.01925,46,0.035,13,0.017
501,Stufful,0.01910,22,0.017,4,0.005
502,Golem,0.01908,102,0.079,74,0.099
503,Vileplume,0.01896,44,0.034,28,0.038
504,Shiftry,0.01891,50,0.039,25,0.034
505,Bouffalant,0.01850,32,0.025,23,0.031
506,Slurpuff,0.01846,58,0.045,30,0.040
507,Luvdisc,0.01819,49,0.038,34,0.046
508,Pachirisu,0.01808,45,0.035,32,0.043
509,Beheeyem,0.01775,66,0.051,44,0.059
510,Gastly,0.01772,39,0.030,24,0.032
511,Omastar,0.01769,112,0.086,72,0.097
512,Wimpod,0.01764,23,0.018,20,0.027
513,Pidgeot,0.01762,56,0.043,41,0.055
514,Granbull,0.01758,42,0.032,25,0.034
515,Camerupt,0.01755,30,0.023,17,0.023
516,Persian-Alola,0.01747,116,0.089,46,0.062
517,Pumpkaboo,0.01729,23,0.018,19,0.026
518,Sandslash,0.01727,62,0.048,48,0.064
519,Primeape,0.01704,68,0.052,43,0.058
520,Dewgong,0.01681,43,0.033,26,0.035
521,Geodude,0.01651,76,0.059,62,0.083
522,Magneton,0.01648,43,0.033,34,0.046
523,Mudkip,0.01630,41,0.032,19,0.026
524,Sunflora,0.01626,67,0.052,36,0.048
525,Mr. Mime,0.01607,41,0.032,24,0.032
526,Feebas,0.01598,67,0.052,46,0.062
527,Kabuto,0.01597,28,0.022,21,0.028
528,Barbaracle,0.01596,97,0.075,78,0.105
529,Yamask,0.01571,40,0.031,34,0.046
530,Kecleon,0.01567,50,0.039,39,0.052
531,Persian,0.01558,69,0.053,45,0.060
532,Skitty,0.01553,46,0.035,23,0.031
533,Masquerain,0.01553,36,0.028,19,0.026
534,Silvally-Fire,0.01517,70,0.054,47,0.063
535,Whirlipede,0.01477,30,0.023,10,0.013
536,Onix,0.01473,41,0.032,37,0.050
537,Jumpluff,0.01471,50,0.039,27,0.036
538,Buneary,0.01468,18,0.014,10,0.013
539,Beautifly,0.01463,48,0.037,31,0.042
540,Silvally-Dragon,0.01456,40,0.031,26,0.035
541,Glalie,0.01443,24,0.019,15,0.020
542,Chatot,0.01426,25,0.019,15,0.020
543,Mienshao,0.01384,35,0.027,20,0.027
544,Taillow,0.01379,38,0.029,17,0.023
545,Heracross,0.01371,76,0.059,44,0.059
546,Squirtle,0.01360,89,0.069,54,0.072
547,Solrock,0.01351,33,0.025,21,0.028
548,Gourgeist-Small,0.01348,22,0.017,12,0.016
549,Furret,0.01342,101,0.078,42,0.056
550,Sharpedo,0.01337,39,0.030,33,0.044
551,Druddigon,0.01331,57,0.044,32,0.043
552,Snivy,0.01314,34,0.026,20,0.027
553,Swalot,0.01312,22,0.017,15,0.020
554,Parasect,0.01310,40,0.031,26,0.035
555,Tentacool,0.01305,22,0.017,14,0.019
556,Ferroseed,0.01296,24,0.019,17,0.023
557,Silvally-Ghost,0.01286,37,0.029,27,0.036
558,Froakie,0.01277,43,0.033,34,0.046
559,Lopunny,0.01237,42,0.032,23,0.031
560,Delcatty,0.01236,55,0.042,34,0.046
561,Kricketune,0.01234,39,0.030,18,0.024
562,Slakoth,0.01199,25,0.019,14,0.019
563,Shellos,0.01188,30,0.023,5,0.007
564,Diggersby,0.01178,48,0.037,34,0.046
565,Manectric,0.01168,38,0.029,24,0.032
566,Malamar,0.01142,67,0.052,32,0.043
567,Armaldo,0.01137,69,0.053,46,0.062
568,Electabuzz,0.01116,23,0.018,15,0.020
569,Woobat,0.01101,12,0.009,2,0.003
570,Beedrill,0.01076,30,0.023,17,0.023
571,Beartic,0.01071,80,0.062,40,0.054
572,Rotom,0.01069,53,0.041,46,0.062
573,Musharna,0.01069,25,0.019,12,0.016
574,Spinda,0.01068,60,0.046,31,0.042
575,Garbodor,0.01064,23,0.018,18,0.024
576,Grimer-Alola,0.01043,11,0.008,5,0.007
577,Stoutland,0.01026,60,0.046,35,0.047
578,Maractus,0.01025,17,0.013,11,0.015
579,Banette,0.01019,59,0.045,41,0.055
580,Wormadam-Trash,0.01015,28,0.022,12,0.016
581,Fraxure,0.01006,15,0.012,9,0.012
582,Metang,0.01000,27,0.021,14,0.019
583,Silvally-Psychic,0.00994,15,0.012,6,0.008
584,Binacle,0.00994,16,0.012,11,0.015
585,Rowlet,0.00973,47,0.036,30,0.040
586,Girafarig,0.00924,26,0.020,15,0.020
587,Pawniard,0.00913,20,0.015,13,0.017
588,Rufflet,0.00906,11,0.008,9,0.012
589,Stantler,0.00895,84,0.065,58,0.078
590,Silvally-Steel,0.00888,21,0.016,7,0.009
591,Houndoom,0.00878,34,0.026,22,0.030
592,Silvally-Ice,0.00864,24,0.019,17,0.023
593,Azurill,0.00857,15,0.012,9,0.012
594,Volbeat,0.00855,41,0.032,29,0.039
595,Morelull,0.00830,8,0.006,7,0.009
596,Piplup,0.00829,31,0.024,25,0.034
597,Charmander,0.00827,53,0.041,41,0.055
598,Swoobat,0.00816,22,0.017,15,0.020
599,Oddish,0.00815,24,0.019,20,0.027
600,Cyndaquil,0.00808,33,0.025,24,0.032
601,Nuzleaf,0.00808,14,0.011,13,0.017
602,Aipom,0.00805,37,0.029,13,0.017
603,Pineco,0.00801,27,0.021,27,0.036
604,Sudowoodo,0.00798,39,0.030,21,0.028
605,Dartrix,0.00795,19,0.015,14,0.019
606,Chimecho,0.00793,28,0.022,14,0.019
607,Dustox,0.00789,36,0.028,22,0.030
608,Piloswine,0.00787,16,0.012,9,0.012
609,Happiny,0.00784,47,0.036,30,0.040
610,Aromatisse,0.00780,21,0.016,13,0.017
611,Xatu,0.00780,24,0.019,18,0.024
612,Roggenrola,0.00767,8,0.006,3,0.004
613,Popplio,0.00755,29,0.022,18,0.024
614,Lileep,0.00753,19,0.015,10,0.013
615,Haunter,0.00753,36,0.028,28,0.038
616,Silvally-Dark,0.00743,10,0.008,6,0.008
617,Ralts,0.00736,22,0.017,18,0.024
618,Togepi,0.00724,20,0.015,17,0.023
619,Spewpa,0.00722,16,0.012,14,0.019
620,Psyduck,0.00722,24,0.019,16,0.021
621,Liepard,0.00716,53,0.041,41,0.055
622,Litten,0.00712,25,0.019,18,0.024
623,Huntail,0.00707,50,0.039,29,0.039
624,Cleffa,0.00704,10,0.008,9,0.012
625,Foongus,0.00696,8,0.006,7,0.009
626,Altaria,0.00693,20,0.015,12,0.016
627,Spearow,0.00691,10,0.008,7,0.009
628,Rockruff,0.00673,87,0.067,80,0.107
629,Magmar,0.00665,10,0.008,9,0.012
630,Torchic,0.00660,64,0.049,24,0.032
631,Mawile,0.00658,18,0.014,11,0.015
632,Gligar,0.00638,19,0.015,12,0.016
633,Pikipek,0.00638,12,0.009,9,0.012
634,Gorebyss,0.00631,32,0.025,15,0.020
635,Geodude-Alola,0.00625,24,0.019,11,0.015
636,Simisear,0.00612,7,0.005,5,0.007
637,Stunfisk,0.00603,20,0.015,11,0.015
638,Zweilous,0.00597,11,0.008,7,0.009
639,Poliwhirl,0.00595,8,0.006,7,0.009
640,Omanyte,0.00593,14,0.011,11,0.015
641,Voltorb,0.00583,23,0.018,15,0.020
642,Lillipup,0.00571,8,0.006,4,0.005
643,Drifloon,0.00565,16,0.012,9,0.012
644,Walrein,0.00564,36,0.028,22,0.030
645,Swirlix,0.00550,29,0.022,18,0.024
646,Brionne,0.00547,17,0.013,11,0.015
647,Medicham,0.00539,22,0.017,14,0.019
648,Nincada,0.00536,14,0.011,7,0.009
649,Braixen,0.00536,46,0.035,23,0.031
650,Wormadam-Sandy,0.00535,5,0.004,2,0.003
651,Vibrava,0.00522,11,0.008,8,0.011
652,Simisage,0.00517,6,0.005,5,0.007
653,Patrat,0.00516,7,0.005,2,0.003
654,Fearow,0.00509,25,0.019,20,0.027
655,Grumpig,0.00507,11,0.008,9,0.012
656,Hitmontop,0.00504,25,0.019,10,0.013
657,Krokorok,0.00504,19,0.015,19,0.026
658,Goomy,0.00501,15,0.012,11,0.015
659,Venonat,0.00501,6,0.005,5,0.007
660,Clefairy,0.00500,19,0.015,12,0.016
661,Oshawott,0.00496,13,0.010,11,0.015
662,Mesprit,0.00496,18,0.014,12,0.016
663,Sewaddle,0.00495,8,0.006,8,0.011
664,Mankey,0.00494,19,0.015,9,0.012
665,Totodile,0.00488,11,0.008,8,0.011
666,Mightyena,0.00484,19,0.015,13,0.017
667,Trubbish,0.00481,24,0.019,14,0.019
668,Seaking,0.00473,19,0.015,16,0.021
669,Wailmer,0.00473,6,0.005,5,0.007
670,Pinsir,0.00467,10,0.008,9,0.012
671,Drowzee,0.00466,4,0.003,2,0.003
672,Lunatone,0.00456,15,0.012,10,0.013
673,Vigoroth,0.00455,6,0.005,4,0.005
674,Nidoqueen,0.00454,37,0.029,28,0.038
675,Treecko,0.00451,28,0.022,23,0.031
676,Monferno,0.00450,13,0.010,8,0.011
677,Lumineon,0.00447,13,0.010,8,0.011
678,Kakuna,0.00447,11,0.008,6,0.008
679,Silvally-Water,0.00442,10,0.008,5,0.007
680,Paras,0.00441,4,0.003,2,0.003
681,Pumpkaboo-Super,0.00438,8,0.006,5,0.007
682,Magby,0.00433,11,0.008,9,0.012
683,Cherrim,0.00431,16,0.012,9,0.012
684,Vanillite,0.00427,6,0.005,5,0.007
685,Phione,0.00422,9,0.007,4,0.005
686,Shieldon,0.00422,7,0.005,7,0.009
687,Sandile,0.00409,11,0.008,2,0.003
688,Hoppip,0.00391,11,0.008,6,0.008
689,Swadloon,0.00389,6,0.005,4,0.005
690,Sneasel,0.00387,13,0.010,9,0.012
691,Octillery,0.00386,65,0.050,46,0.062
692,Tyrogue,0.00384,16,0.012,15,0.020
693,Duosion,0.00375,9,0.007,4,0.005
694,Mareep,0.00373,5,0.004,2,0.003
695,Fennekin,0.00365,34,0.026,20,0.027
696,Croconaw,0.00364,7,0.005,7,0.009
697,Litleo,0.00358,14,0.011,8,0.011
698,Audino,0.00356,69,0.053,22,0.030
699,Plusle,0.00354,8,0.006,3,0.004
700,Golbat,0.00354,22,0.017,17,0.023
701,Porygon,0.00354,18,0.014,11,0.015
702,Budew,0.00344,9,0.007,5,0.007
703,Teddiursa,0.00343,5,0.004,5,0.007
704,Flaaffy,0.00333,5,0.004,2,0.003
705,Togetic,0.00331,26,0.020,17,0.023
706,Hippopotas,0.00329,13,0.010,13,0.017
707,Lickitung,0.00327,8,0.006,7,0.009
708,Quilava,0.00323,18,0.014,15,0.020
709,Silvally-Rock,0.00321,5,0.004,4,0.005
710,Crabrawler,0.00311,51,0.039,40,0.054
711,Mothim,0.00308,33,0.025,18,0.024
712,Cubone,0.00306,27,0.021,20,0.027
713,Pidove,0.00305,4,0.003,2,0.003
714,Charmeleon,0.00303,21,0.016,18,0.024
715,Houndour,0.00292,5,0.004,5,0.007
716,Seedot,0.00290,19,0.015,17,0.023
717,Gothita,0.00286,11,0.008,4,0.005
718,Wurmple,0.00283,10,0.008,9,0.012
719,Corphish,0.00282,22,0.017,7,0.009
720,Quilladin,0.00280,9,0.007,6,0.008
721,Surskit,0.00275,5,0.004,5,0.007
722,Carnivine,0.00271,15,0.012,8,0.011
723,Swablu,0.00271,4,0.003,3,0.004
724,Abra,0.00266,13,0.010,11,0.015
725,Turtwig,0.00263,9,0.007,6,0.008
726,Smoochum,0.00259,10,0.008,4,0.005
727,Poochyena,0.00250,5,0.004,4,0.005
728,Pidgeotto,0.00250,13,0.010,9,0.012
729,Vulpix-Alola,0.00250,31,0.024,23,0.031
730,Elekid,0.00249,11,0.008,7,0.009
731,Qwilfish,0.00248,75,0.058,51,0.068
732,Gourgeist,0.00247,7,0.005,4,0.005
733,Silvally-Flying,0.00247,6,0.005,4,0.005
734,Dragonair,0.00244,14,0.011,10,0.013
735,Cutiefly,0.00243,3,0.002,1,0.001
736,Cherubi,0.00242,3,0.002,3,0.004
737,Roselia,0.00240,5,0.004,2,0.003
738,Snorunt,0.00235,7,0.005,6,0.008
739,Grovyle,0.00232,14,0.011,11,0.015
740,Spoink,0.00231,7,0.005,3,0.004
741,Shroomish,0.00231,11,0.008,10,0.013
742,Whiscash,0.00231,36,0.028,12,0.016
743,Minun,0.00227,7,0.005,3,0.004
744,Gible,0.00222,26,0.020,12,0.016
745,Frogadier,0.00219,13,0.010,11,0.015
746,Slowpoke,0.00219,6,0.005,2,0.003
747,Machop,0.00210,6,0.005,3,0.004
748,Swinub,0.00209,3,0.002,0,0.000
749,Vullaby,0.00206,8,0.006,3,0.004
750,Snover,0.00206,4,0.003,3,0.004
751,Flabebe,0.00206,5,0.004,5,0.007
752,Ducklett,0.00204,13,0.010,4,0.005
753,Chimchar,0.00200,18,0.014,14,0.019
754,Purugly,0.00197,27,0.021,18,0.024
755,Golett,0.00197,5,0.004,3,0.004
756,Darumaka,0.00192,5,0.004,3,0.004
757,Nidorina,0.00191,5,0.004,2,0.003
758,Carvanha,0.00184,4,0.003,2,0.003
759,Silvally-Ground,0.00184,7,0.005,5,0.007
760,Bronzor,0.00181,4,0.003,3,0.004
761,Tepig,0.00180,9,0.007,3,0.004
762,Ponyta,0.00178,5,0.004,3,0.004
763,Zigzagoon,0.00178,15,0.012,5,0.007
764,Weepinbell,0.00177,8,0.006,8,0.011
765,Burmy,0.00174,10,0.008,4,0.005
766,Ivysaur,0.00172,8,0.006,7,0.009
767,Beldum,0.00170,7,0.005,7,0.009
768,Combusken,0.00170,15,0.012,6,0.008
769,Spheal,0.00168,3,0.002,1,0.001
770,Dewpider,0.00166,5,0.004,5,0.007
771,Poliwag,0.00166,8,0.006,3,0.004
772,Tynamo,0.00165,3,0.002,3,0.004
773,Exeggcute,0.00165,3,0.002,3,0.004
774,Gabite,0.00164,18,0.014,13,0.017
775,Phantump,0.00162,17,0.013,11,0.015
776,Grubbin,0.00155,4,0.003,4,0.005
777,Watchog,0.00154,7,0.005,4,0.005
778,Kirlia,0.00151,8,0.006,5,0.007
779,Cranidos,0.00149,3,0.002,3,0.004
780,Snubbull,0.00147,4,0.003,2,0.003
781,Petilil,0.00147,12,0.009,2,0.003
782,Cottonee,0.00147,10,0.008,3,0.004
783,Fletchinder,0.00147,16,0.012,12,0.016
784,Silcoon,0.00145,5,0.004,3,0.004
785,Gloom,0.00144,3,0.002,3,0.004
786,Yungoos,0.00144,2,0.002,1,0.001
787,Seadra,0.00144,3,0.002,2,0.003
788,Bergmite,0.00144,13,0.010,7,0.009
789,Shuppet,0.00144,2,0.002,2,0.003
790,Vulpix,0.00142,25,0.019,20,0.027
791,Nidorino,0.00141,7,0.005,5,0.007
792,Murkrow,0.00140,5,0.004,4,0.005
793,Makuhita,0.00135,2,0.002,2,0.003
794,Bagon,0.00135,6,0.005,6,0.008
795,Bunnelby,0.00134,12,0.009,5,0.007
796,Pupitar,0.00134,4,0.003,4,0.005
797,Silvally-Poison,0.00133,12,0.009,4,0.005
798,Growlithe,0.00131,8,0.006,4,0.005
799,Tirtouga,0.00130,9,0.007,6,0.008
800,Dewott,0.00130,4,0.003,3,0.004
801,NidoranM,0.00128,8,0.006,6,0.008
802,Meowth,0.00127,11,0.008,10,0.013
803,Honedge,0.00125,5,0.004,4,0.005
804,Staryu,0.00124,11,0.008,6,0.008
805,Furfrou,0.00123,19,0.015,10,0.013
806,Sandygast,0.00123,4,0.003,1,0.001
807,Fletchling,0.00122,3,0.002,2,0.003
808,Timburr,0.00120,2,0.002,2,0.003
809,Silvally-Bug,0.00118,4,0.003,2,0.003
810,Bonsly,0.00117,5,0.004,4,0.005
811,Shelmet,0.00117,2,0.002,0,0.000
812,Trapinch,0.00117,15,0.012,10,0.013
813,Gulpin,0.00113,2,0.002,2,0.003
814,Cacnea,0.00112,9,0.007,9,0.012
815,Vanillish,0.00110,5,0.004,4,0.005
816,Noibat,0.00109,4,0.003,2,0.003
817,Sandshrew,0.00106,5,0.004,4,0.005
818,Misdreavus,0.00101,4,0.003,3,0.004
819,Mantyke,0.00101,4,0.003,2,0.003
820,Silvally-Grass,0.00100,3,0.002,1,0.001
821,Scatterbug,0.00099,2,0.002,2,0.003
822,Illumise,0.00098,2,0.002,2,0.003
823,Shellder,0.00098,2,0.002,2,0.003
824,Mareanie,0.00098,7,0.005,5,0.007
825,Solosis,0.00096,9,0.007,8,0.011
826,Cubchoo,0.00095,3,0.002,1,0.001
827,Herdier,0.00095,21,0.016,10,0.013
828,Venipede,0.00093,6,0.005,5,0.007
829,Basculin,0.00092,6,0.005,5,0.007
830,Mime Jr.,0.00092,8,0.006,5,0.007
831,Bellsprout,0.00091,2,0.002,2,0.003
832,Munna,0.00089,9,0.007,7,0.009
833,Bounsweet,0.00086,3,0.002,3,0.004
834,Shelgon,0.00085,2,0.002,2,0.003
835,Shinx,0.00085,2,0.002,2,0.003
836,Larvitar,0.00084,2,0.002,1,0.001
837,Buizel,0.00083,19,0.015,10,0.013
838,Numel,0.00081,1,0.001,1,0.001
839,Anorith,0.00080,5,0.004,4,0.005
840,Espurr,0.00079,2,0.002,2,0.003
841,Staravia,0.00074,4,0.003,1,0.001
842,Grotle,0.00073,4,0.003,4,0.005
843,Deerling,0.00072,4,0.003,2,0.003
844,Skiddo,0.00065,7,0.005,5,0.007
845,Loudred,0.00064,3,0.002,2,0.003
846,Lombre,0.00064,2,0.002,1,0.001
847,Helioptile,0.00064,1,0.001,1,0.001
848,Eelektrik,0.00064,2,0.002,2,0.003
849,Pumpkaboo-Small,0.00063,1,0.001,0,0.000
850,Marshtomp,0.00062,3,0.002,3,0.004
851,Wormadam,0.00061,2,0.002,1,0.001
852,Pignite,0.00060,5,0.004,5,0.007
853,Steenee,0.00059,2,0.002,2,0.003
854,Rhyhorn,0.00058,5,0.004,3,0.004
855,Boldore,0.00058,4,0.003,2,0.003
856,Chespin,0.00056,7,0.005,5,0.007
857,Natu,0.00051,3,0.002,1,0.001
858,Finneon,0.00051,2,0.002,2,0.003
859,Trumbeak,0.00051,5,0.004,4,0.005
860,Tyrunt,0.00051,4,0.003,3,0.004
861,Skrelp,0.00051,1,0.001,1,0.001
862,Koffing,0.00051,1,0.001,1,0.001
863,Mienfoo,0.00048,1,0.001,1,0.001
864,Graveler,0.00047,2,0.002,2,0.003
865,Palpitoad,0.00047,1,0.001,1,0.001
866,Gourgeist-Large,0.00046,2,0.002,2,0.003
867,Axew,0.00046,7,0.005,6,0.008
868,Floette,0.00046,15,0.012,7,0.009
869,Lairon,0.00045,3,0.002,2,0.003
870,Lotad,0.00044,2,0.002,1,0.001
871,Minccino,0.00040,4,0.003,3,0.004
872,Mudbray,0.00032,6,0.005,3,0.004
873,Jangmo-o,0.00029,6,0.005,5,0.007
874,Electrike,0.00028,2,0.002,0,0.000
875,Joltik,0.00028,1,0.001,1,0.001
876,Seel,0.00027,1,0.001,1,0.001
877,Scraggy,0.00027,1,0.001,1,0.001
878,Kricketot,0.00025,1,0.001,1,0.001
879,Prinplup,0.00018,3,0.002,2,0.003
880,Luxio,0.00014,4,0.003,2,0.003
881,Meowth-Alola,0.00013,2,0.002,2,0.003
882,Deino,0.00010,9,0.007,7,0.009
883,Goldeen,0.00008,6,0.005,5,0.007
884,Pansage,0.00007,2,0.002,2,0.003
885,Frillish,0.00005,6,0.005,5,0.007
886,Spritzee,0.00004,4,0.003,4,0.005
887,Bayleef,0.00004,54,0.042,24,0.032
888,Chingling,0.00001,3,0.002,0,0.000
889,Archen,0.00001,1,0.001,1,0.001
890,Skorupi,0.00001,7,0.005,6,0.008
891,Ekans,0.00000,1,0.001,1,0.001
892,NidoranF,0.00000,4,0.003,3,0.004
893,Amaura,0.00000,8,0.006,2,0.003
894,Servine,0.00000,2,0.002,1,0.001
895,Remoraid,0.00000,8,0.006,8,0.011
896,Pancham,0.00000,9,0.007,5,0.007
897,Pansear,0.00000,1,0.001,1,0.001
898,Barboach,0.00000,1,0.001,1,0.001
899,Cascoon,0.00000,3,0.002,2,0.003
900,Slugma,0.00000,1,0.001,1,0.001
901,Purrloin,0.00000,1,0.001,1,0.001
902,Dwebble,0.00000,1,0.001,1,0.001
903,Larvesta,0.00000,4,0.003,4,0.005
904,Dratini,0.00000,1,0.001,1,0.001
905,Doduo,0.00000,2,0.002,2,0.003
