 Total battles: 110027
 Avg. weight/team: 0.099
Rank,Pokemon,Usage percentage,Raw,Raw percentage,Real,Real percentage
1,Kricketot,0.85805,1854,0.778,66,0.180
2,Smeargle,0.85382,1832,0.769,285,0.777
3,Blastoise,0.85206,1828,0.767,505,1.377
4,Salamence,0.84787,1788,0.751,671,1.830
5,Magcargo,0.84752,1829,0.768,288,0.785
6,Marshadow,0.84236,1775,0.745,861,2.348
7,Electivire,0.84054,1886,0.792,525,1.431
8,Flygon,0.83827,1872,0.786,544,1.483
9,Reshiram,0.83584,1836,0.771,796,2.170
10,Swadloon,0.83567,1839,0.772,106,0.289
11,Exploud,0.83486,1796,0.754,440,1.200
12,Claydol,0.83411,1861,0.781,260,0.709
13,Aromatisse,0.83392,1821,0.765,253,0.690
14,Horsea,0.83205,1838,0.772,152,0.414
15,Archeops,0.83104,1853,0.778,418,1.140
16,Walrein,0.82999,1911,0.802,407,1.110
17,Rhyperior,0.82912,1792,0.752,517,1.410
18,Lunatone,0.82800,1842,0.773,219,0.597
19,Audino,0.82730,1752,0.736,170,0.464
20,Haxorus,0.82696,1778,0.747,616,1.680
21,Gumshoos,0.82641,1798,0.755,259,0.706
22,Jellicent,0.82543,1830,0.768,396,1.080
23,Cresselia,0.82474,1850,0.777,357,0.973
24,Larvitar,0.82344,1829,0.768,157,0.428
25,Trubbish,0.82298,1794,0.753,85,0.232
26,Gastrodon,0.82184,1780,0.747,413,1.126
27,Reuniclus,0.82170,1852,0.778,283,0.772
28,Turtonator,0.82026,1819,0.764,514,1.401
29,Togedemaru,0.81762,1865,0.783,282,0.769
30,Fletchinder,0.81660,1829,0.768,194,0.529
31,Tyrogue,0.81538,1803,0.757,109,0.297
32,Swirlix,0.81488,1787,0.750,114,0.311
33,Slugma,0.81453,1856,0.779,137,0.374
34,Tornadus,0.81338,1783,0.749,518,1.412
35,Clawitzer,0.81307,1793,0.753,505,1.377
36,Cubone,0.81204,1800,0.756,174,0.474
37,Hypno,0.81198,1777,0.746,230,0.627
38,Rhydon,0.81145,1826,0.767,396,1.080
39,Groudon,0.81141,1889,0.793,794,2.165
40,Garbodor,0.81112,1817,0.763,265,0.723
41,Eelektrik,0.80920,1815,0.762,272,0.742
42,Toxapex,0.80903,1836,0.771,464,1.265
43,Kingdra,0.80894,1807,0.759,462,1.260
44,Tapu Bulu,0.80816,1803,0.757,572,1.560
45,Drifblim,0.80815,1872,0.786,212,0.578
46,Vanillite,0.80738,1785,0.749,114,0.311
47,Slakoth,0.80694,1834,0.770,91,0.248
48,Octillery,0.80680,1774,0.745,385,1.050
49,Chinchou,0.80574,1785,0.749,181,0.494
50,Zorua,0.80539,1868,0.784,146,0.398
51,Silvally,0.80538,1905,0.800,534,1.456
52,Litten,0.80495,1786,0.750,187,0.510
53,Porygon,0.80453,1809,0.760,246,0.671
54,Pumpkaboo,0.80429,1846,0.775,185,0.504
55,Meowstic,0.80398,1864,0.783,219,0.597
56,Surskit,0.80391,1840,0.773,88,0.240
57,Krookodile,0.80362,1787,0.750,467,1.273
58,Kartana,0.80361,1788,0.751,639,1.742
59,Mantine,0.80338,1825,0.766,312,0.851
60,Magmortar,0.80332,1802,0.757,482,1.314
61,Duskull,0.80317,1755,0.737,100,0.273
62,Bunnelby,0.80311,1816,0.762,137,0.374
63,Seedot,0.80307,1840,0.773,85,0.232
64,Barbaracle,0.80302,1793,0.753,387,1.055
65,Kyogre,0.80263,1759,0.739,712,1.941
66,Genesect,0.80198,1857,0.780,719,1.960
67,Pyukumuku,0.80159,1830,0.768,117,0.319
68,Yveltal,0.80148,1769,0.743,664,1.810
69,Banette,0.80078,1882,0.790,294,0.802
70,Simisear,0.80076,1775,0.745,317,0.864
71,Aurorus,0.80074,1821,0.765,461,1.257
72,Buizel,0.80068,1825,0.766,169,0.461
73,Togekiss,0.80004,1895,0.796,381,1.039
74,Exeggcute,0.79982,1786,0.750,102,0.278
75,Flabebe,0.79974,1784,0.749,98,0.267
76,Shelgon,0.79944,1763,0.740,215,0.586
77,Crabrawler,0.79933,1841,0.773,258,0.703
78,Weedle,0.79903,1758,0.738,91,0.248
79,Feraligatr,0.79900,1816,0.762,520,1.418
80,Gothitelle,0.79883,1871,0.786,189,0.515
81,Skuntank,0.79881,1776,0.746,256,0.698
82,Squirtle,0.79802,1803,0.757,149,0.406
83,Suicune,0.79773,1831,0.769,467,1.273
84,Patrat,0.79752,1776,0.746,98,0.267
85,Farfetch'd,0.79716,1771,0.744,163,0.444
86,Giratina,0.79679,1762,0.740,592,1.614
87,Heatmor,0.79644,1785,0.749,310,0.845
88,Mew,0.79641,1787,0.750,481,1.311
89,Tangrowth,0.79635,1807,0.759,281,0.766
90,Shelmet,0.79625,1849,0.776,75,0.204
91,Chimchar,0.79622,1823,0.765,196,0.534
92,Swampert,0.79585,1826,0.767,560,1.527
93,Throh,0.79573,1787,0.750,369,1.006
94,Shaymin,0.79522,1789,0.751,241,0.657
95,Gastly,0.79511,1844,0.774,194,0.529
96,Stunky,0.79506,1797,0.754,119,0.324
97,Servine,0.79478,1805,0.758,163,0.444
98,Scyther,0.79474,1809,0.760,270,0.736
99,Wooper,0.79468,1818,0.763,148,0.404
100,Pyroar,0.79382,1821,0.765,378,1.031
101,Zekrom,0.79199,1747,0.733,747,2.037
102,Ursaring,0.79193,1742,0.731,428,1.167
103,Bounsweet,0.79190,1789,0.751,73,0.199
104,Gothorita,0.79122,1731,0.727,111,0.303
105,Spritzee,0.79113,1778,0.747,81,0.221
106,Kangaskhan,0.79067,1740,0.731,426,1.162
107,Cleffa,0.79022,1818,0.763,83,0.226
108,Shieldon,0.79004,1811,0.760,152,0.414
109,Golisopod,0.78994,1843,0.774,553,1.508
110,Luxray,0.78984,1882,0.790,361,0.984
111,Metagross,0.78908,1818,0.763,575,1.568
112,Jirachi,0.78898,1752,0.736,449,1.224
113,Quilava,0.78826,1795,0.754,202,0.551
114,Lumineon,0.78790,1780,0.747,163,0.444
115,Aegislash,0.78779,1742,0.731,493,1.344
116,Mantyke,0.78735,1838,0.772,138,0.376
117,Alomomola,0.78704,1839,0.772,175,0.477
118,Froakie,0.78612,1836,0.771,169,0.461
119,Crustle,0.78589,1724,0.724,346,0.943
120,Rhyhorn,0.78579,1814,0.762,263,0.717
121,Forretress,0.78578,1762,0.740,214,0.583
122,Burmy,0.78570,1822,0.765,41,0.112
123,Carbink,0.78508,1827,0.767,147,0.401
124,Spoink,0.78492,1819,0.764,74,0.202
125,Ariados,0.78465,1805,0.758,193,0.526
126,Luvdisc,0.78446,1793,0.753,105,0.286
127,Cofagrigus,0.78431,1756,0.737,262,0.714
128,Grovyle,0.78418,1790,0.752,233,0.635
129,Shuppet,0.78406,1759,0.739,104,0.284
130,Haunter,0.78385,1840,0.773,303,0.826
131,Arceus,0.78373,1763,0.740,760,2.072
132,Machoke,0.78370,1828,0.767,369,1.006
133,Bellossom,0.78367,1807,0.759,178,0.485
134,Gliscor,0.78366,1825,0.766,443,1.208
135,Espeon,0.78348,1752,0.736,250,0.682
136,Blissey,0.78321,1907,0.801,259,0.706
137,Gulpin,0.78243,1765,0.741,101,0.275
138,Finneon,0.78238,1801,0.756,88,0.240
139,Slurpuff,0.78237,1822,0.765,200,0.545
140,Gabite,0.78202,1796,0.754,338,0.922
141,Starly,0.78177,1828,0.767,106,0.289
142,Shiinotic,0.78171,1821,0.765,344,0.938
143,Pangoro,0.78169,1803,0.757,561,1.530
144,Zweilous,0.78158,1874,0.787,295,0.804
145,Zebstrika,0.78152,1811,0.760,311,0.848
146,Necrozma,0.78137,1818,0.763,631,1.720
147,Growlithe,0.78114,1837,0.771,222,0.605
148,Fraxure,0.78099,1743,0.732,316,0.862
149,Minior,0.78074,1786,0.750,348,0.949
150,Koffing,0.78039,1910,0.802,168,0.458
151,Bastiodon,0.78022,1845,0.775,310,0.845
152,Jumpluff,0.77981,1854,0.778,178,0.485
153,Spheal,0.77956,1829,0.768,200,0.545
154,Starmie,0.77930,1838,0.772,345,0.941
155,Terrakion,0.77893,1766,0.741,490,1.336
156,Cinccino,0.77859,1800,0.756,271,0.739
157,Kadabra,0.77851,1756,0.737,203,0.554
158,Huntail,0.77780,1798,0.755,293,0.799
159,Goomy,0.77779,1803,0.757,135,0.368
160,Ribombee,0.77778,1797,0.754,271,0.739
161,Bidoof,0.77756,1847,0.775,168,0.458
162,Simisage,0.77724,1776,0.746,226,0.616
163,Crabominable,0.77723,1817,0.763,519,1.415
164,Turtwig,0.77710,1836,0.771,114,0.311
165,Deino,0.77707,1773,0.744,194,0.529
166,Noibat,0.77701,1725,0.724,174,0.474
167,Carracosta,0.77688,1811,0.760,433,1.181
168,Machamp,0.77679,1766,0.741,489,1.333
169,Loudred,0.77671,1795,0.754,239,0.652
170,Swoobat,0.77667,1740,0.731,197,0.537
171,Rockruff,0.77654,1808,0.759,151,0.412
172,Tapu Lele,0.77654,1820,0.764,577,1.573
173,Incineroar,0.77653,1776,0.746,558,1.521
174,Conkeldurr,0.77645,1765,0.741,560,1.527
175,Chespin,0.77645,1823,0.765,149,0.406
176,Minccino,0.77615,1796,0.754,105,0.286
177,Charjabug,0.77601,1809,0.760,221,0.603
178,Lapras,0.77550,1780,0.747,415,1.132
179,Munna,0.77548,1760,0.739,87,0.237
180,Wailmer,0.77539,1863,0.782,165,0.450
181,Pelipper,0.77525,1784,0.749,286,0.780
182,Skitty,0.77462,1754,0.736,102,0.278
183,Cobalion,0.77452,1840,0.773,409,1.115
184,Snubbull,0.77355,1875,0.787,184,0.502
185,Tauros,0.77343,1794,0.753,428,1.167
186,Bewear,0.77342,1795,0.754,499,1.361
187,Zygarde,0.77327,1793,0.753,743,2.026
188,Stoutland,0.77304,1806,0.758,380,1.036
189,Beheeyem,0.77244,1766,0.741,198,0.540
190,Type: Null,0.77236,1759,0.739,384,1.047
191,Pidove,0.77209,1809,0.760,74,0.202
192,Beartic,0.77204,1817,0.763,389,1.061
193,Mudsdale,0.77182,1847,0.775,436,1.189
194,Golbat,0.77175,1768,0.742,170,0.464
195,Mimikyu,0.77171,1770,0.743,491,1.339
196,Skrelp,0.77154,1762,0.740,198,0.540
197,Drampa,0.77146,1848,0.776,572,1.560
198,Cherubi,0.77128,1687,0.708,68,0.185
199,Salazzle,0.77107,1774,0.745,444,1.211
200,Crawdaunt,0.77101,1829,0.768,457,1.246
201,Delibird,0.77040,1871,0.786,191,0.521
202,Hoothoot,0.77010,1793,0.753,74,0.202
203,Golduck,0.77008,1787,0.750,257,0.701
204,Budew,0.76998,1850,0.777,94,0.256
205,Vivillon,0.76976,1773,0.744,238,0.649
206,Trevenant,0.76973,1774,0.745,385,1.050
207,Butterfree,0.76969,1850,0.777,194,0.529
208,Teddiursa,0.76966,1814,0.762,178,0.485
209,Cosmoem,0.76965,1814,0.762,65,0.177
210,Lickilicky,0.76919,1757,0.738,324,0.883
211,Eelektross,0.76897,1801,0.756,562,1.532
212,Latios,0.76893,1734,0.728,478,1.303
213,Virizion,0.76884,1852,0.778,396,1.080
214,Linoone,0.76881,1785,0.749,186,0.507
215,Metapod,0.76858,1849,0.776,80,0.218
216,Thundurus,0.76847,1780,0.747,584,1.592
217,Steelix,0.76804,1778,0.747,381,1.039
218,Spearow,0.76798,1825,0.766,83,0.226
219,Cacturne,0.76796,1726,0.725,285,0.777
220,Karrablast,0.76796,1759,0.739,112,0.305
221,Mienshao,0.76793,1794,0.753,438,1.194
222,Stufful,0.76780,1789,0.751,257,0.701
223,Monferno,0.76774,1735,0.728,325,0.886
224,Ambipom,0.76755,1733,0.728,316,0.862
225,Sentret,0.76746,1867,0.784,109,0.297
226,Kingler,0.76732,1738,0.730,310,0.845
227,Araquanid,0.76718,1786,0.750,409,1.115
228,Samurott,0.76711,1774,0.745,440,1.200
229,Xurkitree,0.76684,1831,0.769,598,1.631
230,Sneasel,0.76669,1781,0.748,217,0.592
231,Chimecho,0.76658,1850,0.777,137,0.374
232,Unown,0.76654,1752,0.736,79,0.215
233,Seismitoad,0.76649,1872,0.786,485,1.322
234,Bruxish,0.76624,1774,0.745,309,0.843
235,Azumarill,0.76603,1860,0.781,327,0.892
236,Tangela,0.76587,1764,0.741,128,0.349
237,Snorlax,0.76582,1798,0.755,557,1.519
238,Umbreon,0.76582,1752,0.736,193,0.526
239,Excadrill,0.76576,1797,0.754,483,1.317
240,Buzzwole,0.76549,1755,0.737,667,1.819
241,Tepig,0.76541,1784,0.749,155,0.423
242,Hariyama,0.76536,1763,0.740,482,1.314
243,Slaking,0.76536,1833,0.770,365,0.995
244,Pheromosa,0.76535,1824,0.766,592,1.614
245,Diggersby,0.76516,1808,0.759,345,0.941
246,Combusken,0.76510,1758,0.738,357,0.973
247,Arbok,0.76509,1747,0.733,276,0.753
248,Mightyena,0.76490,1758,0.738,216,0.589
249,Seaking,0.76483,1827,0.767,231,0.630
250,Camerupt,0.76473,1824,0.766,446,1.216
251,Amaura,0.76469,1770,0.743,226,0.616
252,Gourgeist,0.76460,1780,0.747,291,0.793
253,Popplio,0.76434,1805,0.758,188,0.513
254,Brionne,0.76383,1793,0.753,254,0.693
255,Yamask,0.76382,1846,0.775,116,0.316
256,Maractus,0.76351,1773,0.744,249,0.679
257,Nuzleaf,0.76333,1826,0.767,129,0.352
258,Blitzle,0.76326,1756,0.737,139,0.379
259,Scrafty,0.76325,1800,0.756,474,1.292
260,Numel,0.76299,1845,0.775,168,0.458
261,Heracross,0.76282,1784,0.749,428,1.167
262,Qwilfish,0.76253,1827,0.767,230,0.627
263,Bronzong,0.76244,1801,0.756,275,0.750
264,Nidoking,0.76200,1829,0.768,560,1.527
265,Bisharp,0.76194,1721,0.723,401,1.093
266,Girafarig,0.76187,1758,0.738,191,0.521
267,Wingull,0.76177,1781,0.748,117,0.319
268,Beldum,0.76165,1804,0.757,193,0.526
269,Slowking,0.76150,1736,0.729,319,0.870
270,Hitmontop,0.76145,1759,0.739,315,0.859
271,Shellder,0.76134,1813,0.761,141,0.384
272,Chingling,0.76119,1738,0.730,88,0.240
273,Froslass,0.76115,1805,0.758,277,0.755
274,Honchkrow,0.76087,1791,0.752,331,0.903
275,Machop,0.76086,1708,0.717,204,0.556
276,Gligar,0.76085,1776,0.746,244,0.665
277,Chesnaught,0.76069,1781,0.748,467,1.273
278,Uxie,0.76067,1777,0.746,267,0.728
279,Skarmory,0.76065,1776,0.746,278,0.758
280,Shroomish,0.76052,1779,0.747,88,0.240
281,Bulbasaur,0.76033,1860,0.781,142,0.387
282,Metang,0.76030,1786,0.750,261,0.712
283,Torkoal,0.76030,1802,0.757,337,0.919
284,Hoppip,0.76014,1774,0.745,76,0.207
285,Ampharos,0.76014,1729,0.726,331,0.903
286,Lillipup,0.76014,1753,0.736,89,0.243
287,Poliwhirl,0.76001,1768,0.742,224,0.611
288,Empoleon,0.75985,1817,0.763,476,1.298
289,Komala,0.75978,1838,0.772,335,0.913
290,Clefairy,0.75927,1797,0.754,132,0.360
291,Sunflora,0.75926,1855,0.779,165,0.450
292,Infernape,0.75912,1811,0.760,539,1.470
293,Zapdos,0.75892,1733,0.728,464,1.265
294,Salandit,0.75891,1829,0.768,237,0.646
295,Chandelure,0.75888,1831,0.769,422,1.151
296,Vikavolt,0.75883,1858,0.780,524,1.429
297,Tyrantrum,0.75882,1825,0.766,567,1.546
298,Phione,0.75876,1731,0.727,227,0.619
299,Pidgeotto,0.75821,1865,0.783,116,0.316
300,Torchic,0.75817,1817,0.763,153,0.417
301,Volcarona,0.75808,1794,0.753,471,1.284
302,Venusaur,0.75778,1730,0.726,391,1.066
303,Torracat,0.75775,1817,0.763,300,0.818
304,Victini,0.75754,1791,0.752,569,1.551
305,Totodile,0.75752,1741,0.731,186,0.507
306,Vespiquen,0.75737,1764,0.741,193,0.526
307,Carnivine,0.75713,1850,0.777,224,0.611
308,Spewpa,0.75702,1754,0.736,60,0.164
309,Fearow,0.75702,1781,0.748,206,0.562
310,Elgyem,0.75699,1739,0.730,117,0.319
311,Bibarel,0.75687,1795,0.754,301,0.821
312,Trapinch,0.75676,1842,0.773,178,0.485
313,Whismur,0.75635,1772,0.744,94,0.256
314,Ducklett,0.75620,1697,0.712,106,0.289
315,Lairon,0.75613,1785,0.749,219,0.597
316,Milotic,0.75610,1754,0.736,369,1.006
317,Gengar,0.75588,1746,0.733,449,1.224
318,Cubchoo,0.75574,1870,0.785,167,0.455
319,Electabuzz,0.75570,1794,0.753,318,0.867
320,Wigglytuff,0.75548,1777,0.746,271,0.739
321,Mime Jr.,0.75545,1890,0.794,113,0.308
322,Lanturn,0.75534,1747,0.733,356,0.971
323,Mawile,0.75523,1817,0.763,357,0.973
324,Gardevoir,0.75522,1766,0.741,330,0.900
325,Gloom,0.75513,1772,0.744,167,0.455
326,Morelull,0.75459,1807,0.759,189,0.515
327,Misdreavus,0.75428,1822,0.765,178,0.485
328,Bayleef,0.75428,1783,0.749,112,0.305
329,Fomantis,0.75410,1790,0.752,131,0.357
330,Zigzagoon,0.75393,1793,0.753,92,0.251
331,Lotad,0.75388,1735,0.728,116,0.316
332,Garchomp,0.75385,1732,0.727,599,1.633
333,Combee,0.75378,1792,0.752,56,0.153
334,Lileep,0.75321,1773,0.744,119,0.324
335,Masquerain,0.75317,1807,0.759,223,0.608
336,Torterra,0.75312,1777,0.746,414,1.129
337,Oricorio,0.75296,1835,0.770,228,0.622
338,Archen,0.75287,1778,0.747,200,0.545
339,Primeape,0.75285,1760,0.739,365,0.995
340,Sliggoo,0.75274,1762,0.740,242,0.660
341,Honedge,0.75268,1820,0.764,204,0.556
342,Staryu,0.75268,1718,0.721,148,0.404
343,Arcanine,0.75238,1815,0.762,491,1.339
344,Basculin,0.75221,1791,0.752,204,0.556
345,Swanna,0.75217,1797,0.754,359,0.979
346,Breloom,0.75202,1797,0.754,426,1.162
347,Wurmple,0.75194,1821,0.765,76,0.207
348,Pikachu,0.75174,1819,0.764,223,0.608
349,Musharna,0.75150,1838,0.772,203,0.554
350,Aerodactyl,0.75134,1819,0.764,410,1.118
351,Feebas,0.75118,1813,0.761,85,0.232
352,Lickitung,0.75113,1788,0.751,234,0.638
353,Heliolisk,0.75111,1772,0.744,363,0.990
354,Armaldo,0.75097,1772,0.744,370,1.009
355,Elekid,0.75091,1785,0.749,169,0.461
356,Emolga,0.75089,1835,0.770,245,0.668
357,Ledian,0.75087,1769,0.743,105,0.286
358,Relicanth,0.75079,1772,0.744,259,0.706
359,Raikou,0.75070,1784,0.749,449,1.224
360,Aron,0.75047,1763,0.740,125,0.341
361,Onix,0.75039,1800,0.756,184,0.502
362,Typhlosion,0.75034,1851,0.777,469,1.279
363,Cascoon,0.75028,1787,0.750,60,0.164
364,Cherrim,0.75027,1803,0.757,135,0.368
365,Darmanitan,0.75018,1798,0.755,490,1.336
366,Binacle,0.74993,1795,0.754,157,0.428
367,Anorith,0.74981,1793,0.753,148,0.404
368,Guzzlord,0.74977,1819,0.764,685,1.868
369,Snivy,0.74963,1818,0.763,99,0.270
370,Fennekin,0.74958,1751,0.735,110,0.300
371,Hoopa,0.74953,1768,0.742,434,1.183
372,Goldeen,0.74950,1779,0.747,144,0.393
373,Malamar,0.74940,1771,0.744,294,0.802
374,Passimian,0.74917,1789,0.751,390,1.063
375,Weepinbell,0.74898,1808,0.759,158,0.431
376,Palkia,0.74864,1769,0.743,732,1.996
377,Piloswine,0.74856,1797,0.754,219,0.597
378,Vanillish,0.74842,1778,0.747,160,0.436
379,Dwebble,0.74825,1764,0.741,151,0.412
380,Frillish,0.74804,1754,0.736,213,0.581
381,Dragonite,0.74776,1845,0.775,692,1.887
382,Makuhita,0.74771,1725,0.724,205,0.559
383,Keldeo,0.74771,1792,0.752,432,1.178
384,Bronzor,0.74753,1747,0.733,144,0.393
385,Vigoroth,0.74735,1794,0.753,282,0.769
386,Swablu,0.74725,1745,0.733,86,0.234
387,Tranquill,0.74715,1694,0.711,131,0.357
388,Pawniard,0.74713,1793,0.753,202,0.551
389,Galvantula,0.74710,1770,0.743,371,1.012
390,Sandygast,0.74708,1749,0.734,216,0.589
391,Croconaw,0.74707,1819,0.764,265,0.723
392,Golett,0.74701,1756,0.737,218,0.594
393,Wimpod,0.74700,1812,0.761,82,0.224
394,Xerneas,0.74693,1740,0.731,548,1.494
395,Snorunt,0.74690,1764,0.741,119,0.324
396,NidoranF,0.74674,1726,0.725,101,0.275
397,Vaporeon,0.74666,1801,0.756,313,0.853
398,Scizor,0.74659,1735,0.728,417,1.137
399,Dhelmise,0.74654,1782,0.748,467,1.273
400,Sudowoodo,0.74649,1799,0.755,268,0.731
401,Cosmog,0.74646,1780,0.747,65,0.177
402,Rampardos,0.74643,1725,0.724,413,1.126
403,Gyarados,0.74639,1735,0.728,503,1.371
404,Omanyte,0.74620,1838,0.772,163,0.444
405,Vibrava,0.74581,1860,0.781,231,0.630
406,Ferrothorn,0.74580,1727,0.725,323,0.881
407,Barboach,0.74540,1782,0.748,161,0.439
408,Palpitoad,0.74496,1770,0.743,209,0.570
409,Alakazam,0.74480,1817,0.763,319,0.870
410,Absol,0.74475,1803,0.757,354,0.965
411,Yanmega,0.74462,1731,0.727,261,0.712
412,Solgaleo,0.74458,1799,0.755,756,2.061
413,Larvesta,0.74447,1744,0.732,181,0.494
414,Dratini,0.74439,1822,0.765,205,0.559
415,Clefable,0.74401,1823,0.765,364,0.992
416,Voltorb,0.74373,1800,0.756,103,0.281
417,Lunala,0.74368,1736,0.729,744,2.029
418,Tyrunt,0.74359,1743,0.732,293,0.799
419,Corsola,0.74344,1780,0.747,186,0.507
420,Druddigon,0.74343,1761,0.739,480,1.309
421,Electrode,0.74330,1782,0.748,195,0.532
422,Celesteela,0.74327,1735,0.728,698,1.903
423,Petilil,0.74324,1752,0.736,62,0.169
424,Prinplup,0.74318,1791,0.752,178,0.485
425,Weezing,0.74311,1869,0.785,282,0.769
426,Braixen,0.74278,1771,0.744,239,0.652
427,Florges,0.74265,1716,0.720,254,0.693
428,Houndoom,0.74261,1768,0.742,372,1.014
429,Trumbeak,0.74250,1738,0.730,225,0.613
430,Furret,0.74250,1815,0.762,218,0.594
431,Lurantis,0.74243,1740,0.731,323,0.881
432,Articuno,0.74204,1776,0.746,398,1.085
433,Swalot,0.74176,1848,0.776,248,0.676
434,Dewott,0.74153,1722,0.723,229,0.624
435,Glaceon,0.74137,1727,0.725,224,0.611
436,Spinarak,0.74136,1857,0.780,97,0.264
437,Purrloin,0.74086,1751,0.735,108,0.294
438,Victreebel,0.74085,1753,0.736,273,0.744
439,Porygon2,0.74070,1789,0.751,348,0.949
440,Avalugg,0.74058,1825,0.766,329,0.897
441,Spiritomb,0.74057,1766,0.741,297,0.810
442,Hitmonchan,0.74054,1744,0.732,393,1.072
443,Jolteon,0.74033,1815,0.762,269,0.733
444,Parasect,0.74012,1817,0.763,212,0.578
445,Corphish,0.74003,1784,0.749,204,0.556
446,Litwick,0.73991,1846,0.775,150,0.409
447,Volcanion,0.73934,1745,0.733,715,1.950
448,Lampent,0.73929,1759,0.739,237,0.646
449,Natu,0.73913,1814,0.762,80,0.218
450,Drapion,0.73896,1814,0.762,452,1.232
451,Mudbray,0.73879,1741,0.731,270,0.736
452,Crobat,0.73866,1800,0.756,350,0.954
453,Fletchling,0.73864,1767,0.742,108,0.294
454,Latias,0.73851,1779,0.747,409,1.115
455,Chansey,0.73849,1737,0.729,187,0.510
456,Sunkern,0.73829,1763,0.740,81,0.221
457,Boldore,0.73812,1802,0.757,193,0.526
458,Taillow,0.73801,1866,0.783,108,0.294
459,Poliwrath,0.73800,1763,0.740,384,1.047
460,Klinklang,0.73796,1760,0.739,255,0.695
461,Kricketune,0.73778,1775,0.745,142,0.387
462,Meloetta,0.73773,1723,0.723,364,0.992
463,Woobat,0.73766,1731,0.727,84,0.229
464,Tapu Fini,0.73732,1778,0.747,500,1.363
465,Skorupi,0.73725,1698,0.713,108,0.294
466,Poochyena,0.73720,1783,0.749,88,0.240
467,Leafeon,0.73719,1784,0.749,233,0.635
468,Pidgey,0.73708,1792,0.752,95,0.259
469,Shedinja,0.73692,1886,0.792,561,1.530
470,Mismagius,0.73687,1810,0.760,332,0.905
471,Miltank,0.73639,1721,0.723,321,0.875
472,Slowpoke,0.73636,1854,0.778,139,0.379
473,Vanilluxe,0.73630,1752,0.736,273,0.744
474,Nidorino,0.73626,1798,0.755,155,0.423
475,Stunfisk,0.73578,1760,0.739,266,0.725
476,Mankey,0.73576,1833,0.770,214,0.583
477,Dartrix,0.73565,1823,0.765,204,0.556
478,Talonflame,0.73515,1805,0.758,394,1.074
479,Seadra,0.73505,1723,0.723,242,0.660
480,Eevee,0.73502,1734,0.728,94,0.256
481,Rufflet,0.73499,1760,0.739,154,0.420
482,Tentacool,0.73485,1806,0.758,139,0.379
483,Joltik,0.73482,1730,0.726,119,0.324
484,Mamoswine,0.73477,1763,0.740,435,1.186
485,Pidgeot,0.73436,1780,0.747,230,0.627
486,Clauncher,0.73433,1769,0.743,176,0.480
487,Treecko,0.73398,1746,0.733,135,0.368
488,Happiny,0.73377,1733,0.728,74,0.202
489,Unfezant,0.73371,1763,0.740,255,0.695
490,Darumaka,0.73370,1736,0.729,204,0.556
491,Meganium,0.73360,1785,0.749,275,0.750
492,Psyduck,0.73342,1708,0.717,122,0.333
493,Nihilego,0.73328,1749,0.734,425,1.159
494,Purugly,0.73315,1773,0.744,232,0.633
495,Pinsir,0.73310,1766,0.741,303,0.826
496,Inkay,0.73296,1723,0.723,97,0.264
497,Drowzee,0.73281,1739,0.730,125,0.341
498,Murkrow,0.73264,1737,0.729,168,0.458
499,Bagon,0.73259,1780,0.747,151,0.412
500,Tyranitar,0.73237,1791,0.752,588,1.603
501,Cryogonal,0.73218,1726,0.725,260,0.709
502,Panpour,0.73210,1776,0.746,129,0.352
503,Klefki,0.73200,1729,0.726,181,0.494
504,Celebi,0.73196,1836,0.771,299,0.815
505,Gogoat,0.73195,1732,0.727,331,0.903
506,Granbull,0.73189,1764,0.741,390,1.063
507,Dodrio,0.73157,1793,0.753,291,0.793
508,Steenee,0.73148,1778,0.747,94,0.256
509,Phanpy,0.73134,1797,0.754,130,0.354
510,Aggron,0.73122,1788,0.751,502,1.369
511,Solosis,0.73098,1818,0.763,104,0.284
512,Electrike,0.73097,1819,0.764,137,0.374
513,Sigilyph,0.73095,1776,0.746,315,0.859
514,Riolu,0.73092,1863,0.782,244,0.665
515,Doublade,0.73090,1744,0.732,337,0.919
516,Darkrai,0.73071,1785,0.749,541,1.475
517,Carvanha,0.73049,1773,0.744,201,0.548
518,Palossand,0.73045,1792,0.752,401,1.093
519,Pikipek,0.72989,1815,0.762,166,0.453
520,Mareep,0.72987,1705,0.716,123,0.335
521,Drilbur,0.72985,1796,0.754,179,0.488
522,Oshawott,0.72984,1737,0.729,147,0.401
523,Doduo,0.72978,1777,0.746,133,0.363
524,Wailord,0.72969,1757,0.738,346,0.943
525,Tynamo,0.72962,1795,0.754,116,0.316
526,Krabby,0.72947,1815,0.762,183,0.499
527,Hippowdon,0.72918,1766,0.741,368,1.003
528,Clamperl,0.72902,1823,0.765,149,0.406
529,Escavalier,0.72867,1797,0.754,392,1.069
530,Skiploom,0.72854,1776,0.746,109,0.297
531,Poliwag,0.72833,1804,0.757,103,0.281
532,Drifloon,0.72816,1741,0.731,109,0.297
533,Accelgor,0.72814,1825,0.766,280,0.763
534,Abra,0.72784,1795,0.754,112,0.305
535,Swinub,0.72780,1790,0.752,151,0.412
536,Sableye,0.72770,1804,0.757,262,0.714
537,Quilladin,0.72757,1788,0.751,218,0.594
538,Buneary,0.72735,1832,0.769,99,0.270
539,Plusle,0.72733,1751,0.735,136,0.371
540,Spinda,0.72704,1811,0.760,170,0.464
541,Ho-Oh,0.72682,1788,0.751,610,1.663
542,Probopass,0.72681,1786,0.750,285,0.777
543,Togetic,0.72680,1795,0.754,188,0.513
544,Shinx,0.72663,1851,0.777,125,0.341
545,Beedrill,0.72652,1744,0.732,186,0.507
546,Zangoose,0.72639,1715,0.720,314,0.856
547,Tympole,0.72632,1741,0.731,101,0.275
548,Nosepass,0.72623,1767,0.742,117,0.319
549,Amoonguss,0.72618,1772,0.744,201,0.548
550,Sawsbuck,0.72595,1735,0.728,282,0.769
551,Caterpie,0.72593,1776,0.746,67,0.183
552,NidoranM,0.72563,1783,0.749,136,0.371
553,Houndour,0.72555,1831,0.769,176,0.480
554,Sandile,0.72549,1710,0.718,141,0.384
555,Floatzel,0.72548,1759,0.739,280,0.763
556,Ivysaur,0.72532,1754,0.736,161,0.439
557,Marill,0.72528,1741,0.731,150,0.409
558,Jangmo-o,0.72521,1799,0.755,210,0.573
559,Noctowl,0.72499,1831,0.769,191,0.521
560,Comfey,0.72470,1748,0.734,189,0.515
561,Liepard,0.72462,1722,0.723,216,0.589
562,Yungoos,0.72453,1751,0.735,143,0.390
563,Tapu Koko,0.72451,1742,0.731,501,1.366
564,Illumise,0.72432,1788,0.751,129,0.352
565,Hydreigon,0.72413,1765,0.741,623,1.699
566,Scolipede,0.72412,1843,0.774,387,1.055
567,Dewgong,0.72397,1742,0.731,280,0.763
568,Klang,0.72354,1749,0.734,177,0.483
569,Medicham,0.72330,1760,0.739,361,0.984
570,Snover,0.72304,1762,0.740,205,0.559
571,Chikorita,0.72298,1691,0.710,84,0.229
572,Cottonee,0.72292,1733,0.728,90,0.245
573,Dustox,0.72267,1795,0.754,131,0.357
574,Gallade,0.72264,1756,0.737,435,1.186
575,Frogadier,0.72246,1783,0.749,303,0.826
576,Scraggy,0.72245,1733,0.728,223,0.608
577,Flaaffy,0.72205,1833,0.770,167,0.455
578,Herdier,0.72195,1781,0.748,152,0.414
579,Kakuna,0.72193,1791,0.752,73,0.199
580,Ludicolo,0.72158,1716,0.720,356,0.971
581,Lilligant,0.72141,1779,0.747,197,0.537
582,Tirtouga,0.72135,1703,0.715,220,0.600
583,Marshtomp,0.72122,1762,0.740,276,0.753
584,Kabuto,0.72112,1739,0.730,119,0.324
585,Litleo,0.72111,1802,0.757,150,0.409
586,Rowlet,0.72107,1755,0.737,136,0.371
587,Gurdurr,0.72100,1697,0.712,339,0.924
588,Wishiwashi,0.72097,1700,0.714,502,1.369
589,Cyndaquil,0.72070,1745,0.733,176,0.480
590,Glameow,0.72031,1748,0.734,102,0.278
591,Kommo-o,0.72024,1745,0.733,585,1.595
592,Oranguru,0.72017,1726,0.725,297,0.810
593,Golurk,0.72016,1813,0.761,510,1.391
594,Cranidos,0.71995,1804,0.757,268,0.731
595,Weavile,0.71992,1685,0.707,340,0.927
596,Rayquaza,0.71972,1730,0.726,761,2.075
597,Sceptile,0.71969,1798,0.755,405,1.104
598,Flareon,0.71941,1804,0.757,316,0.862
599,Dewpider,0.71925,1758,0.738,212,0.578
600,Mareanie,0.71865,1776,0.746,207,0.564
601,Kecleon,0.71863,1708,0.717,269,0.733
602,Goodra,0.71852,1850,0.777,618,1.685
603,Vileplume,0.71836,1748,0.734,218,0.594
604,Stantler,0.71836,1710,0.718,207,0.564
605,Glalie,0.71835,1786,0.750,320,0.873
606,Mr. Mime,0.71791,1747,0.733,215,0.586
607,Cloyster,0.71790,1764,0.741,361,0.984
608,Zoroark,0.71773,1827,0.767,465,1.268
609,Whiscash,0.71770,1752,0.736,321,0.875
610,Luxio,0.71768,1741,0.731,184,0.502
611,Braviary,0.71764,1802,0.757,451,1.230
612,Tentacruel,0.71762,1718,0.721,327,0.892
613,Hitmonlee,0.71754,1786,0.750,426,1.162
614,Abomasnow,0.71742,1787,0.750,425,1.159
615,Entei,0.71679,1753,0.736,443,1.208
616,Serperior,0.71669,1759,0.739,278,0.758
617,Grubbin,0.71668,1733,0.728,115,0.314
618,Kabutops,0.71664,1773,0.744,320,0.873
619,Ralts,0.71593,1825,0.766,94,0.256
620,Venipede,0.71585,1781,0.748,87,0.237
621,Sewaddle,0.71556,1810,0.760,63,0.172
622,Omastar,0.71534,1724,0.724,243,0.663
623,Venonat,0.71531,1759,0.739,80,0.218
624,Quagsire,0.71527,1731,0.727,322,0.878
625,Dusclops,0.71520,1779,0.747,271,0.739
626,Hawlucha,0.71520,1807,0.759,461,1.257
627,Lombre,0.71498,1746,0.733,218,0.594
628,Cacnea,0.71480,1736,0.729,140,0.382
629,Magearna,0.71473,1753,0.736,588,1.603
630,Dragalge,0.71468,1760,0.739,541,1.475
631,Mienfoo,0.71461,1763,0.740,222,0.605
632,Smoochum,0.71432,1779,0.747,108,0.294
633,Piplup,0.71426,1712,0.719,108,0.294
634,Ponyta,0.71405,1758,0.738,191,0.521
635,Mudkip,0.71389,1724,0.724,157,0.428
636,Roselia,0.71379,1828,0.767,183,0.499
637,Beautifly,0.71349,1791,0.752,185,0.504
638,Castform,0.71313,1771,0.744,144,0.393
639,Lucario,0.71309,1762,0.740,552,1.505
640,Cutiefly,0.71294,1816,0.762,137,0.374
641,Yanma,0.71269,1758,0.738,123,0.335
642,Grotle,0.71262,1735,0.728,157,0.428
643,Kirlia,0.71257,1691,0.710,135,0.368
644,Durant,0.71248,1738,0.730,263,0.717
645,Magneton,0.71208,1772,0.744,314,0.856
646,Dialga,0.71198,1712,0.719,675,1.840
647,Bergmite,0.71192,1833,0.770,140,0.382
648,Toucannon,0.71167,1825,0.766,434,1.183
649,Duosion,0.71166,1759,0.739,148,0.404
650,Mandibuzz,0.71137,1763,0.740,230,0.627
651,Pupitar,0.71125,1790,0.752,181,0.494
652,Ekans,0.71107,1753,0.736,118,0.322
653,Hippopotas,0.71106,1798,0.755,177,0.483
654,Primarina,0.71105,1731,0.727,583,1.590
655,Charmeleon,0.71099,1761,0.739,253,0.690
656,Magnezone,0.71076,1763,0.740,370,1.009
657,Roggenrola,0.71044,1695,0.712,114,0.311
658,Aipom,0.71029,1766,0.741,132,0.360
659,Pachirisu,0.71019,1787,0.750,139,0.379
660,Swellow,0.70954,1818,0.763,259,0.706
661,Skiddo,0.70952,1708,0.717,125,0.341
662,Krokorok,0.70938,1784,0.749,258,0.703
663,Ferroseed,0.70929,1760,0.739,190,0.518
664,Foongus,0.70926,1759,0.739,91,0.248
665,Helioptile,0.70905,1762,0.740,134,0.365
666,Delcatty,0.70838,1744,0.732,153,0.417
667,Timburr,0.70836,1810,0.760,232,0.633
668,Politoed,0.70829,1782,0.748,309,0.843
669,Sawk,0.70795,1728,0.726,429,1.170
670,Nidorina,0.70760,1767,0.742,137,0.374
671,Tropius,0.70755,1700,0.714,243,0.663
672,Magmar,0.70694,1681,0.706,310,0.845
673,Slowbro,0.70649,1747,0.733,323,0.881
674,Xatu,0.70626,1710,0.718,212,0.578
675,Dunsparce,0.70606,1737,0.729,179,0.488
676,Mewtwo,0.70586,1772,0.744,658,1.794
677,Oddish,0.70575,1757,0.738,110,0.300
678,Heatran,0.70571,1723,0.723,535,1.459
679,Leavanny,0.70530,1774,0.745,230,0.627
680,Togepi,0.70517,1768,0.742,132,0.360
681,Axew,0.70485,1807,0.759,204,0.556
682,Bellsprout,0.70485,1790,0.752,112,0.305
683,Decidueye,0.70457,1712,0.719,465,1.268
684,Silcoon,0.70407,1740,0.731,59,0.161
685,Charmander,0.70331,1813,0.761,189,0.515
686,Remoraid,0.70326,1661,0.697,196,0.534
687,Minun,0.70307,1788,0.751,130,0.354
688,Magikarp,0.70292,1740,0.731,193,0.526
689,Dusknoir,0.70243,1776,0.746,367,1.001
690,Ditto,0.70198,1724,0.724,494,1.347
691,Croagunk,0.70192,1750,0.735,224,0.611
692,Manaphy,0.70187,1685,0.707,295,0.804
693,Jigglypuff,0.70162,1775,0.745,134,0.365
694,Deerling,0.70154,1798,0.755,88,0.240
695,Klink,0.70091,1806,0.758,108,0.294
696,Regigigas,0.70073,1754,0.736,412,1.123
697,Azelf,0.70070,1736,0.729,402,1.096
698,Donphan,0.70063,1778,0.747,310,0.845
699,Pansage,0.70049,1753,0.736,103,0.281
700,Pignite,0.70045,1717,0.721,307,0.837
701,Espurr,0.69981,1714,0.720,78,0.213
702,Regirock,0.69979,1697,0.712,396,1.080
703,Vullaby,0.69956,1735,0.728,94,0.256
704,Simipour,0.69950,1728,0.726,291,0.793
705,Mesprit,0.69878,1693,0.711,293,0.799
706,Gible,0.69873,1762,0.740,199,0.543
707,Pansear,0.69854,1749,0.734,127,0.346
708,Ledyba,0.69774,1732,0.727,76,0.207
709,Furfrou,0.69754,1774,0.745,238,0.649
710,Shiftry,0.69732,1701,0.714,282,0.769
711,Zubat,0.69724,1794,0.753,99,0.270
712,Regice,0.69723,1782,0.748,372,1.014
713,Lugia,0.69661,1712,0.719,607,1.655
714,Sealeo,0.69642,1758,0.738,242,0.660
715,Magnemite,0.69618,1759,0.739,161,0.439
716,Manectric,0.69559,1717,0.721,336,0.916
717,Whirlipede,0.69546,1797,0.754,153,0.417
718,Gothita,0.69532,1748,0.734,77,0.210
719,Deoxys,0.69529,1739,0.730,500,1.363
720,Azurill,0.69484,1737,0.729,86,0.234
721,Roserade,0.69452,1829,0.768,278,0.758
722,Solrock,0.69386,1785,0.749,211,0.575
723,Seviper,0.69328,1727,0.725,235,0.641
724,Jynx,0.69300,1789,0.751,217,0.592
725,Rapidash,0.69285,1812,0.761,361,0.984
726,Wynaut,0.69281,1761,0.739,146,0.398
727,Diancie,0.69266,1732,0.727,334,0.911
728,Baltoy,0.69209,1723,0.723,109,0.297
729,Grumpig,0.69202,1700,0.714,181,0.494
730,Igglybuff,0.69201,1690,0.710,74,0.202
731,Venomoth,0.69187,1769,0.743,203,0.554
732,Nincada,0.69187,1747,0.733,73,0.199
733,Lopunny,0.69114,1781,0.748,271,0.739
734,Staraptor,0.69102,1740,0.731,369,1.006
735,Cradily,0.69092,1716,0.720,262,0.714
736,Gorebyss,0.69062,1778,0.747,268,0.731
737,Pancham,0.69034,1752,0.736,204,0.556
738,Nidoqueen,0.68990,1760,0.739,450,1.227
739,Scatterbug,0.68913,1720,0.722,55,0.150
740,Noivern,0.68883,1769,0.743,448,1.222
741,Staravia,0.68862,1733,0.728,161,0.439
742,Pichu,0.68787,1750,0.735,98,0.267
743,Dedenne,0.68730,1736,0.729,204,0.556
744,Delphox,0.68722,1706,0.716,403,1.099
745,Ninjask,0.68599,1738,0.730,173,0.472
746,Munchlax,0.68568,1746,0.733,197,0.537
747,Blaziken,0.68493,1691,0.710,612,1.669
748,Wobbuffet,0.68492,1749,0.734,300,0.818
749,Gigalith,0.68470,1678,0.705,354,0.965
750,Bonsly,0.68448,1683,0.707,101,0.275
751,Tsareena,0.68374,1697,0.712,294,0.802
752,Landorus,0.68359,1698,0.713,543,1.481
753,Hakamo-o,0.68348,1780,0.747,374,1.020
754,Paras,0.68319,1749,0.734,102,0.278
755,Pineco,0.68296,1795,0.754,88,0.240
756,Sylveon,0.68268,1727,0.725,340,0.927
757,Whimsicott,0.68262,1781,0.748,242,0.660
758,Shellos,0.68146,1790,0.752,151,0.412
759,Registeel,0.68127,1749,0.734,420,1.145
760,Moltres,0.68115,1729,0.726,421,1.148
761,Magby,0.68093,1757,0.738,137,0.374
762,Seel,0.68088,1716,0.720,113,0.308
763,Emboar,0.68084,1774,0.745,536,1.461
764,Watchog,0.67748,1772,0.744,199,0.543
765,Meditite,0.67711,1740,0.731,170,0.464
766,Toxicroak,0.67654,1759,0.739,448,1.222
767,Charizard,0.67472,1705,0.716,469,1.279
768,Volbeat,0.67435,1771,0.744,132,0.360
769,Shuckle,0.67402,1812,0.761,189,0.515
770,Wartortle,0.67208,1698,0.713,217,0.592
771,Bouffalant,0.66966,1726,0.725,414,1.129
772,Mothim,0.66941,1683,0.707,185,0.504
773,Porygon-Z,0.66763,1776,0.746,457,1.246
774,Dragonair,0.66621,1720,0.722,323,0.881
775,Altaria,0.65648,1688,0.709,334,0.911
776,Sharpedo,0.65351,1720,0.722,397,1.082
777,Chatot,0.65107,1792,0.752,205,0.559
778,Phantump,0.64271,1777,0.746,171,0.466
779,Greninja,0.52067,1267,0.532,414,1.129
780,Raticate,0.43182,926,0.389,103,0.281
781,Meowth,0.41928,949,0.398,54,0.147
782,Muk-Alola,0.40886,927,0.389,279,0.761
783,Rattata-Alola,0.40870,920,0.386,66,0.180
784,Muk,0.40800,940,0.395,199,0.543
785,Ninetales-Alola,0.40706,868,0.364,191,0.521
786,Golem,0.39985,918,0.385,191,0.521
787,Raichu-Alola,0.39938,899,0.377,239,0.652
788,Floette,0.39571,859,0.361,78,0.213
789,Persian-Alola,0.38826,870,0.365,127,0.346
790,Sandshrew,0.38240,911,0.382,73,0.199
791,Grimer,0.38107,904,0.380,79,0.215
792,Vulpix,0.38093,907,0.381,68,0.185
793,Dugtrio-Alola,0.37991,866,0.364,216,0.589
794,Golem-Alola,0.37958,840,0.353,233,0.635
795,Floette-Eternal,0.37872,843,0.354,164,0.447
796,Diglett,0.37831,918,0.385,68,0.185
797,Lycanroc-Midnight,0.37756,912,0.383,152,0.414
798,Geodude,0.37548,861,0.361,85,0.232
799,Sandslash-Alola,0.37454,885,0.372,228,0.622
800,Dugtrio,0.37421,915,0.384,123,0.335
801,Marowak-Alola,0.37252,903,0.379,261,0.712
802,Raichu,0.37208,908,0.381,165,0.450
803,Geodude-Alola,0.36851,890,0.374,106,0.289
804,Grimer-Alola,0.36751,907,0.381,100,0.273
805,Graveler,0.36603,855,0.359,142,0.387
806,Diglett-Alola,0.36567,918,0.385,105,0.286
807,Exeggutor,0.36422,905,0.380,154,0.420
808,Sandshrew-Alola,0.36245,847,0.356,105,0.286
809,Lycanroc,0.36007,935,0.393,144,0.393
810,Meowth-Alola,0.35848,890,0.374,58,0.158
811,Sandslash,0.35778,903,0.379,139,0.379
812,Vulpix-Alola,0.35426,882,0.370,100,0.273
813,Exeggutor-Alola,0.35381,892,0.375,272,0.742
814,Graveler-Alola,0.35268,877,0.368,198,0.540
815,Rattata,0.34968,902,0.379,61,0.166
816,Marowak,0.33602,845,0.355,152,0.414
817,Raticate-Alola,0.33455,855,0.359,108,0.294
818,Ninetales,0.33269,849,0.356,155,0.423
819,Persian,0.32639,857,0.360,116,0.316
820,Greninja-Ash,0.27893,607,0.255,189,0.515
821,Kyurem-Black,0.25667,594,0.249,240,0.654
822,Wormadam-Trash,0.25287,589,0.247,49,0.134
823,Kyurem,0.24958,576,0.242,216,0.589
824,Kyurem-White,0.24224,573,0.241,259,0.706
825,Wormadam-Sandy,0.21345,599,0.251,48,0.131
826,Wormadam,0.21151,581,0.244,56,0.153
827,Rotom-Frost,0.14197,315,0.132,45,0.123
828,Rotom,0.12550,314,0.132,52,0.142
829,Rotom-Fan,0.12112,279,0.117,63,0.172
830,Rotom-Heat,0.11825,274,0.115,53,0.145
831,Rotom-Mow,0.11779,271,0.114,58,0.158
832,Rotom-Wash,0.11447,284,0.119,62,0.169
833,Rayquaza-Mega,0.04532,86,0.036,55,0.150
834,Houndoom-Mega,0.00745,10,0.004,2,0.005
835,Heracross-Mega,0.00722,6,0.003,1,0.003
836,Sharpedo-Mega,0.00617,4,0.002,1,0.003
837,Swampert-Mega,0.00583,7,0.003,2,0.005
838,Gardevoir-Mega,0.00531,4,0.002,1,0.003
839,Absol-Mega,0.00519,5,0.002,1,0.003
840,Venusaur-Mega,0.00388,5,0.002,1,0.003
841,Pinsir-Mega,0.00381,12,0.005,4,0.011
842,Mawile-Mega,0.00365,5,0.002,2,0.005
843,Audino-Mega,0.00362,5,0.002,0,0.000
844,Sableye-Mega,0.00356,5,0.002,2,0.005
845,Gyarados-Mega,0.00356,5,0.002,3,0.008
846,Groudon-Primal,0.00348,3,0.001,2,0.005
847,Slowbro-Mega,0.00325,4,0.002,1,0.003
848,Kangaskhan-Mega,0.00311,5,0.002,1,0.003
849,Diancie-Mega,0.00263,5,0.002,0,0.000
850,Sceptile-Mega,0.00255,8,0.003,4,0.011
851,Charizard-Mega-X,0.00245,6,0.003,2,0.005
852,Salamence-Mega,0.00229,3,0.001,2,0.005
853,Garchomp-Mega,0.00217,7,0.003,2,0.005
854,Aerodactyl-Mega,0.00208,5,0.002,2,0.005
855,Abomasnow-Mega,0.00181,7,0.003,1,0.003
856,Lucario-Mega,0.00173,4,0.002,2,0.005
857,Scizor-Mega,0.00168,9,0.004,1,0.003
858,Manectric-Mega,0.00164,10,0.004,3,0.008
859,Charizard-Mega-Y,0.00161,9,0.004,6,0.016
860,Pidgeot-Mega,0.00158,3,0.001,3,0.008
861,Altaria-Mega,0.00146,4,0.002,1,0.003
862,Gengar-Mega,0.00142,4,0.002,2,0.005
863,Lopunny-Mega,0.00128,3,0.001,1,0.003
864,Camerupt-Mega,0.00111,2,0.001,1,0.003
865,Aggron-Mega,0.00109,9,0.004,4,0.011
866,Beedrill-Mega,0.00106,1,0.000,0,0.000
867,Metagross-Mega,0.00106,10,0.004,3,0.008
868,Mewtwo-Mega-Y,0.00082,8,0.003,6,0.016
869,Gallade-Mega,0.00078,5,0.002,2,0.005
870,Latias-Mega,0.00072,4,0.002,1,0.003
871,Alakazam-Mega,0.00071,2,0.001,0,0.000
872,Glalie-Mega,0.00065,6,0.003,3,0.008
873,Latios-Mega,0.00050,5,0.002,4,0.011
874,Ampharos-Mega,0.00050,4,0.002,2,0.005
875,Blaziken-Mega,0.00050,6,0.003,3,0.008
876,Steelix-Mega,0.00038,3,0.001,1,0.003
877,Mewtwo-Mega-X,0.00031,6,0.003,3,0.008
878,Medicham-Mega,0.00030,3,0.001,1,0.003
879,Banette-Mega,0.00030,2,0.001,1,0.003
880,Kyogre-Primal,0.00021,2,0.001,1,0.003
881,Tyranitar-Mega,0.00015,4,0.002,1,0.003
882,Blastoise-Mega,0.00009,3,0.001,2,0.005
