 Total battles: 32154
 Avg. weight/team: 1.0
Rank,Pokemon,Usage percentage,Raw,Raw percentage,Real,Real percentage
1,Pheromosa,29.77546,19148,29.775,14609,30.743
2,Kartana,29.74125,19126,29.741,14078,29.626
3,Celesteela,18.38185,11821,18.382,9454,19.895
4,Tapu Koko,14.69491,9450,14.695,7379,15.528
5,Heatran,14.31859,9208,14.319,6819,14.350
6,Chansey,14.23618,9155,14.236,6888,14.495
7,Hoopa-Unbound,12.86776,8275,12.868,5763,12.128
8,Garchomp,12.34994,7942,12.350,5828,12.264
9,Xurkitree,12.01872,7729,12.019,5741,12.081
10,Pinsir-Mega,11.61131,7467,11.611,5058,10.644
11,Suicune,11.19923,7202,11.199,5488,11.549
12,Tapu Fini,10.41550,6698,10.416,5238,11.023
13,Landorus-Therian,9.50115,6110,9.501,4546,9.567
14,Buzzwole,9.48871,6102,9.489,4695,9.880
15,Archeops,9.23835,5941,9.238,4400,9.259
16,Snorlax,8.94445,5752,8.944,4393,9.245
17,Gyarados-Mega,8.33644,5361,8.336,3847,8.096
18,Alakazam,8.31467,5347,8.315,3500,7.365
19,Magearna,8.26025,5312,8.260,4096,8.620
20,Alakazam-Mega,8.04410,5173,8.044,3445,7.250
21,Cresselia,7.86216,5056,7.862,3822,8.043
22,Muk-Alola,7.57604,4872,7.576,3856,8.115
23,Terrakion,7.45475,4794,7.455,3478,7.319
24,Metagross-Mega,7.42365,4774,7.424,3382,7.117
25,Gengar,6.29160,4046,6.292,2846,5.989
26,Doublade,6.15320,3957,6.153,3111,6.547
27,Swampert,6.09411,3919,6.094,3191,6.715
28,Weavile,6.04279,3886,6.043,2953,6.214
29,Keldeo,5.62138,3615,5.621,2608,5.488
30,Tyranitar,5.02426,3231,5.024,2298,4.836
31,Ferrothorn,4.82833,3105,4.828,2504,5.269
32,Marowak-Alola,4.59352,2954,4.594,2242,4.718
33,Thundurus-Therian,4.59196,2953,4.592,2218,4.668
34,Blissey,4.56864,2938,4.569,2094,4.407
35,Zapdos,4.45357,2864,4.454,2209,4.649
36,Salazzle,4.39603,2827,4.396,2058,4.331
37,Jolteon,4.19854,2700,4.199,2143,4.510
38,Registeel,3.88288,2497,3.883,2014,4.238
39,Bewear,3.66828,2359,3.668,1681,3.538
40,Latios,3.65429,2350,3.654,1584,3.333
41,Glalie-Mega,3.51434,2260,3.514,1554,3.270
42,Raikou,3.44747,2217,3.447,1723,3.626
43,Guzzlord,3.43814,2211,3.438,1658,3.489
44,Toxapex,3.43659,2210,3.437,1668,3.510
45,Shuckle,3.34795,2153,3.348,1700,3.577
46,Golisopod,3.20955,2064,3.210,1614,3.397
47,Kyurem,3.10226,1995,3.102,1439,3.028
48,Nihilego,3.02451,1945,3.025,1401,2.948
49,Venusaur-Mega,2.91255,1873,2.913,1460,3.072
50,Ninjask,2.89855,1864,2.899,1640,3.451
51,Aerodactyl,2.87523,1849,2.875,1533,3.226
52,Sceptile,2.82391,1816,2.824,1238,2.605
53,Thundurus,2.82235,1815,2.822,1348,2.837
54,Garchomp-Mega,2.80836,1806,2.808,1267,2.666
55,Magnezone,2.74771,1767,2.748,1391,2.927
56,Tapu Lele,2.72750,1754,2.727,1201,2.527
57,Chandelure,2.63886,1697,2.639,1308,2.753
58,Porygon-Z,2.61398,1681,2.614,1222,2.572
59,Charizard-Mega-Y,2.59066,1666,2.591,1239,2.607
60,Skarmory,2.51446,1617,2.514,1319,2.776
61,Tapu Bulu,2.48958,1601,2.490,1141,2.401
62,Kommo-o,2.44293,1571,2.443,1131,2.380
63,Hydreigon,2.43360,1565,2.434,1172,2.466
64,Type: Null,2.42894,1562,2.429,1258,2.647
65,Charizard-Mega-X,2.42427,1559,2.424,1151,2.422
66,Greninja,2.39473,1540,2.395,1119,2.355
67,Scizor-Mega,2.25011,1447,2.250,1050,2.210
68,Scizor,2.21434,1424,2.214,1143,2.405
69,Darmanitan,1.99509,1283,1.995,1013,2.132
70,Umbreon,1.97021,1267,1.970,962,2.024
71,Mandibuzz,1.92511,1238,1.925,989,2.081
72,Infernape,1.84736,1188,1.847,925,1.947
73,Tornadus-Therian,1.78671,1149,1.787,895,1.883
74,Gyarados,1.77583,1142,1.776,851,1.791
75,Mamoswine,1.76650,1136,1.766,861,1.812
76,Primarina,1.74317,1121,1.743,857,1.803
77,Cosmoem,1.67320,1076,1.673,861,1.812
78,Meloetta,1.64832,1060,1.648,804,1.692
79,Excadrill,1.60322,1031,1.603,764,1.608
80,Gallade,1.58923,1022,1.589,747,1.572
81,Mew,1.56279,1005,1.563,713,1.500
82,Goodra,1.53947,990,1.539,768,1.616
83,Escavalier,1.53791,989,1.538,816,1.717
84,Regirock,1.51614,975,1.516,749,1.576
85,Zygarde,1.48971,958,1.490,779,1.639
86,Volcarona,1.46327,941,1.463,703,1.479
87,Krookodile,1.43684,924,1.437,695,1.463
88,Sableye-Mega,1.41973,913,1.420,821,1.728
89,Dusclops,1.41818,912,1.418,683,1.437
90,Victini,1.40262,902,1.403,655,1.378
91,Metagross,1.39329,896,1.393,670,1.410
92,Azelf,1.38241,889,1.382,611,1.286
93,Rampardos,1.30621,840,1.306,613,1.290
94,Roserade,1.30466,839,1.305,620,1.305
95,Aerodactyl-Mega,1.28444,826,1.284,632,1.330
96,Volcanion,1.27511,820,1.275,576,1.212
97,Celebi,1.25179,805,1.252,562,1.183
98,Hippowdon,1.24712,802,1.247,593,1.248
99,Jirachi,1.24557,801,1.246,586,1.233
100,Rhyperior,1.24090,798,1.241,629,1.324
101,Staraptor,1.22535,788,1.225,549,1.155
102,Diancie,1.20514,775,1.205,587,1.235
103,Ursaring,1.19114,766,1.191,529,1.113
104,Conkeldurr,1.18803,764,1.188,586,1.233
105,Rotom-Wash,1.18181,760,1.182,566,1.191
106,Palossand,1.15693,744,1.157,567,1.193
107,Eevee,1.14760,738,1.148,561,1.181
108,Marowak,1.14449,736,1.144,601,1.265
109,Lucario,1.13672,731,1.137,558,1.174
110,Vikavolt,1.12428,723,1.124,541,1.138
111,Virizion,1.10873,713,1.109,520,1.094
112,Florges,1.10717,712,1.107,528,1.111
113,Manaphy,1.09162,702,1.092,530,1.115
114,Moltres,1.07452,691,1.075,560,1.178
115,Electivire,1.04964,675,1.050,511,1.075
116,Entei,1.01698,654,1.017,514,1.082
117,Electrode,0.98588,634,0.986,552,1.162
118,Hoopa,0.97655,628,0.977,442,0.930
119,Accelgor,0.94078,605,0.941,505,1.063
120,Bisharp,0.92057,592,0.921,462,0.972
121,Cofagrigus,0.92057,592,0.921,466,0.981
122,Latias,0.91124,586,0.911,414,0.871
123,Kingler,0.90502,582,0.905,438,0.922
124,Steelix,0.89413,575,0.894,460,0.968
125,Cobalion,0.89102,573,0.891,425,0.894
126,Mantine,0.87236,561,0.872,464,0.976
127,Dragonite,0.87081,560,0.871,410,0.863
128,Venusaur,0.86459,556,0.865,377,0.793
129,Tornadus,0.86148,554,0.861,449,0.945
130,Porygon2,0.84748,545,0.847,400,0.842
131,Shaymin,0.83660,538,0.837,373,0.785
132,Haxorus,0.82727,532,0.827,375,0.789
133,Greninja-Ash,0.81949,527,0.819,394,0.829
134,Crobat,0.81016,521,0.810,408,0.859
135,Regice,0.76662,493,0.767,361,0.760
136,Dusknoir,0.74485,479,0.745,356,0.749
137,Hawlucha,0.74330,478,0.743,330,0.694
138,Pikachu,0.74019,476,0.740,336,0.707
139,Rotom-Frost,0.73397,472,0.734,342,0.720
140,Salamence,0.69820,449,0.698,347,0.730
141,Dodrio,0.67488,434,0.675,317,0.667
142,Lycanroc,0.63911,411,0.639,303,0.638
143,Rotom-Heat,0.63600,409,0.636,333,0.701
144,Milotic,0.63445,408,0.634,296,0.623
145,Braviary,0.62512,402,0.625,294,0.619
146,Necrozma,0.62045,399,0.620,289,0.608
147,Decidueye,0.61734,397,0.617,308,0.648
148,Empoleon,0.59713,384,0.597,297,0.625
149,Incineroar,0.57691,371,0.577,297,0.625
150,Togekiss,0.57380,369,0.574,268,0.564
151,Durant,0.57069,367,0.571,273,0.575
152,Tentacruel,0.55048,354,0.550,269,0.566
153,Salamence-Mega,0.54581,351,0.546,262,0.551
154,Starmie,0.54115,348,0.541,239,0.503
155,Gardevoir,0.53493,344,0.535,256,0.539
156,Mimikyu,0.53493,344,0.535,261,0.549
157,Drampa,0.53182,342,0.532,257,0.541
158,Drapion,0.52871,340,0.529,266,0.560
159,Charizard,0.52715,339,0.527,243,0.511
160,Scrafty,0.52404,337,0.524,232,0.488
161,Spiritomb,0.51938,334,0.519,263,0.553
162,Uxie,0.51627,332,0.516,265,0.558
163,Articuno,0.50694,326,0.507,214,0.450
164,Slowbro-Mega,0.49294,317,0.493,238,0.501
165,Sharpedo,0.49139,316,0.491,230,0.484
166,Arcanine,0.48828,314,0.488,234,0.492
167,Minior,0.48517,312,0.485,254,0.535
168,Kingdra,0.48206,310,0.482,227,0.478
169,Pyroar,0.47428,305,0.474,215,0.452
170,Delphox,0.47428,305,0.474,220,0.463
171,Rotom-Mow,0.46650,300,0.467,240,0.505
172,Mudsdale,0.46495,299,0.465,236,0.497
173,Blastoise-Mega,0.46028,296,0.460,215,0.452
174,Tangrowth,0.45873,295,0.459,232,0.488
175,Silvally,0.45717,294,0.457,220,0.463
176,Espeon,0.44940,289,0.449,189,0.398
177,Noivern,0.44318,285,0.443,213,0.448
178,Turtonator,0.43696,281,0.437,232,0.488
179,Slowbro,0.43540,280,0.435,214,0.450
180,Drifblim,0.43540,280,0.435,200,0.421
181,Lapras,0.42607,274,0.426,207,0.436
182,Froslass,0.42607,274,0.426,221,0.465
183,Alomomola,0.42607,274,0.426,204,0.429
184,Kabutops,0.41830,269,0.418,188,0.396
185,Jellicent,0.41674,268,0.417,211,0.444
186,Exeggutor-Alola,0.41674,268,0.417,210,0.442
187,Raichu-Alola,0.41208,265,0.412,195,0.410
188,Pyukumuku,0.41208,265,0.412,204,0.429
189,Tauros,0.40741,262,0.407,172,0.362
190,Vaporeon,0.40430,260,0.404,188,0.396
191,Machamp,0.40275,259,0.403,193,0.406
192,Gliscor,0.40119,258,0.401,212,0.446
193,Talonflame,0.39964,257,0.400,192,0.404
194,Rhydon,0.39808,256,0.398,195,0.410
195,Heracross,0.39186,252,0.392,206,0.434
196,Glaceon,0.37942,244,0.379,167,0.351
197,Aggron,0.37320,240,0.373,179,0.377
198,Forretress,0.36698,236,0.367,200,0.421
199,Heliolisk,0.36076,232,0.361,153,0.322
200,Ambipom,0.36076,232,0.361,168,0.354
201,Gastrodon,0.35765,230,0.358,184,0.387
202,Bouffalant,0.34832,224,0.348,143,0.301
203,Chesnaught,0.34366,221,0.344,167,0.351
204,Blastoise,0.33122,213,0.331,155,0.326
205,Pangoro,0.32344,208,0.323,153,0.322
206,Zoroark,0.31878,205,0.319,138,0.290
207,Dhelmise,0.31878,205,0.319,154,0.324
208,Floatzel,0.31256,201,0.313,153,0.322
209,Sylveon,0.30167,194,0.302,149,0.314
210,Camerupt,0.29390,189,0.294,147,0.309
211,Luxray,0.27524,177,0.275,141,0.297
212,Bronzong,0.26902,173,0.269,131,0.276
213,Breloom,0.26746,172,0.267,133,0.280
214,Dugtrio-Alola,0.26746,172,0.267,116,0.244
215,Mismagius,0.26746,172,0.267,119,0.250
216,Seismitoad,0.25969,167,0.260,123,0.259
217,Typhlosion,0.25347,163,0.253,116,0.244
218,Mienshao,0.25191,162,0.252,121,0.255
219,Houndoom,0.24725,159,0.247,117,0.246
220,Crabominable,0.24258,156,0.243,119,0.250
221,Claydol,0.24103,155,0.241,130,0.274
222,Torterra,0.23947,154,0.239,122,0.257
223,Rapidash,0.23947,154,0.239,118,0.248
224,Gourgeist-Super,0.23792,153,0.238,116,0.244
225,Sawsbuck,0.23792,153,0.238,113,0.238
226,Nidoking,0.23481,151,0.235,114,0.240
227,Flareon,0.23481,151,0.235,113,0.238
228,Cloyster,0.22548,145,0.225,114,0.240
229,Serperior,0.22237,143,0.222,82,0.173
230,Ninetales-Alola,0.22081,142,0.221,104,0.219
231,Absol-Mega,0.21770,140,0.218,111,0.234
232,Bastiodon,0.21459,138,0.215,109,0.229
233,Wobbuffet,0.21148,136,0.211,103,0.217
234,Torkoal,0.21148,136,0.211,115,0.242
235,Scolipede,0.21148,136,0.211,92,0.194
236,Clefable,0.20993,135,0.210,96,0.202
237,Emboar,0.20215,130,0.202,96,0.202
238,Golurk,0.19904,128,0.199,109,0.229
239,Tsareena,0.19438,125,0.194,88,0.185
240,Dugtrio,0.19282,124,0.193,91,0.192
241,Golem-Alola,0.18660,120,0.187,98,0.206
242,Toxicroak,0.18660,120,0.187,72,0.152
243,Poliwrath,0.18505,119,0.185,87,0.183
244,Amoonguss,0.18194,117,0.182,86,0.181
245,Scyther,0.17883,115,0.179,87,0.183
246,Sandslash-Alola,0.16950,109,0.169,85,0.179
247,Leafeon,0.16950,109,0.169,73,0.154
248,Zebstrika,0.16794,108,0.168,89,0.187
249,Exeggutor,0.16172,104,0.162,79,0.166
250,Cradily,0.16172,104,0.162,81,0.170
251,Zygarde-10,0.16017,103,0.160,78,0.164
252,Avalugg,0.15706,101,0.157,68,0.143
253,Swellow,0.15395,99,0.154,82,0.173
254,Arceus,0.15084,97,0.151,62,0.130
255,Galvantula,0.14773,95,0.148,76,0.160
256,Whimsicott,0.14773,95,0.148,76,0.160
257,Dragalge,0.14617,94,0.146,69,0.145
258,Honchkrow,0.14617,94,0.146,67,0.141
259,Deoxys-Attack,0.14617,94,0.146,65,0.137
260,Ribombee,0.14617,94,0.146,55,0.116
261,Eelektross,0.14151,91,0.142,72,0.152
262,Aurorus,0.13995,90,0.140,71,0.149
263,Quagsire,0.13840,89,0.138,68,0.143
264,Flygon,0.13529,87,0.135,67,0.141
265,Walrein,0.13218,85,0.132,61,0.128
266,Lanturn,0.13218,85,0.132,66,0.139
267,Farfetch'd,0.12907,83,0.129,59,0.124
268,Gengar-Mega,0.12440,80,0.124,62,0.130
269,Wishiwashi,0.12440,80,0.124,63,0.133
270,Kangaskhan,0.12285,79,0.123,64,0.135
271,Comfey,0.12129,78,0.121,43,0.090
272,Feraligatr,0.12129,78,0.121,58,0.122
273,Magmortar,0.12129,78,0.121,69,0.145
274,Stunfisk,0.12129,78,0.121,63,0.133
275,Samurott,0.11818,76,0.118,54,0.114
276,Donphan,0.11818,76,0.118,67,0.141
277,Slurpuff,0.11507,74,0.115,39,0.082
278,Beartic,0.11352,73,0.114,45,0.095
279,Passimian,0.11352,73,0.114,60,0.126
280,Cinccino,0.11196,72,0.112,60,0.126
281,Jynx,0.11041,71,0.110,42,0.088
282,Throh,0.11041,71,0.110,53,0.112
283,Dedenne,0.11041,71,0.110,55,0.116
284,Meganium,0.11041,71,0.110,48,0.101
285,Armaldo,0.11041,71,0.110,52,0.109
286,Raichu,0.10885,70,0.109,58,0.122
287,Golem,0.10885,70,0.109,56,0.118
288,Probopass,0.10885,70,0.109,55,0.116
289,Tyrantrum,0.10885,70,0.109,52,0.109
290,Ampharos,0.10730,69,0.107,63,0.133
291,Araquanid,0.10730,69,0.107,49,0.103
292,Tangela,0.10574,68,0.106,51,0.107
293,Clamperl,0.10574,68,0.106,53,0.112
294,Ludicolo,0.10574,68,0.106,51,0.107
295,Yanmega,0.10419,67,0.104,47,0.099
296,Gligar,0.10263,66,0.103,48,0.101
297,Cryogonal,0.10263,66,0.103,43,0.090
298,Rayquaza-Mega,0.10108,65,0.101,48,0.101
299,Carbink,0.09952,64,0.100,50,0.105
300,Jigglypuff,0.09952,64,0.100,51,0.107
301,Hariyama,0.09952,64,0.100,43,0.090
302,Wailord,0.09952,64,0.100,47,0.099
303,Granbull,0.09797,63,0.098,49,0.103
304,Pelipper,0.09797,63,0.098,50,0.105
305,Klinklang,0.09641,62,0.096,54,0.114
306,Abomasnow,0.09486,61,0.095,47,0.099
307,Magneton,0.09330,60,0.093,46,0.097
308,Togetic,0.09175,59,0.092,41,0.086
309,Hitmonlee,0.09175,59,0.092,41,0.086
310,Gigalith,0.09019,58,0.090,49,0.103
311,Sharpedo-Mega,0.09019,58,0.090,42,0.088
312,Mewtwo,0.09019,58,0.090,25,0.053
313,Miltank,0.08864,57,0.089,39,0.082
314,Sigilyph,0.08708,56,0.087,35,0.074
315,Weezing,0.08553,55,0.086,39,0.082
316,Fraxure,0.08553,55,0.086,35,0.074
317,Lilligant,0.08553,55,0.086,39,0.082
318,Togedemaru,0.08397,54,0.084,33,0.069
319,Stoutland,0.08242,53,0.082,43,0.090
320,Lycanroc-Midnight,0.08242,53,0.082,44,0.093
321,Gogoat,0.08242,53,0.082,33,0.069
322,Giratina,0.08242,53,0.082,39,0.082
323,Crawdaunt,0.08086,52,0.081,40,0.084
324,Absol,0.07931,51,0.079,39,0.082
325,Reuniclus,0.07931,51,0.079,34,0.072
326,Persian-Alola,0.07931,51,0.079,33,0.069
327,Swalot,0.07775,50,0.078,35,0.074
328,Slowking,0.07620,49,0.076,34,0.072
329,Rotom-Fan,0.07620,49,0.076,41,0.086
330,Lugia,0.07620,49,0.076,40,0.084
331,Trevenant,0.06998,45,0.070,37,0.078
332,Vileplume,0.06998,45,0.070,32,0.067
333,Groudon-Primal,0.06842,44,0.068,34,0.072
334,Leavanny,0.06687,43,0.067,31,0.065
335,Vespiquen,0.06376,41,0.064,27,0.057
336,Clawitzer,0.06376,41,0.064,31,0.065
337,Lucario-Mega,0.06220,40,0.062,28,0.059
338,Nidoqueen,0.06065,39,0.061,34,0.072
339,Misdreavus,0.05909,38,0.059,35,0.074
340,Malamar,0.05909,38,0.059,28,0.059
341,Raticate-Alola,0.05909,38,0.059,29,0.061
342,Gurdurr,0.05909,38,0.059,28,0.059
343,Sableye,0.05909,38,0.059,27,0.057
344,Swanna,0.05754,37,0.058,30,0.063
345,Omastar,0.05598,36,0.056,28,0.059
346,Druddigon,0.05598,36,0.056,19,0.040
347,Electabuzz,0.05443,35,0.054,25,0.053
348,Komala,0.05443,35,0.054,28,0.059
349,Relicanth,0.05443,35,0.054,32,0.067
350,Victreebel,0.05287,34,0.053,24,0.051
351,Hitmonchan,0.05287,34,0.053,26,0.055
352,Oranguru,0.05287,34,0.053,26,0.055
353,Mesprit,0.05132,33,0.051,24,0.051
354,Ninetales,0.04976,32,0.050,26,0.055
355,Musharna,0.04976,32,0.050,27,0.057
356,Politoed,0.04821,31,0.048,27,0.057
357,Lickilicky,0.04665,30,0.047,25,0.053
358,Lopunny,0.04665,30,0.047,23,0.048
359,Kangaskhan-Mega,0.04665,30,0.047,21,0.044
360,Silvally-Ghost,0.04665,30,0.047,27,0.057
361,Azumarill,0.04510,29,0.045,24,0.051
362,Altaria,0.04510,29,0.045,27,0.057
363,Zekrom,0.04510,29,0.045,19,0.040
364,Phione,0.04510,29,0.045,18,0.038
365,Pidgeot,0.04510,29,0.045,18,0.038
366,Wigglytuff,0.04510,29,0.045,21,0.044
367,Silvally-Fairy,0.04354,28,0.044,18,0.038
368,Dewgong,0.04354,28,0.044,19,0.040
369,Toucannon,0.04199,27,0.042,19,0.040
370,Crustle,0.04199,27,0.042,19,0.040
371,Xatu,0.04043,26,0.040,25,0.053
372,Cacturne,0.04043,26,0.040,22,0.046
373,Gumshoos,0.04043,26,0.040,14,0.029
374,Unfezant,0.03888,25,0.039,20,0.042
375,Meowstic,0.03888,25,0.039,21,0.044
376,Vanilluxe,0.03888,25,0.039,19,0.040
377,Gourgeist,0.03888,25,0.039,15,0.032
378,Klefki,0.03732,24,0.037,17,0.036
379,Corsola,0.03577,23,0.036,15,0.032
380,Seviper,0.03577,23,0.036,15,0.032
381,Zangoose,0.03421,22,0.034,17,0.036
382,Silvally-Bug,0.03421,22,0.034,20,0.042
383,Diggersby,0.03421,22,0.034,14,0.029
384,Ledian,0.03266,21,0.033,20,0.042
385,Kecleon,0.03266,21,0.033,14,0.029
386,Dialga,0.03266,21,0.033,19,0.040
387,Barbaracle,0.03266,21,0.033,17,0.036
388,Salandit,0.03110,20,0.031,18,0.038
389,Carracosta,0.03110,20,0.031,16,0.034
390,Swoobat,0.03110,20,0.031,12,0.025
391,Masquerain,0.03110,20,0.031,9,0.019
392,Braixen,0.03110,20,0.031,12,0.025
393,Gothitelle,0.03110,20,0.031,16,0.034
394,Krabby,0.03110,20,0.031,16,0.034
395,Muk,0.03110,20,0.031,19,0.040
396,Oricorio,0.02955,19,0.030,13,0.027
397,Lurantis,0.02955,19,0.030,15,0.032
398,Aegislash,0.02955,19,0.030,14,0.029
399,Oricorio-Pom-Pom,0.02955,19,0.030,13,0.027
400,Tropius,0.02955,19,0.030,16,0.034
401,Pachirisu,0.02955,19,0.030,14,0.029
402,Skuntank,0.02799,18,0.028,16,0.034
403,Dartrix,0.02799,18,0.028,16,0.034
404,Groudon,0.02799,18,0.028,12,0.025
405,Sneasel,0.02799,18,0.028,11,0.023
406,Glalie,0.02644,17,0.026,12,0.025
407,Shiinotic,0.02644,17,0.026,10,0.021
408,Magcargo,0.02644,17,0.026,15,0.032
409,Venomoth,0.02644,17,0.026,15,0.032
410,Pinsir,0.02644,17,0.026,14,0.029
411,Chatot,0.02644,17,0.026,15,0.032
412,Kyogre,0.02644,17,0.026,9,0.019
413,Heatmor,0.02488,16,0.025,16,0.034
414,Vigoroth,0.02488,16,0.025,8,0.017
415,Sunkern,0.02488,16,0.025,16,0.034
416,Manectric,0.02488,16,0.025,13,0.027
417,Seedot,0.02333,15,0.023,13,0.027
418,Rotom,0.02333,15,0.023,13,0.027
419,Whiscash,0.02333,15,0.023,11,0.023
420,Oricorio-Sensu,0.02333,15,0.023,13,0.027
421,Banette,0.02333,15,0.023,11,0.023
422,Grumpig,0.02333,15,0.023,9,0.019
423,Unown,0.02333,15,0.023,11,0.023
424,Seadra,0.02333,15,0.023,9,0.019
425,Munchlax,0.02333,15,0.023,9,0.019
426,Torracat,0.02177,14,0.022,12,0.025
427,Budew,0.02177,14,0.022,10,0.021
428,Kyurem-White,0.02177,14,0.022,10,0.021
429,Noctowl,0.02177,14,0.022,11,0.023
430,Gastly,0.02177,14,0.022,11,0.023
431,Hypno,0.02177,14,0.022,11,0.023
432,Xerneas,0.02177,14,0.022,5,0.011
433,Kyogre-Primal,0.02177,14,0.022,8,0.017
434,Ho-Oh,0.02177,14,0.022,9,0.019
435,Wormadam-Trash,0.02177,14,0.022,13,0.027
436,Rattata,0.02022,13,0.020,13,0.027
437,Golbat,0.02022,13,0.020,11,0.023
438,Bruxish,0.02022,13,0.020,10,0.021
439,Simisage,0.02022,13,0.020,10,0.021
440,Shiftry,0.02022,13,0.020,11,0.023
441,Diglett-Alola,0.01866,12,0.019,12,0.025
442,Mawile,0.01866,12,0.019,11,0.023
443,Wartortle,0.01866,12,0.019,9,0.019
444,Charjabug,0.01866,12,0.019,9,0.019
445,Sunflora,0.01866,12,0.019,9,0.019
446,Diglett,0.01866,12,0.019,10,0.021
447,Silvally-Fire,0.01866,12,0.019,8,0.017
448,Hakamo-o,0.01711,11,0.017,10,0.021
449,Sandslash,0.01711,11,0.017,9,0.019
450,Ralts,0.01711,11,0.017,11,0.023
451,Jumpluff,0.01711,11,0.017,9,0.019
452,Persian,0.01711,11,0.017,9,0.019
453,Vivillon,0.01711,11,0.017,11,0.023
454,Sliggoo,0.01711,11,0.017,7,0.015
455,Dragonair,0.01711,11,0.017,9,0.019
456,Solgaleo,0.01711,11,0.017,8,0.017
457,Emolga,0.01555,10,0.016,8,0.017
458,Linoone,0.01555,10,0.016,7,0.015
459,Liepard,0.01555,10,0.016,9,0.019
460,Primeape,0.01555,10,0.016,8,0.017
461,Bibarel,0.01555,10,0.016,6,0.013
462,Reshiram,0.01555,10,0.016,6,0.013
463,Buizel,0.01555,10,0.016,5,0.011
464,Weedle,0.01555,10,0.016,8,0.017
465,Bellossom,0.01400,9,0.014,9,0.019
466,Exploud,0.01400,9,0.014,8,0.017
467,Parasect,0.01400,9,0.014,9,0.019
468,Scatterbug,0.01400,9,0.014,9,0.019
469,Kakuna,0.01400,9,0.014,9,0.019
470,Ariados,0.01400,9,0.014,6,0.013
471,Gorebyss,0.01400,9,0.014,6,0.013
472,Shelgon,0.01400,9,0.014,9,0.019
473,Audino,0.01400,9,0.014,7,0.015
474,Charmeleon,0.01400,9,0.014,6,0.013
475,Silvally-Ice,0.01400,9,0.014,5,0.011
476,Mr. Mime,0.01400,9,0.014,9,0.019
477,Frogadier,0.01244,8,0.012,4,0.008
478,Sandshrew-Alola,0.01244,8,0.012,8,0.017
479,Sudowoodo,0.01244,8,0.012,6,0.013
480,Mareanie,0.01244,8,0.012,5,0.011
481,Ditto,0.01244,8,0.012,7,0.015
482,Sawk,0.01244,8,0.012,7,0.015
483,Mightyena,0.01244,8,0.012,6,0.013
484,Magmar,0.01244,8,0.012,8,0.017
485,Aromatisse,0.01244,8,0.012,5,0.011
486,Silvally-Grass,0.01244,8,0.012,6,0.013
487,Metang,0.01089,7,0.011,6,0.013
488,Aron,0.01089,7,0.011,7,0.015
489,Furret,0.01089,7,0.011,5,0.011
490,Murkrow,0.01089,7,0.011,6,0.013
491,Kadabra,0.01089,7,0.011,5,0.011
492,Arbok,0.01089,7,0.011,7,0.015
493,Haunter,0.01089,7,0.011,7,0.015
494,Vulpix-Alola,0.00933,6,0.009,5,0.011
495,Silvally-Water,0.00933,6,0.009,6,0.013
496,Piloswine,0.00933,6,0.009,4,0.008
497,Chikorita,0.00933,6,0.009,5,0.011
498,Solrock,0.00933,6,0.009,6,0.013
499,Shaymin-Sky,0.00933,6,0.009,3,0.006
500,Bayleef,0.00933,6,0.009,6,0.013
501,Sentret,0.00933,6,0.009,6,0.013
502,Surskit,0.00933,6,0.009,5,0.011
503,Onix,0.00933,6,0.009,4,0.008
504,Beedrill,0.00933,6,0.009,3,0.006
505,Roselia,0.00933,6,0.009,6,0.013
506,Squirtle,0.00933,6,0.009,6,0.013
507,Deoxys-Defense,0.00933,6,0.009,6,0.013
508,Buneary,0.00778,5,0.008,4,0.008
509,Raticate,0.00778,5,0.008,2,0.004
510,Wooper,0.00778,5,0.008,5,0.011
511,Silvally-Poison,0.00778,5,0.008,4,0.008
512,Mantyke,0.00778,5,0.008,5,0.011
513,Wormadam,0.00778,5,0.008,5,0.011
514,Abra,0.00778,5,0.008,4,0.008
515,Nosepass,0.00778,5,0.008,2,0.004
516,Lileep,0.00778,5,0.008,4,0.008
517,Oricorio-Pa'u,0.00778,5,0.008,4,0.008
518,Quilava,0.00778,5,0.008,5,0.011
519,Ivysaur,0.00778,5,0.008,5,0.011
520,Huntail,0.00778,5,0.008,4,0.008
521,Gourgeist-Small,0.00778,5,0.008,4,0.008
522,Noibat,0.00778,5,0.008,4,0.008
523,Gible,0.00778,5,0.008,3,0.006
524,Mothim,0.00778,5,0.008,4,0.008
525,Silvally-Dark,0.00778,5,0.008,3,0.006
526,Delibird,0.00778,5,0.008,5,0.011
527,Volbeat,0.00778,5,0.008,4,0.008
528,Swadloon,0.00778,5,0.008,5,0.011
529,Silvally-Dragon,0.00778,5,0.008,1,0.002
530,Tynamo,0.00778,5,0.008,5,0.011
531,Piplup,0.00778,5,0.008,4,0.008
532,Carnivine,0.00778,5,0.008,3,0.006
533,Hitmontop,0.00778,5,0.008,5,0.011
534,Butterfree,0.00622,4,0.006,3,0.006
535,Magnemite,0.00622,4,0.006,3,0.006
536,Psyduck,0.00622,4,0.006,2,0.004
537,Mime Jr.,0.00622,4,0.006,2,0.004
538,Charmander,0.00622,4,0.006,3,0.006
539,Simipour,0.00622,4,0.006,3,0.006
540,Qwilfish,0.00622,4,0.006,4,0.008
541,Graveler-Alola,0.00622,4,0.006,3,0.006
542,Silvally-Steel,0.00622,4,0.006,2,0.004
543,Bulbasaur,0.00622,4,0.006,3,0.006
544,Ferroseed,0.00622,4,0.006,3,0.006
545,Pignite,0.00622,4,0.006,2,0.004
546,Spheal,0.00622,4,0.006,3,0.006
547,Pichu,0.00622,4,0.006,3,0.006
548,Deoxys-Speed,0.00622,4,0.006,3,0.006
549,Silvally-Electric,0.00622,4,0.006,3,0.006
550,Purugly,0.00622,4,0.006,4,0.008
551,Poliwhirl,0.00622,4,0.006,2,0.004
552,Bonsly,0.00622,4,0.006,4,0.008
553,Marshtomp,0.00622,4,0.006,4,0.008
554,Trubbish,0.00622,4,0.006,2,0.004
555,Geodude,0.00622,4,0.006,4,0.008
556,Croagunk,0.00622,4,0.006,4,0.008
557,Golduck,0.00622,4,0.006,4,0.008
558,Chimchar,0.00622,4,0.006,4,0.008
559,Turtwig,0.00622,4,0.006,4,0.008
560,Cacnea,0.00622,4,0.006,2,0.004
561,Feebas,0.00622,4,0.006,4,0.008
562,Vullaby,0.00622,4,0.006,4,0.008
563,Garbodor,0.00622,4,0.006,4,0.008
564,Meowth,0.00622,4,0.006,2,0.004
565,Krokorok,0.00622,4,0.006,3,0.006
566,Bidoof,0.00622,4,0.006,3,0.006
567,Caterpie,0.00622,4,0.006,4,0.008
568,Fletchinder,0.00467,3,0.005,2,0.004
569,Lombre,0.00467,3,0.005,1,0.002
570,Zorua,0.00467,3,0.005,2,0.004
571,Makuhita,0.00467,3,0.005,3,0.006
572,Cherrim,0.00467,3,0.005,2,0.004
573,Shuppet,0.00467,3,0.005,1,0.002
574,Litten,0.00467,3,0.005,2,0.004
575,Octillery,0.00467,3,0.005,2,0.004
576,Numel,0.00467,3,0.005,1,0.002
577,Grotle,0.00467,3,0.005,3,0.006
578,Tepig,0.00467,3,0.005,3,0.006
579,Magikarp,0.00467,3,0.005,3,0.006
580,Pidgeotto,0.00467,3,0.005,3,0.006
581,Girafarig,0.00467,3,0.005,3,0.006
582,Electrike,0.00467,3,0.005,2,0.004
583,Eelektrik,0.00467,3,0.005,3,0.006
584,Dustox,0.00467,3,0.005,2,0.004
585,Servine,0.00467,3,0.005,2,0.004
586,Lumineon,0.00467,3,0.005,2,0.004
587,Pineco,0.00467,3,0.005,3,0.006
588,Hippopotas,0.00467,3,0.005,3,0.006
589,Tyrogue,0.00467,3,0.005,2,0.004
590,Kricketot,0.00467,3,0.005,2,0.004
591,Rattata-Alola,0.00467,3,0.005,3,0.006
592,Teddiursa,0.00467,3,0.005,1,0.002
593,Silvally-Ground,0.00467,3,0.005,2,0.004
594,Maractus,0.00467,3,0.005,3,0.006
595,Brionne,0.00467,3,0.005,3,0.006
596,Zigzagoon,0.00467,3,0.005,3,0.006
597,Dewott,0.00467,3,0.005,2,0.004
598,Gourgeist-Large,0.00467,3,0.005,3,0.006
599,Litleo,0.00467,3,0.005,3,0.006
600,Happiny,0.00467,3,0.005,3,0.006
601,Pidgey,0.00467,3,0.005,3,0.006
602,Simisear,0.00467,3,0.005,2,0.004
603,Riolu,0.00467,3,0.005,3,0.006
604,Silvally-Fighting,0.00467,3,0.005,3,0.006
605,Spinda,0.00467,3,0.005,3,0.006
606,Rowlet,0.00311,2,0.003,2,0.004
607,Azurill,0.00311,2,0.003,1,0.002
608,Pansage,0.00311,2,0.003,2,0.004
609,Popplio,0.00311,2,0.003,2,0.004
610,Deino,0.00311,2,0.003,2,0.004
611,Archen,0.00311,2,0.003,2,0.004
612,Zweilous,0.00311,2,0.003,1,0.002
613,Aipom,0.00311,2,0.003,2,0.004
614,Kirlia,0.00311,2,0.003,2,0.004
615,Cutiefly,0.00311,2,0.003,2,0.004
616,Woobat,0.00311,2,0.003,1,0.002
617,Sandygast,0.00311,2,0.003,2,0.004
618,Mudbray,0.00311,2,0.003,1,0.002
619,Joltik,0.00311,2,0.003,2,0.004
620,Wingull,0.00311,2,0.003,2,0.004
621,Mareep,0.00311,2,0.003,1,0.002
622,Cherubi,0.00311,2,0.003,2,0.004
623,Boldore,0.00311,2,0.003,1,0.002
624,Vulpix,0.00311,2,0.003,2,0.004
625,Bellsprout,0.00311,2,0.003,1,0.002
626,Wailmer,0.00311,2,0.003,1,0.002
627,Chingling,0.00311,2,0.003,1,0.002
628,Magby,0.00311,2,0.003,2,0.004
629,Illumise,0.00311,2,0.003,2,0.004
630,Frillish,0.00311,2,0.003,2,0.004
631,Meowth-Alola,0.00311,2,0.003,2,0.004
632,Flaaffy,0.00311,2,0.003,2,0.004
633,Machoke,0.00311,2,0.003,1,0.002
634,Furfrou,0.00311,2,0.003,2,0.004
635,Stantler,0.00311,2,0.003,2,0.004
636,Trapinch,0.00311,2,0.003,1,0.002
637,Petilil,0.00311,2,0.003,1,0.002
638,Landorus,0.00311,2,0.003,1,0.002
639,Bagon,0.00311,2,0.003,2,0.004
640,Delcatty,0.00311,2,0.003,1,0.002
641,Wurmple,0.00311,2,0.003,1,0.002
642,Tentacool,0.00311,2,0.003,2,0.004
643,Oshawott,0.00311,2,0.003,2,0.004
644,Croconaw,0.00311,2,0.003,2,0.004
645,Grovyle,0.00311,2,0.003,1,0.002
646,Staravia,0.00311,2,0.003,2,0.004
647,Litwick,0.00311,2,0.003,1,0.002
648,Beautifly,0.00311,2,0.003,0,0.000
649,Herdier,0.00311,2,0.003,2,0.004
650,Inkay,0.00311,2,0.003,2,0.004
651,Castform,0.00311,2,0.003,2,0.004
652,Fearow,0.00311,2,0.003,2,0.004
653,Lairon,0.00311,2,0.003,2,0.004
654,Pupitar,0.00311,2,0.003,0,0.000
655,Nuzleaf,0.00311,2,0.003,0,0.000
656,Duosion,0.00156,1,0.002,1,0.002
657,Basculin,0.00156,1,0.002,1,0.002
658,Doduo,0.00156,1,0.002,0,0.000
659,Zubat,0.00156,1,0.002,1,0.002
660,Totodile,0.00156,1,0.002,1,0.002
661,Goldeen,0.00156,1,0.002,0,0.000
662,Elekid,0.00156,1,0.002,1,0.002
663,Togepi,0.00156,1,0.002,1,0.002
664,Clefairy,0.00156,1,0.002,1,0.002
665,Treecko,0.00156,1,0.002,0,0.000
666,Wormadam-Sandy,0.00156,1,0.002,1,0.002
667,Pidove,0.00156,1,0.002,0,0.000
668,Slowpoke,0.00156,1,0.002,0,0.000
669,Minun,0.00156,1,0.002,1,0.002
670,Jangmo-o,0.00156,1,0.002,1,0.002
671,Cascoon,0.00156,1,0.002,1,0.002
672,Duskull,0.00156,1,0.002,1,0.002
673,Luvdisc,0.00156,1,0.002,1,0.002
674,Axew,0.00156,1,0.002,1,0.002
675,Metapod,0.00156,1,0.002,1,0.002
676,Sandshrew,0.00156,1,0.002,1,0.002
677,Geodude-Alola,0.00156,1,0.002,1,0.002
678,Blitzle,0.00156,1,0.002,1,0.002
679,Elgyem,0.00156,1,0.002,1,0.002
680,Seaking,0.00156,1,0.002,0,0.000
681,Beheeyem,0.00156,1,0.002,1,0.002
682,Dunsparce,0.00156,1,0.002,0,0.000
683,Grimer-Alola,0.00156,1,0.002,1,0.002
684,Loudred,0.00156,1,0.002,1,0.002
685,Koffing,0.00156,1,0.002,1,0.002
686,Plusle,0.00156,1,0.002,1,0.002
687,Pumpkaboo-Super,0.00156,1,0.002,1,0.002
688,Voltorb,0.00156,1,0.002,1,0.002
689,Porygon,0.00156,1,0.002,1,0.002
690,Solosis,0.00156,1,0.002,1,0.002
691,Chespin,0.00156,1,0.002,1,0.002
692,Minccino,0.00156,1,0.002,1,0.002
693,Pumpkaboo-Small,0.00156,1,0.002,1,0.002
694,Nincada,0.00156,1,0.002,1,0.002
695,Crabrawler,0.00156,1,0.002,1,0.002
696,Rockruff,0.00156,1,0.002,0,0.000
697,Honedge,0.00156,1,0.002,0,0.000
698,Snover,0.00156,1,0.002,1,0.002
699,Ponyta,0.00156,1,0.002,1,0.002
700,Shinx,0.00156,1,0.002,1,0.002
701,Rayquaza,0.00156,1,0.002,0,0.000
702,Yamask,0.00156,1,0.002,1,0.002
703,Graveler,0.00156,1,0.002,1,0.002
704,Luxio,0.00156,1,0.002,1,0.002
705,Quilladin,0.00156,1,0.002,1,0.002
706,Monferno,0.00156,1,0.002,1,0.002
707,Anorith,0.00156,1,0.002,1,0.002
708,Fennekin,0.00156,1,0.002,1,0.002
709,Houndour,0.00156,1,0.002,1,0.002
710,Lunatone,0.00156,1,0.002,0,0.000
711,Vanillite,0.00156,1,0.002,1,0.002
712,Drilbur,0.00156,1,0.002,0,0.000
713,Kricketune,0.00156,1,0.002,1,0.002
714,Snivy,0.00156,1,0.002,1,0.002
715,Rhyhorn,0.00156,1,0.002,1,0.002
