 Total battles: 4304257
 Avg. weight/team: 0.691
Rank,Pokemon,Usage percentage,Raw,Raw percentage,Real,Real percentage
1,Registeel,1.36844,117817,1.369,87040,1.412
2,Froslass,1.36750,117729,1.368,85049,1.379
3,Mimikyu,1.36343,117355,1.363,86744,1.407
4,Kommo-o,1.36314,117163,1.361,82365,1.336
5,Haxorus,1.36192,117138,1.361,79700,1.293
6,Mismagius,1.36049,116779,1.357,84621,1.373
7,Salazzle,1.36039,117041,1.360,85538,1.387
8,Goodra,1.36010,116912,1.358,83320,1.351
9,Mamoswine,1.35940,116566,1.354,84408,1.369
10,Krookodile,1.35871,116598,1.354,86565,1.404
11,Heatran,1.35717,116712,1.356,89076,1.445
12,Klinklang,1.35690,116701,1.356,85408,1.385
13,Tyrantrum,1.35665,116833,1.357,80302,1.302
14,Kyurem-Black,1.35626,116168,1.349,80463,1.305
15,Weavile,1.35618,115838,1.346,83475,1.354
16,Chandelure,1.35539,116691,1.356,85207,1.382
17,Kyurem,1.35443,116339,1.351,79668,1.292
18,Druddigon,1.35431,116796,1.357,80656,1.308
19,Hippowdon,1.35428,116406,1.352,85888,1.393
20,Torkoal,1.35418,116657,1.355,85909,1.393
21,Dialga,1.35301,116468,1.353,84320,1.368
22,Ninetales-Alola,1.35295,116270,1.351,84406,1.369
23,Scrafty,1.35288,116070,1.348,83972,1.362
24,Incineroar,1.35285,116790,1.357,88528,1.436
25,Drapion,1.35276,116386,1.352,85586,1.388
26,Aurorus,1.35185,116207,1.350,80072,1.299
27,Doublade,1.35134,115868,1.346,87449,1.418
28,Cobalion,1.35104,115929,1.347,84417,1.369
29,Gigalith,1.35096,116151,1.349,84104,1.364
30,Magearna,1.35089,115670,1.344,86513,1.403
31,Dragalge,1.34945,116258,1.351,81195,1.317
32,Cofagrigus,1.34929,116158,1.349,84708,1.374
33,Tapu Koko,1.34893,116100,1.349,86519,1.403
34,Terrakion,1.34887,116002,1.348,80748,1.310
35,Palossand,1.34886,116108,1.349,84752,1.375
36,Magcargo,1.34860,116236,1.350,83845,1.360
37,Crabominable,1.34816,116183,1.350,77986,1.265
38,Nidoking,1.34804,115658,1.344,84595,1.372
39,Toxicroak,1.34795,116021,1.348,83981,1.362
40,Golurk,1.34710,116070,1.348,86136,1.397
41,Bisharp,1.34663,115772,1.345,83939,1.361
42,Golem-Alola,1.34663,116127,1.349,84464,1.370
43,Nihilego,1.34650,115639,1.343,83178,1.349
44,Ribombee,1.34639,115486,1.342,79769,1.294
45,Guzzlord,1.34638,116434,1.353,82194,1.333
46,Dedenne,1.34550,115970,1.347,83680,1.357
47,Zygarde-10,1.34525,115897,1.346,83329,1.352
48,Turtonator,1.34522,116180,1.350,85264,1.383
49,Shedinja,1.34469,115879,1.346,80963,1.313
50,Dusknoir,1.34462,116354,1.352,85687,1.390
51,Carbink,1.34448,115931,1.347,83913,1.361
52,Kyurem-White,1.34430,115643,1.343,79428,1.288
53,Hydreigon,1.34419,115948,1.347,82222,1.334
54,Regice,1.34398,115704,1.344,82909,1.345
55,Aegislash,1.34332,115637,1.343,87201,1.414
56,Volcarona,1.34304,115231,1.339,82540,1.339
57,Stunfisk,1.34267,115647,1.343,84380,1.369
58,Marowak-Alola,1.34258,115540,1.342,86251,1.399
59,Nidoqueen,1.34168,115260,1.339,84730,1.374
60,Mudsdale,1.34134,115375,1.340,84363,1.368
61,Ninetales,1.34087,115534,1.342,83980,1.362
62,Pangoro,1.34007,115226,1.339,81059,1.315
63,Rhyperior,1.33992,115007,1.336,83910,1.361
64,Giratina-Origin,1.33984,115627,1.343,84232,1.366
65,Zekrom,1.33930,115152,1.338,81211,1.317
66,Lycanroc-Midnight,1.33929,115524,1.342,80391,1.304
67,Sandslash-Alola,1.33925,115512,1.342,82731,1.342
68,Reshiram,1.33884,115257,1.339,81755,1.326
69,Togedemaru,1.33877,115145,1.338,85767,1.391
70,Weezing,1.33863,115225,1.339,85112,1.380
71,Regirock,1.33845,115163,1.338,81282,1.318
72,Zygarde,1.33692,115081,1.337,83514,1.355
73,Emboar,1.33654,115203,1.338,82669,1.341
74,Giratina,1.33615,115368,1.340,82576,1.339
75,Golem,1.33577,115137,1.337,85017,1.379
76,Galvantula,1.33552,114971,1.336,84341,1.368
77,Spiritomb,1.33541,115333,1.340,84061,1.363
78,Klefki,1.33524,114781,1.333,84703,1.374
79,Heliolisk,1.33509,114713,1.333,82167,1.333
80,Donphan,1.33446,114935,1.335,85143,1.381
81,Garbodor,1.33374,114910,1.335,81555,1.323
82,Lunala,1.33335,114252,1.327,81122,1.316
83,Magnezone,1.33318,114873,1.334,85816,1.392
84,Pheromosa,1.33240,114129,1.326,81567,1.323
85,Seviper,1.33219,114820,1.334,80112,1.299
86,Skuntank,1.33199,114811,1.334,82130,1.332
87,Arbok,1.33193,114745,1.333,80620,1.308
88,Flygon,1.33186,114351,1.328,82392,1.336
89,Excadrill,1.33108,114287,1.328,82649,1.341
90,Dugtrio,1.33063,114412,1.329,82543,1.339
91,Florges,1.33051,114144,1.326,80561,1.307
92,Cradily,1.33028,114416,1.329,80385,1.304
93,Glaceon,1.33028,114504,1.330,77748,1.261
94,Rampardos,1.33015,114970,1.336,77854,1.263
95,Swalot,1.33013,114377,1.329,81691,1.325
96,Wigglytuff,1.33012,114564,1.331,78782,1.278
97,Buzzwole,1.33003,114292,1.328,81743,1.326
98,Umbreon,1.32997,114362,1.328,80324,1.303
99,Bastiodon,1.32992,114871,1.334,84413,1.369
100,Probopass,1.32989,114468,1.330,83264,1.351
101,Pyroar,1.32984,114581,1.331,82854,1.344
102,Volbeat,1.32967,114811,1.334,78348,1.271
103,Accelgor,1.32948,114393,1.329,79017,1.282
104,Lycanroc,1.32909,114644,1.332,80733,1.309
105,Illumise,1.32907,114498,1.330,77977,1.265
106,Diggersby,1.32904,114275,1.327,80249,1.302
107,Whimsicott,1.32882,113850,1.323,81494,1.322
108,Cryogonal,1.32875,114330,1.328,80676,1.309
109,Marowak,1.32871,114453,1.330,81064,1.315
110,Muk-Alola,1.32870,114392,1.329,85178,1.382
111,Shuckle,1.32854,114568,1.331,86263,1.399
112,Sylveon,1.32845,114076,1.325,78895,1.280
113,Shiftry,1.32805,114453,1.330,79828,1.295
114,Muk,1.32796,114180,1.326,83381,1.352
115,Ferrothorn,1.32795,113904,1.323,88019,1.428
116,Vikavolt,1.32785,114284,1.328,81356,1.320
117,Claydol,1.32770,113983,1.324,82965,1.346
118,Exeggutor-Alola,1.32696,114425,1.329,77796,1.262
119,Kartana,1.32683,113709,1.321,84376,1.369
120,Sandslash,1.32651,114430,1.329,81164,1.316
121,Jynx,1.32593,114096,1.325,76694,1.244
122,Vanilluxe,1.32591,113801,1.322,78806,1.278
123,Dugtrio-Alola,1.32552,114078,1.325,84131,1.365
124,Venomoth,1.32536,113739,1.321,77378,1.255
125,Sudowoodo,1.32514,114507,1.330,80270,1.302
126,Breloom,1.32509,113838,1.322,81009,1.314
127,Bewear,1.32471,114383,1.329,78673,1.276
128,Cacturne,1.32453,113968,1.324,79072,1.283
129,Drampa,1.32440,114320,1.328,76627,1.243
130,Torterra,1.32377,113998,1.324,80403,1.304
131,Rotom,1.32344,113882,1.323,84694,1.374
132,Persian-Alola,1.32321,113831,1.322,80685,1.309
133,Avalugg,1.32270,114052,1.325,79942,1.297
134,Kricketune,1.32198,114341,1.328,77511,1.257
135,Liepard,1.32165,113954,1.324,79169,1.284
136,Trevenant,1.32155,113772,1.322,81710,1.325
137,Malamar,1.32149,113437,1.318,81588,1.323
138,Delphox,1.32138,113791,1.322,82503,1.338
139,Victini,1.32135,113621,1.320,81623,1.324
140,Decidueye,1.32113,114392,1.329,82032,1.331
141,Roserade,1.32084,113616,1.320,79450,1.289
142,Solrock,1.32032,113745,1.321,79544,1.290
143,Beartic,1.31993,113854,1.323,77769,1.261
144,Tapu Lele,1.31966,113263,1.316,79220,1.285
145,Tapu Bulu,1.31945,113616,1.320,80842,1.311
146,Chesnaught,1.31918,113929,1.323,80668,1.308
147,Clefable,1.31875,113457,1.318,81749,1.326
148,Crustle,1.31871,113550,1.319,80126,1.300
149,Xerneas,1.31820,113206,1.315,81430,1.321
150,Leavanny,1.31797,113463,1.318,80281,1.302
151,Aromatisse,1.31785,113464,1.318,77211,1.252
152,Armaldo,1.31700,113471,1.318,78536,1.274
153,Raichu-Alola,1.31698,113103,1.314,82200,1.333
154,Raticate-Alola,1.31696,113624,1.320,78491,1.273
155,Mightyena,1.31691,113778,1.322,79868,1.295
156,Scolipede,1.31653,113299,1.316,80717,1.309
157,Darkrai,1.31579,113410,1.317,79347,1.287
158,Slurpuff,1.31569,112990,1.313,78807,1.278
159,Entei,1.31459,113229,1.315,84166,1.365
160,Tornadus,1.31456,112941,1.312,80219,1.301
161,Tornadus-Therian,1.31450,112873,1.311,81757,1.326
162,Comfey,1.31433,113108,1.314,78521,1.274
163,Heatmor,1.31432,113429,1.318,81543,1.323
164,Rotom-Frost,1.31418,113147,1.314,82919,1.345
165,Infernape,1.31394,113037,1.313,83234,1.350
166,Wormadam-Sandy,1.31338,113146,1.314,79902,1.296
167,Dustox,1.31331,113233,1.315,75277,1.221
168,Mr. Mime,1.31307,112984,1.312,77374,1.255
169,Meloetta,1.31246,112695,1.309,76710,1.244
170,Rotom-Heat,1.31218,112904,1.312,85996,1.395
171,Shiinotic,1.31212,113208,1.315,79690,1.293
172,Vileplume,1.31212,112938,1.312,79033,1.282
173,Granbull,1.31206,113159,1.315,81880,1.328
174,Ariados,1.31184,113227,1.315,78666,1.276
175,Lunatone,1.31116,112957,1.312,78003,1.265
176,Sawsbuck,1.31097,112955,1.312,76779,1.245
177,Durant,1.30914,112315,1.305,82036,1.331
178,Victreebel,1.30914,112815,1.311,78968,1.281
179,Simisear,1.30894,112687,1.309,80138,1.300
180,Dhelmise,1.30887,113198,1.315,81152,1.316
181,Forretress,1.30828,112291,1.304,85213,1.382
182,Politoed,1.30788,112533,1.307,80233,1.301
183,Amoonguss,1.30787,112318,1.305,79303,1.286
184,Flareon,1.30767,112835,1.311,80981,1.313
185,Articuno,1.30695,112619,1.308,80618,1.308
186,Rapidash,1.30662,112984,1.312,83401,1.353
187,Darmanitan,1.30592,112167,1.303,81796,1.327
188,Typhlosion,1.30591,112657,1.309,82496,1.338
189,Celebi,1.30573,112581,1.308,76983,1.249
190,Arcanine,1.30569,112345,1.305,83970,1.362
191,Drifblim,1.30470,112313,1.305,81101,1.315
192,Parasect,1.30445,112499,1.307,77331,1.254
193,Magmortar,1.30426,112563,1.308,81986,1.330
194,Jellicent,1.30360,112140,1.303,83546,1.355
195,Volcanion,1.30260,111924,1.300,83753,1.358
196,Jirachi,1.30255,112178,1.303,80620,1.308
197,Crobat,1.30151,111902,1.300,82081,1.331
198,Bronzong,1.30081,111965,1.301,84242,1.366
199,Machamp,1.30054,112043,1.302,80156,1.300
200,Wormadam-Trash,1.30046,111866,1.299,82190,1.333
201,Oranguru,1.30039,112231,1.304,76038,1.233
202,Celesteela,1.30027,111535,1.296,85313,1.384
203,Solgaleo,1.29963,111881,1.300,81811,1.327
204,Talonflame,1.29914,111510,1.295,83665,1.357
205,Hawlucha,1.29905,111461,1.295,80816,1.311
206,Tapu Fini,1.29877,111278,1.293,82632,1.340
207,Escavalier,1.29738,111876,1.300,82148,1.332
208,Empoleon,1.29727,111783,1.299,82649,1.341
209,Rotom-Mow,1.29675,111471,1.295,80222,1.301
210,Keldeo,1.29664,111388,1.294,80841,1.311
211,Togetic,1.29657,111821,1.299,78790,1.278
212,Yveltal,1.29612,111187,1.292,79272,1.286
213,Azumarill,1.29611,111588,1.296,82099,1.332
214,Mienshao,1.29603,111426,1.294,77210,1.252
215,Hitmonlee,1.29603,111796,1.299,79482,1.289
216,Throh,1.29557,111345,1.293,78259,1.269
217,Hariyama,1.29537,111552,1.296,78749,1.277
218,Kingdra,1.29525,111465,1.295,78678,1.276
219,Hitmonchan,1.29452,111691,1.297,80044,1.298
220,Togekiss,1.29431,111222,1.292,80578,1.307
221,Walrein,1.29403,111270,1.293,79182,1.284
222,Skarmory,1.29392,111112,1.291,85282,1.383
223,Wormadam,1.29389,111662,1.297,76287,1.237
224,Girafarig,1.29369,111488,1.295,73365,1.190
225,Primeape,1.29327,111511,1.295,77645,1.259
226,Dragonite,1.29322,111313,1.293,78901,1.280
227,Primarina,1.29279,111554,1.296,81154,1.316
228,Sawk,1.29273,111253,1.292,78232,1.269
229,Exeggutor,1.29264,111360,1.294,76694,1.244
230,Thundurus,1.29185,110979,1.289,81698,1.325
231,Lapras,1.29143,111111,1.291,79253,1.285
232,Dewgong,1.29141,111169,1.291,78968,1.281
233,Delibird,1.29114,111481,1.295,74875,1.214
234,Passimian,1.29108,110856,1.288,78213,1.269
235,Hitmontop,1.29102,111330,1.293,79083,1.283
236,Toxapex,1.29095,111131,1.291,83881,1.361
237,Lanturn,1.29093,110954,1.289,82314,1.335
238,Moltres,1.29076,111166,1.291,81847,1.328
239,Tentacruel,1.29051,110784,1.287,82124,1.332
240,Mandibuzz,1.29045,111162,1.291,79538,1.290
241,Palkia,1.28951,110788,1.287,79320,1.287
242,Golisopod,1.28926,110612,1.285,79913,1.296
243,Conkeldurr,1.28829,111154,1.291,79790,1.294
244,Qwilfish,1.28812,111057,1.290,82008,1.330
245,Araquanid,1.28760,110745,1.286,78990,1.281
246,Ho-Oh,1.28756,110681,1.286,82942,1.345
247,Cloyster,1.28681,110606,1.285,78300,1.270
248,Genesect,1.28573,110269,1.281,82247,1.334
249,Gliscor,1.28569,110363,1.282,83738,1.358
250,Minior,1.28559,110529,1.284,80269,1.302
251,Archeops,1.28458,110167,1.280,78034,1.266
252,Crawdaunt,1.28430,110558,1.284,78423,1.272
253,Zapdos,1.28401,110785,1.287,82881,1.344
254,Thundurus-Therian,1.28389,110052,1.278,81806,1.327
255,Noivern,1.28372,110543,1.284,78913,1.280
256,Poliwrath,1.28368,110872,1.288,80461,1.305
257,Xurkitree,1.28339,110277,1.281,79887,1.296
258,Honchkrow,1.28235,110544,1.284,79080,1.283
259,Landorus-Therian,1.28198,110221,1.280,82293,1.335
260,Jolteon,1.28105,110153,1.280,81047,1.315
261,Ludicolo,1.28034,110253,1.281,79563,1.290
262,Gligar,1.27984,110059,1.278,82403,1.337
263,Electivire,1.27955,110150,1.280,83086,1.348
264,Raikou,1.27903,110330,1.282,81064,1.315
265,Bibarel,1.27866,109852,1.276,77119,1.251
266,Gastrodon,1.27772,110013,1.278,83159,1.349
267,Electrode,1.27557,109859,1.276,80949,1.313
268,Seismitoad,1.27555,109777,1.275,84047,1.363
269,Luxray,1.27544,109747,1.275,79468,1.289
270,Zebstrika,1.27473,109531,1.272,80460,1.305
271,Pachirisu,1.27428,109869,1.276,80428,1.305
272,Rayquaza,1.27422,110242,1.281,77833,1.262
273,Minun,1.27411,109742,1.275,77216,1.252
274,Emolga,1.27361,109599,1.273,80623,1.308
275,Whiscash,1.27354,109772,1.275,81590,1.323
276,Quagsire,1.27201,109502,1.272,83644,1.357
277,Plusle,1.27198,109556,1.273,77035,1.249
278,Kabutops,1.27126,109560,1.273,76870,1.247
279,Carracosta,1.27112,109301,1.270,78605,1.275
280,Eelektross,1.27096,109649,1.274,81471,1.321
281,Relicanth,1.27087,109024,1.266,77170,1.252
282,Omastar,1.27081,109354,1.270,75906,1.231
283,Virizion,1.26987,109290,1.270,77512,1.257
284,Barbaracle,1.26946,109083,1.267,76647,1.243
285,Starmie,1.26906,109170,1.268,79749,1.294
286,Landorus,1.26904,108968,1.266,79358,1.287
287,Jumpluff,1.26896,109346,1.270,77677,1.260
288,Tropius,1.26512,109267,1.269,76247,1.237
289,Raichu,1.26433,109285,1.269,79944,1.297
290,Lugia,1.26188,108746,1.263,78775,1.278
291,Shaymin-Sky,1.26133,108323,1.258,76331,1.238
292,Slowking,1.26003,108305,1.258,77424,1.256
293,Corsola,1.25942,109056,1.267,76490,1.241
294,Serperior,1.25674,108005,1.255,79654,1.292
295,Rotom-Wash,1.25673,107986,1.254,82310,1.335
296,Xatu,1.25638,108179,1.257,75622,1.227
297,Swoobat,1.25594,107884,1.253,74381,1.206
298,Simisage,1.25531,107996,1.255,75209,1.220
299,Bruxish,1.25298,107735,1.251,76917,1.248
300,Maractus,1.25237,107895,1.253,75317,1.222
301,Bellossom,1.25208,107733,1.251,74958,1.216
302,Sigilyph,1.25114,107859,1.253,76565,1.242
303,Lilligant,1.25085,107496,1.249,74937,1.215
304,Leafeon,1.25019,108018,1.255,74873,1.214
305,Gogoat,1.25016,107599,1.250,74951,1.216
306,Shaymin,1.24986,107469,1.248,75140,1.219
307,Yanmega,1.24983,107405,1.248,77661,1.260
308,Masquerain,1.24969,107417,1.248,75641,1.227
309,Lurantis,1.24950,107819,1.252,73522,1.193
310,Carnivine,1.24889,107928,1.254,73902,1.199
311,Ninjask,1.24772,107255,1.246,75702,1.228
312,Meganium,1.24701,107582,1.250,75631,1.227
313,Butterfree,1.24660,107340,1.247,71993,1.168
314,Rotom-Fan,1.24622,107208,1.245,80515,1.306
315,Tsareena,1.24537,107068,1.244,76378,1.239
316,Tangrowth,1.24316,107163,1.245,75450,1.224
317,Vivillon,1.24260,106914,1.242,72792,1.181
318,Noctowl,1.24229,107079,1.244,74039,1.201
319,Dodrio,1.24155,106660,1.239,76011,1.233
320,Sunflora,1.24129,107454,1.248,72970,1.184
321,Swanna,1.24086,106790,1.241,77704,1.260
322,Scyther,1.24014,106557,1.238,75241,1.220
323,Swellow,1.24013,106570,1.238,77733,1.261
324,Cherrim,1.23965,106800,1.241,71912,1.166
325,Toucannon,1.23942,106933,1.242,74750,1.212
326,Vespiquen,1.23777,106871,1.241,71713,1.163
327,Braviary,1.23708,106327,1.235,73873,1.198
328,Unfezant,1.23657,106514,1.237,74218,1.204
329,Staraptor,1.23597,106186,1.233,76697,1.244
330,Mantine,1.23588,106290,1.235,78142,1.267
331,Mothim,1.23564,106456,1.237,70573,1.145
332,Ledian,1.23329,106313,1.235,70861,1.149
333,Beautifly,1.23312,106621,1.239,69895,1.134
334,Farfetch'd,1.22909,105988,1.231,70734,1.147
335,Pelipper,1.22869,105853,1.230,77689,1.260
336,Chatot,1.22837,105572,1.226,72745,1.180
337,Fearow,1.22537,105579,1.226,75655,1.227
338,Uxie,1.21466,104088,1.209,75215,1.220
339,Mew,1.20767,104050,1.209,73191,1.187
340,Cresselia,1.20326,103404,1.201,73968,1.200
341,Reuniclus,1.20132,103354,1.201,71000,1.152
342,Beheeyem,1.20090,102990,1.196,69216,1.123
343,Deoxys-Defense,1.19974,103546,1.203,76137,1.235
344,Chimecho,1.19946,103051,1.197,69320,1.124
345,Necrozma,1.19916,103455,1.202,72300,1.173
346,Hypno,1.19668,103043,1.197,71049,1.152
347,Espeon,1.19651,102526,1.191,71192,1.155
348,Azelf,1.19563,102896,1.195,71934,1.167
349,Deoxys-Speed,1.19500,103245,1.199,71820,1.165
350,Wobbuffet,1.19431,103188,1.199,75321,1.222
351,Meowstic,1.19402,102772,1.194,70782,1.148
352,Deoxys-Attack,1.19341,102448,1.190,68907,1.118
353,Musharna,1.19172,102861,1.195,69751,1.131
354,Mesprit,1.19137,102836,1.195,72106,1.170
355,Grumpig,1.19062,102773,1.194,70955,1.151
356,Unown,1.18984,102397,1.189,71303,1.157
357,Deoxys,1.18548,102251,1.188,69401,1.126
358,Gothitelle,1.18498,101872,1.183,70188,1.138
359,Clawitzer,1.17964,101295,1.177,74018,1.201
360,Manaphy,1.17952,100928,1.172,74218,1.204
361,Alomomola,1.17776,101126,1.175,73724,1.196
362,Golduck,1.17735,101633,1.181,72976,1.184
363,Feraligatr,1.17614,101288,1.177,74457,1.208
364,Suicune,1.17522,101297,1.177,75083,1.218
365,Milotic,1.17420,100856,1.172,74597,1.210
366,Vaporeon,1.17361,101071,1.174,73220,1.188
367,Samurott,1.17318,101180,1.175,73503,1.192
368,Lumineon,1.17294,100910,1.172,73456,1.191
369,Wailord,1.17280,101113,1.175,73363,1.190
370,Seaking,1.17266,100877,1.172,73248,1.188
371,Phione,1.17266,101253,1.176,71878,1.166
372,Floatzel,1.17233,100898,1.172,72739,1.180
373,Simipour,1.17144,101022,1.174,72091,1.169
374,Octillery,1.17094,100794,1.171,72268,1.172
375,Wishiwashi,1.17021,101149,1.175,73469,1.192
376,Luvdisc,1.17011,100747,1.170,71232,1.155
377,Kingler,1.16969,100709,1.170,71742,1.164
378,Gorebyss,1.16954,100620,1.169,70883,1.150
379,Huntail,1.16830,100571,1.168,72527,1.176
380,Basculin,1.16596,100346,1.166,72827,1.181
381,Pyukumuku,1.16511,100570,1.168,73030,1.185
382,Porygon2,1.12245,96259,1.118,70632,1.146
383,Bouffalant,1.12170,96710,1.123,68754,1.115
384,Miltank,1.12133,96165,1.117,69962,1.135
385,Tauros,1.12097,96169,1.117,69682,1.130
386,Snorlax,1.11997,96353,1.119,70820,1.149
387,Kecleon,1.11992,96420,1.120,71097,1.153
388,Komala,1.11972,96402,1.120,67518,1.095
389,Purugly,1.11801,96083,1.116,70199,1.139
390,Smeargle,1.11741,96411,1.120,70271,1.140
391,Chansey,1.11700,96164,1.117,68902,1.118
392,Porygon-Z,1.11692,95926,1.114,69169,1.122
393,Regigigas,1.11679,96542,1.121,69622,1.129
394,Zangoose,1.11609,95843,1.113,68615,1.113
395,Ursaring,1.11590,96212,1.118,68732,1.115
396,Exploud,1.11552,95789,1.113,69500,1.127
397,Slaking,1.11548,95867,1.114,70581,1.145
398,Furret,1.11542,95956,1.115,67806,1.100
399,Spinda,1.11538,96222,1.118,67089,1.088
400,Linoone,1.11469,95781,1.113,66535,1.079
401,Ambipom,1.11407,95850,1.113,69750,1.131
402,Dunsparce,1.11343,95779,1.113,65576,1.064
403,Furfrou,1.11291,95639,1.111,68050,1.104
404,Cinccino,1.11278,95511,1.109,68133,1.105
405,Lickilicky,1.11258,96031,1.116,67943,1.102
406,Ditto,1.11248,96053,1.116,72986,1.184
407,Gumshoos,1.11151,95778,1.113,66617,1.081
408,Watchog,1.11092,96086,1.116,65295,1.059
409,Blissey,1.11067,95728,1.112,68783,1.116
410,Stantler,1.11004,95420,1.108,67635,1.097
411,Persian,1.10916,95581,1.110,69339,1.125
412,Raticate,1.10717,95232,1.106,68453,1.110
413,Stoutland,1.10663,95348,1.108,69571,1.128
414,Delcatty,1.10103,95190,1.106,66389,1.077
415,Zoroark,1.08637,93753,1.089,45079,0.731
416,Gengar-Mega,1.06908,92448,1.074,68668,1.114
417,Houndoom-Mega,1.06442,91519,1.063,68739,1.115
418,Aggron-Mega,1.06113,91348,1.061,70291,1.140
419,Medicham-Mega,1.06034,90691,1.054,68963,1.119
420,Sableye-Mega,1.05943,91322,1.061,67969,1.102
421,Latios-Mega,1.05862,90983,1.057,65773,1.067
422,Camerupt-Mega,1.05860,91451,1.062,69929,1.134
423,Diancie-Mega,1.05809,90643,1.053,67070,1.088
424,Gallade-Mega,1.05718,90724,1.054,66284,1.075
425,Banette-Mega,1.05503,91225,1.060,66705,1.082
426,Tyranitar-Mega,1.05430,90936,1.056,68145,1.105
427,Steelix-Mega,1.05350,91063,1.058,70831,1.149
428,Garchomp-Mega,1.05279,90554,1.052,67616,1.097
429,Latias-Mega,1.05089,90660,1.053,66032,1.071
430,Gardevoir-Mega,1.05009,90446,1.051,65572,1.064
431,Blaziken-Mega,1.04865,90389,1.050,69027,1.120
432,Mawile-Mega,1.04574,89990,1.045,68649,1.113
433,Pinsir-Mega,1.04328,89690,1.042,64844,1.052
434,Glalie-Mega,1.04252,89789,1.043,65903,1.069
435,Venusaur-Mega,1.04109,89855,1.044,67914,1.102
436,Absol-Mega,1.04063,89425,1.039,65048,1.055
437,Abomasnow-Mega,1.03919,89401,1.039,65930,1.069
438,Beedrill-Mega,1.03829,89358,1.038,64446,1.045
439,Metagross-Mega,1.03642,89351,1.038,68672,1.114
440,Scizor-Mega,1.03564,88996,1.034,68354,1.109
441,Heracross-Mega,1.03513,89315,1.038,64768,1.051
442,Sharpedo-Mega,1.02386,88240,1.025,66311,1.076
443,Aerodactyl-Mega,1.02250,88104,1.023,65615,1.064
444,Altaria-Mega,1.01976,87618,1.018,65233,1.058
445,Salamence-Mega,1.01920,87700,1.019,65685,1.065
446,Swampert-Mega,1.01696,87702,1.019,68447,1.110
447,Ampharos-Mega,1.01227,87268,1.014,64784,1.051
448,Manectric-Mega,1.00773,86401,1.004,66381,1.077
449,Slowbro-Mega,1.00352,86642,1.006,64618,1.048
450,Lucario-Mega,1.00150,86445,1.004,64833,1.052
451,Sceptile-Mega,0.98707,85219,0.990,63587,1.031
452,Gyarados-Mega,0.98644,85226,0.990,66146,1.073
453,Pidgeot-Mega,0.98479,84551,0.982,63822,1.035
454,Alakazam-Mega,0.95413,82272,0.956,59666,0.968
455,Blastoise-Mega,0.93322,80573,0.936,62330,1.011
456,Kangaskhan-Mega,0.89570,77106,0.896,59744,0.969
457,Lopunny-Mega,0.89152,76612,0.890,58031,0.941
458,Audino-Mega,0.88811,76662,0.891,55616,0.902
459,Groudon-Primal,0.67337,57819,0.672,45246,0.734
460,Groudon,0.66861,57780,0.671,43282,0.702
461,Hoopa-Unbound,0.65896,57047,0.663,39236,0.636
462,Hoopa,0.65628,56476,0.656,38704,0.628
463,Kyogre-Primal,0.65273,56315,0.654,42253,0.685
464,Kyogre,0.64718,55596,0.646,41734,0.677
465,Greninja,0.64651,55907,0.649,40741,0.661
466,Greninja-Ash,0.63864,55298,0.642,41600,0.675
467,Castform,0.61025,52754,0.613,36346,0.590
468,Charizard-Mega-X,0.51227,44440,0.516,34365,0.557
469,Charizard-Mega-Y,0.50671,43804,0.509,33986,0.551
470,Mewtwo-Mega-X,0.47895,41297,0.480,31144,0.505
471,Mewtwo-Mega-Y,0.47482,40880,0.475,30488,0.495
472,Gourgeist-Large,0.33163,28599,0.332,20403,0.331
473,Gourgeist-Super,0.33019,28502,0.331,20387,0.331
474,Gourgeist,0.32905,28205,0.328,20164,0.327
475,Gourgeist-Small,0.32512,28119,0.327,20177,0.327
476,Oricorio-Sensu,0.32035,27399,0.318,19165,0.311
477,Oricorio-Pom-Pom,0.31740,27192,0.316,19555,0.317
478,Oricorio,0.31449,27034,0.314,19294,0.313
479,Oricorio-Pa'u,0.31438,27083,0.315,18316,0.297
480,Gengar,0.29300,25292,0.294,16599,0.269
481,Banette,0.29141,25229,0.293,16141,0.262
482,Sableye,0.29002,25041,0.291,16479,0.267
483,Pinsir,0.28935,24837,0.289,15482,0.251
484,Abomasnow,0.28845,24944,0.290,16090,0.261
485,Camerupt,0.28835,24883,0.289,16923,0.274
486,Diancie,0.28597,24726,0.287,16004,0.260
487,Garchomp,0.28510,24486,0.284,16332,0.265
488,Heracross,0.28482,24475,0.284,15071,0.244
489,Houndoom,0.28445,24463,0.284,16226,0.263
490,Steelix,0.28427,24578,0.286,17094,0.277
491,Glalie,0.28407,24612,0.286,15311,0.248
492,Tyranitar,0.28323,24496,0.285,16041,0.260
493,Absol,0.28239,24304,0.282,14897,0.242
494,Blaziken,0.28221,24440,0.284,16518,0.268
495,Venusaur,0.28080,24061,0.280,16024,0.260
496,Aggron,0.28023,24188,0.281,16164,0.262
497,Beedrill,0.28008,24068,0.280,14337,0.233
498,Mawile,0.27966,24242,0.282,16051,0.260
499,Scizor,0.27799,23941,0.278,16626,0.270
500,Gardevoir,0.27796,23739,0.276,14983,0.243
501,Lucario,0.27677,23859,0.277,15577,0.253
502,Marshadow,0.27515,23571,0.274,17451,0.283
503,Charizard,0.27221,23417,0.272,16178,0.262
504,Latias,0.27128,23510,0.273,14781,0.240
505,Aerodactyl,0.27121,23251,0.270,14955,0.243
506,Latios,0.27069,23327,0.271,14818,0.240
507,Gallade,0.27047,23377,0.272,14874,0.241
508,Metagross,0.27031,23256,0.270,15944,0.259
509,Sharpedo,0.26920,23169,0.269,15361,0.249
510,Manectric,0.26881,23224,0.270,15816,0.257
511,Ampharos,0.26881,23222,0.270,15057,0.244
512,Medicham,0.26879,23174,0.269,14791,0.240
513,Sceptile,0.26863,23047,0.268,14700,0.238
514,Swampert,0.26847,23100,0.268,16025,0.260
515,Altaria,0.26765,23015,0.267,14310,0.232
516,Salamence,0.26761,23023,0.267,15027,0.244
517,Floette-Eternal,0.26210,22452,0.261,15715,0.255
518,Pidgeot,0.26036,22391,0.260,14615,0.237
519,Gyarados,0.25778,22233,0.258,15013,0.244
520,Slowbro,0.25619,22050,0.256,14734,0.239
521,Mewtwo,0.24624,21286,0.247,13626,0.221
522,Alakazam,0.24616,21165,0.246,13248,0.215
523,Blastoise,0.24401,21227,0.247,14273,0.232
524,Audino,0.22550,19467,0.226,11687,0.190
525,Kangaskhan,0.22491,19399,0.225,13026,0.211
526,Lopunny,0.22456,19377,0.225,12416,0.201
527,Arceus-Ground,0.07526,6472,0.075,4818,0.078
528,Silvally-Bug,0.07439,6308,0.073,4487,0.073
529,Silvally-Dragon,0.07409,6412,0.074,4407,0.071
530,Silvally-Dark,0.07395,6332,0.074,4478,0.073
531,Arceus-Steel,0.07388,6388,0.074,4684,0.076
532,Silvally-Rock,0.07372,6381,0.074,4542,0.074
533,Silvally-Ghost,0.07366,6368,0.074,4657,0.076
534,Silvally-Fairy,0.07360,6322,0.073,4506,0.073
535,Silvally-Poison,0.07327,6339,0.074,4487,0.073
536,Silvally-Ground,0.07320,6359,0.074,4610,0.075
537,Arceus-Rock,0.07313,6374,0.074,4553,0.074
538,Arceus-Fairy,0.07294,6186,0.072,4518,0.073
539,Silvally-Fighting,0.07275,6321,0.073,4466,0.072
540,Arceus-Ghost,0.07274,6240,0.072,4523,0.073
541,Silvally-Ice,0.07270,6231,0.072,4403,0.071
542,Arceus-Dragon,0.07247,6232,0.072,4402,0.071
543,Silvally-Steel,0.07234,6178,0.072,4602,0.075
544,Silvally-Fire,0.07233,6184,0.072,4523,0.073
545,Arceus-Poison,0.07213,6240,0.072,4511,0.073
546,Arceus-Bug,0.07208,6221,0.072,4373,0.071
547,Arceus-Ice,0.07180,6136,0.071,4338,0.070
548,Arceus-Fire,0.07178,6173,0.072,4590,0.074
549,Arceus-Fighting,0.07165,6119,0.071,4333,0.070
550,Silvally-Electric,0.07088,6069,0.070,4509,0.073
551,Silvally-Flying,0.07036,6051,0.070,4342,0.070
552,Arceus-Dark,0.06969,6053,0.070,4227,0.069
553,Arceus-Flying,0.06940,6004,0.070,4305,0.070
554,Arceus-Grass,0.06897,5922,0.069,4284,0.069
555,Arceus-Electric,0.06884,5929,0.069,4353,0.071
556,Silvally-Grass,0.06811,5833,0.068,4172,0.068
557,Silvally-Psychic,0.06685,5742,0.067,4023,0.065
558,Arceus-Psychic,0.06632,5720,0.066,4058,0.066
559,Arceus-Water,0.06428,5582,0.065,4162,0.068
560,Silvally,0.06381,5550,0.064,4021,0.065
561,Silvally-Water,0.06223,5395,0.063,4010,0.065
562,Arceus,0.06136,5264,0.061,3782,0.061
