 Total battles: 1066244
 Avg. weight/team: 0.078
Rank,Pokemon,Usage percentage,Raw,Raw percentage,Real,Real percentage
1,Landorus-Therian,41.59356,452507,21.220,381317,24.085
2,Tapu Fini,29.41395,334077,15.666,267060,16.868
3,Metagross-Mega,29.37883,344716,16.165,249662,15.769
4,Tapu Lele,19.96515,270380,12.679,187401,11.837
5,Greninja-Ash,19.61904,319296,14.973,237482,15.000
6,Pheromosa,18.31232,239768,11.244,178050,11.246
7,Ferrothorn,15.77922,234813,11.011,199480,12.600
8,Magearna,15.59145,167496,7.854,126982,8.021
9,Tapu Koko,15.14484,274089,12.853,204709,12.930
10,Garchomp,13.59899,271220,12.718,204455,12.914
11,Heatran,12.66732,192148,9.011,154840,9.780
12,Greninja,11.75566,156852,7.355,115525,7.297
13,Excadrill,11.57420,169662,7.956,126353,7.981
14,Celesteela,10.15056,200845,9.418,153767,9.712
15,Scizor-Mega,10.08844,172343,8.082,129981,8.210
16,Toxapex,9.83004,217347,10.192,163103,10.302
17,Skarmory,9.15722,158016,7.410,129883,8.204
18,Dugtrio,9.03302,96352,4.518,70965,4.482
19,Marowak-Alola,8.96430,236901,11.109,175224,11.068
20,Magnezone,8.48350,164607,7.719,126556,7.994
21,Tapu Bulu,7.97300,140381,6.583,100972,6.378
22,Charizard-Mega-X,7.64399,184528,8.653,133885,8.457
23,Chansey,7.55974,119090,5.585,88549,5.593
24,Volcarona,7.14750,121986,5.720,87068,5.500
25,Zygarde,7.13705,63882,2.996,47648,3.010
26,Hoopa-Unbound,6.92381,78389,3.676,53742,3.395
27,Kartana,6.89402,154735,7.256,109377,6.909
28,Charizard-Mega-Y,6.51269,147874,6.934,113887,7.193
29,Tangrowth,6.42044,79902,3.747,61676,3.896
30,Pinsir-Mega,6.25974,86627,4.062,59250,3.742
31,Nihilego,6.15527,99557,4.669,77334,4.885
32,Mimikyu,6.05538,204433,9.587,140828,8.895
33,Tyranitar,5.89611,130316,6.111,100556,6.351
34,Zapdos,5.83311,84320,3.954,66230,4.183
35,Sableye-Mega,5.44528,87307,4.094,73706,4.656
36,Latios,5.37983,102108,4.788,69625,4.398
37,Venusaur-Mega,5.28134,129844,6.089,97805,6.178
38,Mamoswine,5.07798,117281,5.500,96960,6.124
39,Rotom-Wash,4.96510,125169,5.870,102224,6.457
40,Xurkitree,4.44811,110007,5.159,75830,4.790
41,Scolipede,4.42836,62796,2.945,51330,3.242
42,Gengar,4.34808,79557,3.731,55028,3.476
43,Manaphy,4.32339,48167,2.259,33197,2.097
44,Gyarados-Mega,4.22556,101572,4.763,74986,4.736
45,Clefable,3.99499,74281,3.483,51463,3.251
46,Salamence,3.88375,74987,3.516,51429,3.248
47,Buzzwole,3.82044,82184,3.854,57021,3.602
48,Alakazam-Mega,3.76686,113252,5.311,74121,4.682
49,Muk-Alola,3.49889,122583,5.748,92676,5.854
50,Jirachi,3.21063,54785,2.569,41138,2.598
51,Pelipper,3.07396,83180,3.901,73539,4.645
52,Keldeo,3.00631,35402,1.660,26260,1.659
53,Gyarados,2.90923,50086,2.349,38336,2.421
54,Hippowdon,2.90384,44855,2.103,38406,2.426
55,Dragonite,2.89425,96079,4.505,66817,4.220
56,Thundurus-Therian,2.64786,51606,2.420,39889,2.520
57,Kyurem-Black,2.57875,36793,1.725,26358,1.665
58,Bisharp,2.36399,42172,1.978,29606,1.870
59,Hydreigon,2.29069,54601,2.560,39955,2.524
60,Serperior,2.24019,72222,3.387,51092,3.227
61,Kingdra,2.18261,54146,2.539,38554,2.435
62,Tornadus-Therian,2.00571,28295,1.327,21561,1.362
63,Azelf,1.98543,20838,0.977,19460,1.229
64,Mew,1.93098,31959,1.499,24546,1.550
65,Mantine,1.70633,30935,1.451,24139,1.525
66,Sharpedo-Mega,1.64688,25071,1.176,16395,1.036
67,Porygon-Z,1.63561,61210,2.870,41882,2.645
68,Terrakion,1.62155,19048,0.893,13595,0.859
69,Thundurus,1.52431,20135,0.944,15359,0.970
70,Amoonguss,1.51313,18766,0.880,13825,0.873
71,Weavile,1.49869,64076,3.005,44736,2.826
72,Bronzong,1.48379,18436,0.865,15662,0.989
73,Smeargle,1.44484,29629,1.389,26456,1.671
74,Mandibuzz,1.39534,41867,1.963,31920,2.016
75,Victini,1.37569,29202,1.369,22265,1.406
76,Azumarill,1.24159,44745,2.098,33186,2.096
77,Necrozma,1.22045,22824,1.070,17612,1.112
78,Breloom,1.21034,41723,1.957,30232,1.910
79,Porygon2,1.17965,40445,1.897,30493,1.926
80,Tentacruel,1.13295,32981,1.547,25344,1.601
81,Starmie,1.12803,39945,1.873,28063,1.773
82,Gliscor,1.10230,66513,3.119,50062,3.162
83,Shedinja,1.09605,11802,0.553,8155,0.515
84,Quagsire,1.08428,20308,0.952,15047,0.950
85,Alomomola,1.07779,12055,0.565,9024,0.570
86,Chandelure,1.07021,45660,2.141,32649,2.062
87,Latias,1.06733,25642,1.202,17063,1.078
88,Ninetales-Alola,1.06558,58262,2.732,44761,2.827
89,Nidoking,1.03361,28683,1.345,21441,1.354
90,Scizor,0.93873,34492,1.617,25751,1.627
91,Togekiss,0.92688,38135,1.788,26863,1.697
92,Volcanion,0.91190,27877,1.307,21529,1.360
93,Golisopod,0.90284,42549,1.995,31475,1.988
94,Infernape,0.83168,41660,1.954,31458,1.987
95,Ditto,0.82700,20837,0.977,15223,0.962
96,Primarina,0.79386,37980,1.781,27706,1.750
97,Slowbro,0.78035,22843,1.071,16645,1.051
98,Gastrodon,0.77328,34007,1.595,25991,1.642
99,Zygarde-10,0.76833,14133,0.663,9975,0.630
100,Staraptor,0.75696,33535,1.573,24207,1.529
101,Shuckle,0.73234,25295,1.186,21766,1.375
102,Seismitoad,0.70666,10143,0.476,8284,0.523
103,Salazzle,0.68964,61117,2.866,43492,2.747
104,Persian-Alola,0.66898,18076,0.848,15034,0.950
105,Kabutops,0.66795,11786,0.553,8277,0.523
106,Espeon,0.65051,41989,1.969,29322,1.852
107,Diggersby,0.62656,11535,0.541,8651,0.546
108,Klefki,0.62242,17309,0.812,14325,0.905
109,Garchomp-Mega,0.61998,30813,1.445,21590,1.364
110,Slowbro-Mega,0.58856,18986,0.890,13656,0.863
111,Araquanid,0.58849,44208,2.073,31802,2.009
112,Decidueye,0.57581,47236,2.215,33266,2.101
113,Crawdaunt,0.56029,9735,0.457,7022,0.444
114,Arcanine,0.55749,56359,2.643,42143,2.662
115,Goodra,0.53752,48035,2.253,34472,2.177
116,Darmanitan,0.50910,20718,0.972,15704,0.992
117,Galvantula,0.50775,29852,1.400,26099,1.648
118,Blissey,0.50527,22144,1.038,15921,1.006
119,Venusaur,0.46985,21115,0.990,14934,0.943
120,Dhelmise,0.46739,30710,1.440,22112,1.397
121,Donphan,0.45865,19815,0.929,16274,1.028
122,Reuniclus,0.45113,13390,0.628,9080,0.574
123,Cloyster,0.44993,41547,1.948,30441,1.923
124,Pyukumuku,0.44223,15611,0.732,11933,0.754
125,Krookodile,0.43489,23851,1.118,17613,1.112
126,Umbreon,0.43371,36413,1.708,25223,1.593
127,Conkeldurr,0.42299,25630,1.202,18721,1.182
128,Cresselia,0.41481,9166,0.430,6431,0.406
129,Raichu-Alola,0.39113,40187,1.885,27728,1.751
130,Swampert,0.38608,19311,0.906,15593,0.985
131,Alakazam,0.36450,21746,1.020,14187,0.896
132,Hawlucha,0.36114,19991,0.937,13977,0.883
133,Blastoise-Mega,0.35948,20736,0.972,15487,0.978
134,Sylveon,0.35719,29411,1.379,19596,1.238
135,Raikou,0.35122,12710,0.596,9456,0.597
136,Absol-Mega,0.35073,18906,0.887,13944,0.881
137,Gigalith,0.34620,19647,0.921,16618,1.050
138,Lucario,0.34459,29406,1.379,20114,1.270
139,Suicune,0.34408,10056,0.472,7160,0.452
140,Snorlax,0.34351,34039,1.596,24329,1.537
141,Torkoal,0.34003,19119,0.897,16575,1.047
142,Talonflame,0.33483,27671,1.298,19395,1.225
143,Aerodactyl-Mega,0.33152,22537,1.057,15961,1.008
144,Tsareena,0.33065,22078,1.035,15766,0.996
145,Celebi,0.31314,6785,0.318,4862,0.307
146,Forretress,0.30895,18932,0.888,16358,1.033
147,Jolteon,0.30278,38909,1.825,29293,1.850
148,Minior,0.30215,33447,1.568,23295,1.471
149,Lycanroc,0.29950,24973,1.171,19570,1.236
150,Uxie,0.29164,3268,0.153,2832,0.179
151,Empoleon,0.28321,14783,0.693,11564,0.730
152,Silvally,0.26770,9615,0.451,7547,0.477
153,Aerodactyl,0.26422,8611,0.404,7224,0.456
154,Kommo-o,0.25445,29117,1.365,19465,1.229
155,Whimsicott,0.25081,14272,0.669,10499,0.663
156,Rotom-Heat,0.25030,13053,0.612,10466,0.661
157,Vaporeon,0.24729,17749,0.832,13052,0.824
158,Ninetales,0.23912,13731,0.644,10780,0.681
159,Crobat,0.22957,25548,1.198,18257,1.153
160,Entei,0.22498,7784,0.365,5826,0.368
161,Bewear,0.22125,22351,1.048,15268,0.964
162,Dodrio,0.22106,7596,0.356,5094,0.322
163,Milotic,0.21982,27443,1.287,20065,1.267
164,Sandslash-Alola,0.21937,16069,0.754,11517,0.727
165,Haxorus,0.21048,19420,0.911,12663,0.800
166,Exeggutor-Alola,0.20896,18031,0.846,12433,0.785
167,Heracross,0.20893,9918,0.465,6793,0.429
168,Swellow,0.19703,9027,0.423,6402,0.404
169,Vikavolt,0.19595,24791,1.163,17596,1.111
170,Ludicolo,0.18185,10300,0.483,7525,0.475
171,Xatu,0.17365,5630,0.264,4269,0.270
172,Roserade,0.17074,15882,0.745,11379,0.719
173,Politoed,0.16545,13483,0.632,11309,0.714
174,Drampa,0.16433,15475,0.726,10404,0.657
175,Flygon,0.16117,18601,0.872,13422,0.848
176,Dusclops,0.15679,6008,0.282,4628,0.292
177,Machamp,0.15236,17382,0.815,12725,0.804
178,Hoopa,0.15179,2536,0.119,1803,0.114
179,Doublade,0.14878,8295,0.389,6007,0.379
180,Meloetta,0.14757,4592,0.215,3178,0.201
181,Cofagrigus,0.14344,12404,0.582,9487,0.599
182,Metagross,0.14245,16585,0.778,11855,0.749
183,Mismagius,0.14123,8028,0.376,5721,0.361
184,Omastar,0.14104,5144,0.241,3863,0.244
185,Moltres,0.14098,4238,0.199,3052,0.193
186,Ribombee,0.13527,8407,0.394,5439,0.344
187,Chesnaught,0.13479,8101,0.380,5809,0.367
188,Golem-Alola,0.12938,17822,0.836,13335,0.842
189,Dragalge,0.12662,6736,0.316,4882,0.308
190,Slowking,0.12392,5455,0.256,3879,0.245
191,Honchkrow,0.11793,9212,0.432,6335,0.400
192,Toxicroak,0.11785,9930,0.466,7048,0.445
193,Victreebel,0.11650,5635,0.264,3976,0.251
194,Froslass,0.11557,11281,0.529,8834,0.558
195,Jellicent,0.11540,6579,0.309,4778,0.302
196,Mudsdale,0.11404,20635,0.968,15151,0.957
197,Mienshao,0.11245,8332,0.391,6140,0.388
198,Noivern,0.11025,16558,0.776,11548,0.729
199,Magneton,0.10640,4075,0.191,3160,0.200
200,Poliwrath,0.10607,5592,0.262,4121,0.260
201,Florges,0.10433,10225,0.479,6864,0.434
202,Electivire,0.10235,22479,1.054,16191,1.023
203,Heliolisk,0.10088,9651,0.453,6797,0.429
204,Feraligatr,0.09657,14267,0.669,10005,0.632
205,Komala,0.09595,9877,0.463,6695,0.423
206,Rhyperior,0.09588,8808,0.413,6613,0.418
207,Registeel,0.09556,3417,0.160,2711,0.171
208,Yanmega,0.09418,4704,0.221,3458,0.218
209,Carbink,0.09274,4396,0.206,3974,0.251
210,Vivillon,0.09239,4451,0.209,3136,0.198
211,Sigilyph,0.09169,6934,0.325,4814,0.304
212,Zoroark,0.09120,12229,0.573,5915,0.374
213,Gardevoir,0.08910,20779,0.974,13631,0.861
214,Comfey,0.08883,12485,0.585,8514,0.538
215,Guzzlord,0.08849,6682,0.313,4523,0.286
216,Incineroar,0.08542,25892,1.214,18543,1.171
217,Wishiwashi,0.08300,10821,0.507,7578,0.479
218,Masquerain,0.08175,4571,0.214,3601,0.227
219,Diancie,0.08119,4750,0.223,3594,0.227
220,Eelektross,0.08067,12727,0.597,9750,0.616
221,Floatzel,0.07917,3606,0.169,2533,0.160
222,Glalie-Mega,0.07770,8236,0.386,5644,0.356
223,Qwilfish,0.07542,1737,0.081,1356,0.086
224,Tornadus,0.07422,1627,0.076,1177,0.074
225,Sableye,0.06748,9477,0.444,7074,0.447
226,Stoutland,0.06743,4186,0.196,2915,0.184
227,Kyurem,0.06414,3429,0.161,2419,0.153
228,Lanturn,0.06358,8465,0.397,6393,0.404
229,Rotom-Mow,0.06187,3338,0.157,2589,0.164
230,Claydol,0.06154,4916,0.231,3814,0.241
231,Nidoqueen,0.06068,4082,0.191,3220,0.203
232,Scrafty,0.06000,9804,0.460,7091,0.448
233,Kricketune,0.05954,622,0.029,535,0.034
234,Venomoth,0.05953,2890,0.136,2094,0.132
235,Abomasnow,0.05857,3252,0.152,2445,0.154
236,Exploud,0.05824,3649,0.171,2652,0.168
237,Charizard,0.05817,9146,0.429,6724,0.425
238,Crabominable,0.05424,7286,0.342,4747,0.300
239,Durant,0.05369,6280,0.294,4934,0.312
240,Hitmonlee,0.05366,7376,0.346,5260,0.332
241,Pangoro,0.05273,4996,0.234,3430,0.217
242,Accelgor,0.05267,5162,0.242,3737,0.236
243,Turtonator,0.05250,10079,0.473,7258,0.458
244,Tyrantrum,0.05225,8750,0.410,5859,0.370
245,Togedemaru,0.05091,8799,0.413,6786,0.429
246,Linoone,0.05006,2516,0.118,1722,0.109
247,Stunfisk,0.04985,1743,0.082,1361,0.086
248,Audino,0.04951,2306,0.108,1625,0.103
249,Shiftry,0.04915,2594,0.122,1740,0.110
250,Steelix,0.04788,7122,0.334,5609,0.354
251,Aron,0.04680,3577,0.168,2831,0.179
252,Typhlosion,0.04643,11390,0.534,8088,0.511
253,Blastoise,0.04629,10435,0.489,7638,0.482
254,Avalugg,0.04583,5176,0.243,3800,0.240
255,Medicham,0.04581,3788,0.178,2723,0.172
256,Type: Null,0.04576,4091,0.192,2958,0.187
257,Bruxish,0.04493,5098,0.239,3561,0.225
258,Ursaring,0.04482,3347,0.157,2305,0.146
259,Gourgeist,0.04447,1376,0.065,949,0.060
260,Shaymin,0.04359,3189,0.150,2211,0.140
261,Leafeon,0.04299,6852,0.321,4744,0.300
262,Tauros,0.04245,3433,0.161,2493,0.157
263,Palossand,0.04164,12061,0.566,8284,0.523
264,Toucannon,0.04067,9555,0.448,6656,0.420
265,Shiinotic,0.04026,7005,0.328,4948,0.313
266,Pikachu,0.03892,14929,0.700,10802,0.682
267,Ambipom,0.03832,10124,0.475,8132,0.514
268,Malamar,0.03821,6981,0.327,4986,0.315
269,Emboar,0.03797,5958,0.279,4353,0.275
270,Lycanroc-Midnight,0.03761,9764,0.458,6961,0.440
271,Hitmontop,0.03709,5526,0.259,4135,0.261
272,Archeops,0.03660,4120,0.193,3106,0.196
273,Weezing,0.03653,7058,0.331,5514,0.348
274,Barbaracle,0.03646,2668,0.125,1836,0.116
275,Cradily,0.03636,7340,0.344,5327,0.336
276,Dugtrio-Alola,0.03606,7692,0.361,5455,0.345
277,Beartic,0.03521,3937,0.185,2673,0.169
278,Golbat,0.03483,1942,0.091,1446,0.091
279,Cobalion,0.03429,3659,0.172,2816,0.178
280,Trevenant,0.03424,9499,0.445,6725,0.425
281,Sceptile,0.03380,17099,0.802,11602,0.733
282,Slurpuff,0.03299,7106,0.333,4737,0.299
283,Miltank,0.03288,6427,0.301,4451,0.281
284,Drapion,0.03267,9674,0.454,7166,0.453
285,Exeggutor,0.03140,3818,0.179,2557,0.162
286,Slaking,0.03105,4523,0.212,3218,0.203
287,Manectric,0.02960,4195,0.197,2930,0.185
288,Diglett,0.02956,430,0.020,307,0.019
289,Kecleon,0.02943,2658,0.125,2000,0.126
290,Vanilluxe,0.02900,3628,0.170,2761,0.174
291,Delphox,0.02867,8369,0.392,5903,0.373
292,Spiritomb,0.02825,3743,0.176,2694,0.170
293,Braviary,0.02746,5329,0.250,3641,0.230
294,Hariyama,0.02726,4114,0.193,3087,0.195
295,Lapras,0.02668,11956,0.561,8597,0.543
296,Silvally-Ground,0.02630,1439,0.067,1086,0.069
297,Silvally-Electric,0.02590,1687,0.079,1254,0.079
298,Sharpedo,0.02559,4059,0.190,2833,0.179
299,Gallade,0.02511,8978,0.421,5995,0.379
300,Torterra,0.02472,6994,0.328,5144,0.325
301,Drifblim,0.02406,4602,0.216,3404,0.215
302,Cryogonal,0.02348,3756,0.176,2677,0.169
303,Luxray,0.02275,8344,0.391,5891,0.372
304,Cinccino,0.02233,6595,0.309,4596,0.290
305,Silvally-Ghost,0.02214,1958,0.092,1446,0.091
306,Aggron,0.02209,9580,0.449,7164,0.453
307,Articuno,0.02199,4444,0.208,3114,0.197
308,Rhydon,0.02188,3655,0.171,2796,0.177
309,Zangoose,0.02179,3562,0.167,2398,0.151
310,Dusknoir,0.02146,5414,0.254,3993,0.252
311,Piloswine,0.02125,1150,0.054,967,0.061
312,Lurantis,0.02102,6441,0.302,4352,0.275
313,Golurk,0.02096,4259,0.200,3198,0.202
314,Volbeat,0.02069,3036,0.142,2614,0.165
315,Bouffalant,0.02048,1502,0.070,1054,0.067
316,Silvally-Fire,0.02017,2549,0.120,1765,0.111
317,Ninjask,0.02008,8211,0.385,6545,0.413
318,Druddigon,0.01944,2150,0.101,1645,0.104
319,Magmortar,0.01944,5994,0.281,4243,0.268
320,Silvally-Steel,0.01932,1767,0.083,1283,0.081
321,Oranguru,0.01927,2392,0.112,1751,0.111
322,Lickilicky,0.01832,1459,0.068,1092,0.069
323,Escavalier,0.01797,3420,0.160,2478,0.157
324,Rampardos,0.01796,4242,0.199,2820,0.178
325,Gligar,0.01752,1391,0.065,1064,0.067
326,Ariados,0.01745,6604,0.310,5675,0.358
327,Chatot,0.01723,2601,0.122,1945,0.123
328,Lilligant,0.01708,4474,0.210,3006,0.190
329,Golduck,0.01679,2499,0.117,1790,0.113
330,Silvally-Fairy,0.01663,1563,0.073,1055,0.067
331,Mesprit,0.01655,689,0.032,497,0.031
332,Crustle,0.01598,2218,0.104,1673,0.106
333,Aurorus,0.01573,3028,0.142,2313,0.146
334,Gorebyss,0.01559,1072,0.050,776,0.049
335,Virizion,0.01444,1804,0.085,1278,0.081
336,Armaldo,0.01442,2750,0.129,2018,0.127
337,Bibarel,0.01422,1916,0.090,1445,0.091
338,Magcargo,0.01414,1650,0.077,1217,0.077
339,Regice,0.01403,3558,0.167,2533,0.160
340,Primeape,0.01342,2700,0.127,1975,0.125
341,Tangela,0.01273,1537,0.072,1084,0.068
342,Passimian,0.01270,2475,0.116,1746,0.110
343,Pidgey,0.01241,110,0.005,62,0.004
344,Gourgeist-Super,0.01217,2141,0.100,1558,0.098
345,Leavanny,0.01215,3578,0.168,2859,0.181
346,Meowstic,0.01210,3509,0.165,2652,0.168
347,Sawsbuck,0.01206,1654,0.078,1099,0.069
348,Meganium,0.01183,3307,0.155,2355,0.149
349,Klinklang,0.01169,2010,0.094,1417,0.090
350,Lopunny,0.01130,2575,0.121,1919,0.121
351,Flareon,0.01102,5840,0.274,4289,0.271
352,Probopass,0.01097,3015,0.141,2324,0.147
353,Raticate-Alola,0.01065,1439,0.067,1035,0.065
354,Sandslash,0.01061,1679,0.079,1257,0.079
355,Emolga,0.01011,3829,0.180,2866,0.181
356,Houndoom,0.00978,4972,0.233,3568,0.225
357,Hitmonchan,0.00969,3374,0.158,2406,0.152
358,Silvally-Dark,0.00964,728,0.034,509,0.032
359,Oricorio-Sensu,0.00949,1369,0.064,933,0.059
360,Liepard,0.00948,3270,0.153,2474,0.156
361,Scyther,0.00947,3929,0.184,2656,0.168
362,Togetic,0.00937,1528,0.072,1119,0.071
363,Jynx,0.00935,1610,0.075,1087,0.069
364,Regirock,0.00933,1971,0.092,1462,0.092
365,Silvally-Flying,0.00922,902,0.042,655,0.041
366,Bellossom,0.00910,1645,0.077,1047,0.066
367,Absol,0.00905,3399,0.159,2350,0.148
368,Raichu,0.00904,6095,0.286,4444,0.281
369,Ampharos,0.00891,5153,0.242,3620,0.229
370,Granbull,0.00891,2594,0.122,1878,0.119
371,Silvally-Water,0.00879,1028,0.048,694,0.044
372,Kingler,0.00859,2044,0.096,1477,0.093
373,Garbodor,0.00847,1326,0.062,1010,0.064
374,Skuntank,0.00845,1377,0.065,940,0.059
375,Rotom-Fan,0.00838,905,0.042,687,0.043
376,Sawk,0.00829,1294,0.061,951,0.060
377,Oricorio,0.00823,1463,0.069,1068,0.067
378,Gumshoos,0.00817,2176,0.102,1468,0.093
379,Glaceon,0.00816,4818,0.226,3173,0.200
380,Relicanth,0.00815,781,0.037,582,0.037
381,Camerupt,0.00807,1868,0.088,1445,0.091
382,Swoobat,0.00772,1479,0.069,984,0.062
383,Carracosta,0.00754,3432,0.161,2573,0.163
384,Mawile,0.00739,2127,0.100,1528,0.097
385,Walrein,0.00726,2541,0.119,1812,0.114
386,Pinsir,0.00717,737,0.035,534,0.034
387,Combusken,0.00702,1268,0.059,964,0.061
388,Pyroar,0.00700,2639,0.124,1837,0.116
389,Bastiodon,0.00700,3536,0.166,2823,0.178
390,Clawitzer,0.00677,2942,0.138,2131,0.135
391,Corsola,0.00662,929,0.044,677,0.043
392,Eevee,0.00652,2245,0.105,1705,0.108
393,Tropius,0.00636,1676,0.079,1122,0.071
394,Silvally-Grass,0.00636,477,0.022,326,0.021
395,Electrode,0.00633,2829,0.133,2239,0.141
396,Octillery,0.00633,914,0.043,621,0.039
397,Gogoat,0.00628,1704,0.080,1138,0.072
398,Cacturne,0.00622,2467,0.116,1784,0.113
399,Golem,0.00611,2774,0.130,2256,0.142
400,Butterfree,0.00610,2786,0.131,1967,0.124
401,Silvally-Psychic,0.00597,255,0.012,180,0.011
402,Vileplume,0.00594,1997,0.094,1375,0.087
403,Rotom,0.00581,1221,0.057,936,0.059
404,Sudowoodo,0.00577,1088,0.051,797,0.050
405,Rapidash,0.00572,1989,0.093,1453,0.092
406,Kangaskhan,0.00545,1424,0.067,1073,0.068
407,Charjabug,0.00542,273,0.013,201,0.013
408,Silvally-Fighting,0.00521,856,0.040,554,0.035
409,Zebstrika,0.00506,1459,0.068,1049,0.066
410,Marowak,0.00501,2216,0.104,1605,0.101
411,Furret,0.00495,982,0.046,778,0.049
412,Dedenne,0.00476,2308,0.108,1627,0.103
413,Whiscash,0.00470,1155,0.054,862,0.054
414,Nosepass,0.00469,1272,0.060,996,0.063
415,Huntail,0.00467,536,0.025,363,0.023
416,Aromatisse,0.00466,1093,0.051,745,0.047
417,Arbok,0.00453,2331,0.109,1641,0.104
418,Jumpluff,0.00452,1371,0.064,1018,0.064
419,Trapinch,0.00442,322,0.015,220,0.014
420,Samurott,0.00430,3096,0.145,2183,0.138
421,Altaria,0.00429,2020,0.095,1371,0.087
422,Silvally-Poison,0.00414,777,0.036,503,0.032
423,Delibird,0.00411,658,0.031,516,0.033
424,Mr. Mime,0.00405,1688,0.079,1192,0.075
425,Dunsparce,0.00402,1101,0.052,781,0.049
426,Rotom-Frost,0.00400,1268,0.059,937,0.059
427,Regigigas,0.00398,1693,0.079,1242,0.078
428,Furfrou,0.00384,1323,0.062,923,0.058
429,Muk,0.00383,1777,0.083,1378,0.087
430,Magnemite,0.00381,933,0.044,583,0.037
431,Purugly,0.00363,501,0.023,386,0.024
432,Pidgeot,0.00346,2577,0.121,1805,0.114
433,Munchlax,0.00340,288,0.014,204,0.013
434,Murkrow,0.00329,1250,0.059,899,0.057
435,Beheeyem,0.00328,1034,0.048,696,0.044
436,Oricorio-Pom-Pom,0.00327,1568,0.074,1170,0.074
437,Castform,0.00315,939,0.044,679,0.043
438,Beedrill,0.00305,1117,0.052,797,0.050
439,Zorua,0.00301,148,0.007,57,0.004
440,Wigglytuff,0.00297,1367,0.064,1010,0.064
441,Wailord,0.00291,1824,0.086,1294,0.082
442,Maractus,0.00287,813,0.038,558,0.035
443,Pineco,0.00279,718,0.034,576,0.036
444,Seaking,0.00271,1548,0.073,1107,0.070
445,Silvally-Dragon,0.00271,796,0.037,548,0.035
446,Glalie,0.00264,584,0.027,417,0.026
447,Silvally-Ice,0.00262,640,0.030,418,0.026
448,Raticate,0.00261,1073,0.050,721,0.046
449,Parasect,0.00253,836,0.039,613,0.039
450,Misdreavus,0.00247,336,0.016,266,0.017
451,Wobbuffet,0.00236,1567,0.073,1116,0.070
452,Frogadier,0.00232,342,0.016,272,0.017
453,Solrock,0.00231,1136,0.053,874,0.055
454,Rattata,0.00216,1723,0.081,1301,0.082
455,Clamperl,0.00209,168,0.008,132,0.008
456,Musharna,0.00202,1030,0.048,759,0.048
457,Delcatty,0.00197,815,0.038,620,0.039
458,Spinda,0.00185,1131,0.053,939,0.059
459,Gothitelle,0.00183,892,0.042,576,0.036
460,Roselia,0.00183,244,0.011,176,0.011
461,Vespiquen,0.00177,906,0.042,638,0.040
462,Chimecho,0.00176,1162,0.054,797,0.050
463,Basculin,0.00170,442,0.021,312,0.020
464,Gourgeist-Large,0.00169,132,0.006,81,0.005
465,Gourgeist-Small,0.00167,277,0.013,206,0.013
466,Seviper,0.00167,688,0.032,493,0.031
467,Dewgong,0.00154,649,0.030,487,0.031
468,Banette,0.00153,1462,0.069,1078,0.068
469,Haunter,0.00151,1413,0.066,1030,0.065
470,Kadabra,0.00150,297,0.014,162,0.010
471,Fearow,0.00149,757,0.035,550,0.035
472,Ledian,0.00146,711,0.033,522,0.033
473,Unfezant,0.00144,1294,0.061,888,0.056
474,Lunatone,0.00144,623,0.029,480,0.030
475,Bronzor,0.00141,108,0.005,83,0.005
476,Pachirisu,0.00140,966,0.045,714,0.045
477,Heatmor,0.00137,591,0.028,416,0.026
478,Wormadam-Trash,0.00134,212,0.010,175,0.011
479,Squirtle,0.00132,626,0.029,478,0.030
480,Lickitung,0.00131,203,0.010,147,0.009
481,Clefairy,0.00128,454,0.021,316,0.020
482,Persian,0.00125,1255,0.059,943,0.060
483,Weedle,0.00122,164,0.008,113,0.007
484,Girafarig,0.00116,660,0.031,427,0.027
485,Sneasel,0.00116,272,0.013,213,0.013
486,Duosion,0.00113,238,0.011,162,0.010
487,Koffing,0.00112,250,0.012,214,0.014
488,Oricorio-Pa'u,0.00111,311,0.015,214,0.014
489,Porygon,0.00111,142,0.007,103,0.007
490,Aipom,0.00110,144,0.007,111,0.007
491,Grumpig,0.00109,400,0.019,260,0.016
492,Monferno,0.00109,167,0.008,132,0.008
493,Throh,0.00108,619,0.029,460,0.029
494,Silvally-Bug,0.00108,157,0.007,106,0.007
495,Wartortle,0.00107,563,0.026,386,0.024
496,Onix,0.00107,662,0.031,570,0.036
497,Beautifly,0.00105,384,0.018,272,0.017
498,Swinub,0.00103,277,0.013,223,0.014
499,Dartrix,0.00102,457,0.021,324,0.020
500,Gurdurr,0.00102,226,0.011,160,0.010
501,Braixen,0.00101,708,0.033,520,0.033
502,Brionne,0.00101,224,0.011,161,0.010
503,Machoke,0.00100,481,0.023,357,0.023
504,Mightyena,0.00099,764,0.036,550,0.035
505,Dragonair,0.00099,684,0.032,474,0.030
506,Cosmoem,0.00098,117,0.005,79,0.005
507,Abra,0.00097,164,0.008,121,0.008
508,Riolu,0.00096,620,0.029,432,0.027
509,Farfetch'd,0.00094,601,0.028,437,0.028
510,Mankey,0.00093,67,0.003,53,0.003
511,Grovyle,0.00093,115,0.005,81,0.005
512,Taillow,0.00093,455,0.021,246,0.016
513,Azurill,0.00091,32,0.002,26,0.002
514,Cubone,0.00091,124,0.006,79,0.005
515,Hypno,0.00091,988,0.046,703,0.044
516,Magmar,0.00090,610,0.029,431,0.027
517,Mienfoo,0.00088,46,0.002,35,0.002
518,Carnivine,0.00083,471,0.022,328,0.021
519,Noctowl,0.00082,989,0.046,678,0.043
520,Swanna,0.00078,555,0.026,412,0.026
521,Illumise,0.00076,570,0.027,422,0.027
522,Bidoof,0.00075,381,0.018,293,0.019
523,Grotle,0.00075,100,0.005,84,0.005
524,Pumpkaboo-Super,0.00072,143,0.007,108,0.007
525,Rattata-Alola,0.00069,411,0.019,329,0.021
526,Magikarp,0.00068,720,0.034,507,0.032
527,Vigoroth,0.00068,498,0.023,392,0.025
528,Cleffa,0.00068,165,0.008,61,0.004
529,Electabuzz,0.00068,659,0.031,502,0.032
530,Lairon,0.00067,217,0.010,188,0.012
531,Meowth,0.00065,136,0.006,97,0.006
532,Cottonee,0.00065,567,0.027,385,0.024
533,Mareanie,0.00062,243,0.011,190,0.012
534,Lumineon,0.00059,332,0.016,233,0.015
535,Simisage,0.00059,484,0.023,336,0.021
536,Torracat,0.00055,385,0.018,281,0.018
537,Simipour,0.00055,471,0.022,321,0.020
538,Jigglypuff,0.00054,231,0.011,162,0.010
539,Dratini,0.00053,48,0.002,36,0.002
540,Marshtomp,0.00053,186,0.009,154,0.010
541,Dustox,0.00052,361,0.017,241,0.015
542,Mothim,0.00052,251,0.012,174,0.011
543,Bayleef,0.00051,489,0.023,348,0.022
544,Shroomish,0.00050,62,0.003,51,0.003
545,Sandshrew,0.00049,78,0.004,67,0.004
546,Minun,0.00049,346,0.016,283,0.018
547,Graveler-Alola,0.00049,232,0.011,180,0.011
548,Rhyhorn,0.00048,58,0.003,54,0.003
549,Ferroseed,0.00046,190,0.009,165,0.010
550,Wurmple,0.00046,55,0.003,37,0.002
551,Luvdisc,0.00046,236,0.011,170,0.011
552,Plusle,0.00043,392,0.018,286,0.018
553,Vulpix-Alola,0.00043,240,0.011,173,0.011
554,Starly,0.00042,279,0.013,186,0.012
555,Pidove,0.00041,29,0.001,22,0.001
556,Fletchinder,0.00041,202,0.009,158,0.010
557,Staryu,0.00040,43,0.002,32,0.002
558,Solosis,0.00038,116,0.005,78,0.005
559,Eelektrik,0.00038,155,0.007,104,0.007
560,Herdier,0.00037,36,0.002,31,0.002
561,Shelgon,0.00037,212,0.010,147,0.009
562,Caterpie,0.00037,319,0.015,168,0.011
563,Scraggy,0.00036,142,0.007,98,0.006
564,Chikorita,0.00035,67,0.003,53,0.003
565,Cosmog,0.00034,148,0.007,96,0.006
566,Sunflora,0.00034,433,0.020,296,0.019
567,Buizel,0.00033,396,0.019,281,0.018
568,Phione,0.00033,226,0.011,137,0.009
569,Swalot,0.00033,526,0.025,382,0.024
570,Krokorok,0.00032,104,0.005,73,0.005
571,Bulbasaur,0.00031,738,0.035,548,0.035
572,Vullaby,0.00031,189,0.009,141,0.009
573,Unown,0.00030,300,0.014,227,0.014
574,Wormadam-Sandy,0.00030,136,0.006,112,0.007
575,Pidgeotto,0.00030,103,0.005,81,0.005
576,Wooper,0.00028,56,0.003,42,0.003
577,Stantler,0.00027,324,0.015,221,0.014
578,Duskull,0.00027,81,0.004,65,0.004
579,Poliwag,0.00026,28,0.001,23,0.001
580,Gabite,0.00026,227,0.011,160,0.010
581,Zweilous,0.00026,106,0.005,73,0.005
582,Ivysaur,0.00025,187,0.009,140,0.009
583,Shellos,0.00025,49,0.002,29,0.002
584,Venipede,0.00024,23,0.001,23,0.001
585,Simisear,0.00024,489,0.023,352,0.022
586,Surskit,0.00023,112,0.005,104,0.007
587,Hippopotas,0.00023,242,0.011,177,0.011
588,Oshawott,0.00022,128,0.006,87,0.005
589,Psyduck,0.00022,104,0.005,80,0.005
590,Diglett-Alola,0.00022,74,0.003,59,0.004
591,Lileep,0.00021,116,0.005,83,0.005
592,Watchog,0.00021,282,0.013,208,0.013
593,Salandit,0.00020,187,0.009,125,0.008
594,Mantyke,0.00019,92,0.004,70,0.004
595,Metapod,0.00019,213,0.010,182,0.011
596,Pupitar,0.00019,64,0.003,50,0.003
597,Dewpider,0.00018,37,0.002,27,0.002
598,Stufful,0.00017,91,0.004,69,0.004
599,Grimer,0.00017,20,0.001,16,0.001
600,Swadloon,0.00017,345,0.016,293,0.019
601,Snorunt,0.00016,30,0.001,22,0.001
602,Silvally-Rock,0.00016,219,0.010,148,0.009
603,Snubbull,0.00016,30,0.001,21,0.001
604,Pikipek,0.00015,60,0.003,44,0.003
605,Fraxure,0.00015,104,0.005,76,0.005
606,Marill,0.00015,97,0.005,76,0.005
607,Karrablast,0.00015,20,0.001,17,0.001
608,Torchic,0.00015,129,0.006,102,0.006
609,Beldum,0.00014,23,0.001,19,0.001
610,Meditite,0.00014,105,0.005,79,0.005
611,Larvitar,0.00012,24,0.001,20,0.001
612,Drowzee,0.00012,39,0.002,33,0.002
613,Tympole,0.00012,5,0.000,5,0.000
614,Pawniard,0.00012,86,0.004,61,0.004
615,Ponyta,0.00012,70,0.003,58,0.004
616,Tirtouga,0.00011,38,0.002,28,0.002
617,Numel,0.00011,65,0.003,50,0.003
618,Morelull,0.00010,78,0.004,64,0.004
619,Sliggoo,0.00010,199,0.009,133,0.008
620,Quilladin,0.00010,96,0.005,55,0.003
621,Shelmet,0.00010,15,0.001,13,0.001
622,Treecko,0.00009,195,0.009,125,0.008
623,Mudbray,0.00009,107,0.005,76,0.005
624,Seadra,0.00009,120,0.006,87,0.005
625,Lampent,0.00008,101,0.005,81,0.005
626,Rufflet,0.00008,22,0.001,18,0.001
627,Cherrim,0.00008,329,0.015,201,0.013
628,Servine,0.00008,169,0.008,115,0.007
629,Whirlipede,0.00008,110,0.005,89,0.006
630,Dwebble,0.00008,52,0.002,43,0.003
631,Graveler,0.00007,89,0.004,68,0.004
632,Charmander,0.00007,305,0.014,240,0.015
633,Ledyba,0.00007,48,0.002,40,0.003
634,Croconaw,0.00007,78,0.004,53,0.003
635,Corphish,0.00007,139,0.007,104,0.007
636,Litten,0.00007,245,0.011,182,0.011
637,Hakamo-o,0.00007,264,0.012,197,0.012
638,Krabby,0.00007,231,0.011,177,0.011
639,Mime Jr.,0.00007,70,0.003,52,0.003
640,Joltik,0.00007,43,0.002,31,0.002
641,Doduo,0.00007,127,0.006,53,0.003
642,Scatterbug,0.00007,21,0.001,18,0.001
643,Kricketot,0.00007,15,0.001,11,0.001
644,Klang,0.00006,51,0.002,40,0.003
645,Palpitoad,0.00006,82,0.004,54,0.003
646,Sewaddle,0.00006,31,0.001,29,0.002
647,Boldore,0.00006,111,0.005,87,0.005
648,Spritzee,0.00006,124,0.006,78,0.005
649,Yungoos,0.00006,59,0.003,35,0.002
650,Weepinbell,0.00006,83,0.004,58,0.004
651,Charmeleon,0.00006,190,0.009,145,0.009
652,Igglybuff,0.00006,29,0.001,28,0.002
653,Staravia,0.00006,103,0.005,41,0.003
654,Yamask,0.00006,117,0.005,99,0.006
655,Bagon,0.00006,44,0.002,29,0.002
656,Metang,0.00006,209,0.010,159,0.010
657,Rowlet,0.00006,299,0.014,222,0.014
658,Prinplup,0.00005,138,0.006,113,0.007
659,Popplio,0.00005,110,0.005,83,0.005
660,Honedge,0.00005,29,0.001,21,0.001
661,Grubbin,0.00005,31,0.001,27,0.002
662,Slugma,0.00005,12,0.001,11,0.001
663,Dewott,0.00005,70,0.003,53,0.003
664,Munna,0.00005,39,0.002,27,0.002
665,Yanma,0.00005,69,0.003,44,0.003
666,Piplup,0.00005,162,0.008,124,0.008
667,Skrelp,0.00004,12,0.001,11,0.001
668,Nuzleaf,0.00004,35,0.002,24,0.002
669,Sandshrew-Alola,0.00004,102,0.005,76,0.005
670,Nidorina,0.00004,18,0.001,15,0.001
671,Skiploom,0.00004,25,0.001,20,0.001
672,Tepig,0.00004,51,0.002,38,0.002
673,Spinarak,0.00004,67,0.003,57,0.004
674,Natu,0.00004,68,0.003,61,0.004
675,Sandygast,0.00004,26,0.001,20,0.001
676,Espurr,0.00004,34,0.002,22,0.001
677,Flaaffy,0.00004,45,0.002,38,0.002
678,Pichu,0.00004,270,0.013,195,0.012
679,Nidorino,0.00004,56,0.003,42,0.003
680,Steenee,0.00003,35,0.002,22,0.001
681,Fennekin,0.00003,98,0.005,68,0.004
682,Feebas,0.00003,71,0.003,52,0.003
683,Kirlia,0.00003,64,0.003,41,0.003
684,Woobat,0.00003,46,0.002,34,0.002
685,Vibrava,0.00003,45,0.002,31,0.002
686,Buneary,0.00003,66,0.003,45,0.003
687,Chimchar,0.00003,97,0.005,73,0.005
688,Bergmite,0.00003,35,0.002,24,0.002
689,Omanyte,0.00003,64,0.003,38,0.002
690,Gothorita,0.00003,101,0.005,77,0.005
691,Zubat,0.00003,98,0.005,70,0.004
692,Poliwhirl,0.00003,93,0.004,73,0.005
693,Froakie,0.00003,171,0.008,128,0.008
694,Oddish,0.00003,71,0.003,50,0.003
695,Pignite,0.00003,224,0.011,170,0.011
696,Quilava,0.00003,294,0.014,203,0.013
697,Sunkern,0.00003,59,0.003,43,0.003
698,Vanillite,0.00003,39,0.002,29,0.002
699,Bonsly,0.00003,31,0.001,22,0.001
700,Pumpkaboo-Large,0.00003,9,0.000,8,0.001
701,Smoochum,0.00003,49,0.002,31,0.002
702,Trumbeak,0.00003,91,0.004,59,0.004
703,Ducklett,0.00003,25,0.001,15,0.001
704,Kakuna,0.00003,88,0.004,70,0.004
705,Bounsweet,0.00003,37,0.002,25,0.002
706,Poochyena,0.00003,15,0.001,12,0.001
707,Axew,0.00003,47,0.002,34,0.002
708,Bunnelby,0.00003,90,0.004,41,0.003
709,Fomantis,0.00002,18,0.001,14,0.001
710,Vulpix,0.00002,73,0.003,66,0.004
711,Drifloon,0.00002,46,0.002,39,0.002
712,Crabrawler,0.00002,73,0.003,53,0.003
713,Cutiefly,0.00002,39,0.002,24,0.002
714,Fletchling,0.00002,31,0.001,23,0.001
715,Elekid,0.00002,38,0.002,28,0.002
716,Hoothoot,0.00002,23,0.001,16,0.001
717,Amaura,0.00002,36,0.002,27,0.002
718,Togepi,0.00002,99,0.005,69,0.004
719,Lombre,0.00002,52,0.002,37,0.002
720,Snivy,0.00002,138,0.006,97,0.006
721,Grimer-Alola,0.00002,54,0.003,38,0.002
722,Foongus,0.00002,39,0.002,27,0.002
723,Remoraid,0.00002,27,0.001,21,0.001
724,Turtwig,0.00002,29,0.001,18,0.001
725,Totodile,0.00002,159,0.007,125,0.008
726,Wailmer,0.00002,48,0.002,38,0.002
727,Wimpod,0.00002,108,0.005,81,0.005
728,Cranidos,0.00002,32,0.002,23,0.001
729,Purrloin,0.00002,41,0.002,30,0.002
730,Skiddo,0.00002,9,0.000,8,0.001
731,Tyrunt,0.00002,78,0.004,58,0.004
732,Tynamo,0.00002,18,0.001,12,0.001
733,Cyndaquil,0.00002,92,0.004,66,0.004
734,Mudkip,0.00002,82,0.004,58,0.004
735,Gible,0.00001,141,0.007,112,0.007
736,Loudred,0.00001,14,0.001,11,0.001
737,Burmy,0.00001,17,0.001,14,0.001
738,Ralts,0.00001,73,0.003,59,0.004
739,Chinchou,0.00001,32,0.002,25,0.002
740,Tranquill,0.00001,15,0.001,12,0.001
741,Goldeen,0.00001,23,0.001,19,0.001
742,Archen,0.00001,73,0.003,43,0.003
743,Skitty,0.00001,49,0.002,44,0.003
744,Goomy,0.00001,58,0.003,30,0.002
745,Gastly,0.00001,127,0.006,104,0.007
746,Growlithe,0.00001,81,0.004,60,0.004
747,Floette,0.00001,41,0.002,30,0.002
748,Teddiursa,0.00001,75,0.004,59,0.004
749,Swirlix,0.00001,15,0.001,13,0.001
750,Paras,0.00001,33,0.002,25,0.002
751,Wormadam,0.00001,69,0.003,49,0.003
752,Chingling,0.00001,25,0.001,20,0.001
753,Anorith,0.00001,10,0.000,6,0.000
754,Sealeo,0.00001,38,0.002,24,0.002
755,Meowth-Alola,0.00001,113,0.005,96,0.006
756,Rockruff,0.00001,86,0.004,63,0.004
757,Bellsprout,0.00001,22,0.001,18,0.001
758,Litwick,0.00001,57,0.003,48,0.003
759,Skorupi,0.00001,22,0.001,18,0.001
760,Phanpy,0.00001,71,0.003,45,0.003
761,Carvanha,0.00001,46,0.002,33,0.002
762,Baltoy,0.00001,24,0.001,22,0.001
763,Croagunk,0.00001,30,0.001,18,0.001
764,Blitzle,0.00001,18,0.001,12,0.001
765,Lotad,0.00001,19,0.001,14,0.001
766,Pancham,0.00001,112,0.005,82,0.005
767,Gothita,0.00001,8,0.000,8,0.001
768,Geodude-Alola,0.00001,33,0.002,26,0.002
769,Jangmo-o,0.00001,32,0.002,22,0.001
770,Gloom,0.00001,27,0.001,15,0.001
771,Horsea,0.00001,25,0.001,20,0.001
772,Shieldon,0.00001,14,0.001,10,0.001
773,Chespin,0.00001,65,0.003,48,0.003
774,Seel,0.00001,22,0.001,15,0.001
775,Spearow,0.00001,13,0.001,11,0.001
776,Snover,0.00001,43,0.002,35,0.002
777,Zigzagoon,0.00000,61,0.003,40,0.003
778,Magby,0.00000,22,0.001,18,0.001
779,Swablu,0.00000,17,0.001,15,0.001
780,Geodude,0.00000,93,0.004,88,0.006
781,Tyrogue,0.00000,27,0.001,22,0.001
782,Petilil,0.00000,12,0.001,8,0.001
783,Roggenrola,0.00000,34,0.002,23,0.001
784,Sentret,0.00000,22,0.001,14,0.001
785,Frillish,0.00000,27,0.001,22,0.001
786,Cherubi,0.00000,30,0.001,17,0.001
787,Noibat,0.00000,30,0.001,23,0.001
788,Inkay,0.00000,39,0.002,30,0.002
789,Mareep,0.00000,37,0.002,30,0.002
790,Darumaka,0.00000,40,0.002,37,0.002
791,Kabuto,0.00000,44,0.002,35,0.002
792,Ekans,0.00000,27,0.001,24,0.002
793,Shuppet,0.00000,12,0.001,8,0.001
794,Larvesta,0.00000,25,0.001,18,0.001
795,Litleo,0.00000,51,0.002,41,0.003
796,Vanillish,0.00000,26,0.001,19,0.001
797,Slakoth,0.00000,26,0.001,23,0.001
798,Stunky,0.00000,10,0.000,8,0.001
799,Phantump,0.00000,30,0.001,22,0.001
800,Helioptile,0.00000,10,0.000,8,0.001
801,Seedot,0.00000,22,0.001,17,0.001
802,Tentacool,0.00000,42,0.002,34,0.002
803,NidoranM,0.00000,38,0.002,26,0.002
804,Wynaut,0.00000,64,0.003,48,0.003
805,Spoink,0.00000,15,0.001,14,0.001
806,Luxio,0.00000,22,0.001,14,0.001
807,Cubchoo,0.00000,36,0.002,33,0.002
808,Electrike,0.00000,34,0.002,28,0.002
809,Slowpoke,0.00000,25,0.001,17,0.001
810,Budew,0.00000,16,0.001,14,0.001
811,Machop,0.00000,19,0.001,15,0.001
812,Deino,0.00000,29,0.001,19,0.001
813,Voltorb,0.00000,19,0.001,15,0.001
814,Wingull,0.00000,24,0.001,18,0.001
815,Exeggcute,0.00000,47,0.002,40,0.003
816,Glameow,0.00000,33,0.002,19,0.001
817,Timburr,0.00000,6,0.000,4,0.000
818,Shinx,0.00000,34,0.002,25,0.002
819,Deerling,0.00000,36,0.002,22,0.001
820,Sandile,0.00000,22,0.001,19,0.001
821,Minccino,0.00000,18,0.001,14,0.001
822,Cacnea,0.00000,9,0.000,7,0.000
823,Flabebe,0.00000,7,0.000,6,0.000
824,Happiny,0.00000,30,0.001,21,0.001
825,Lillipup,0.00000,17,0.001,16,0.001
826,Shellder,0.00000,23,0.001,17,0.001
827,Finneon,0.00000,10,0.000,7,0.000
828,Hoppip,0.00000,24,0.001,18,0.001
829,Pumpkaboo,0.00000,13,0.001,13,0.001
830,Trubbish,0.00000,13,0.001,11,0.001
831,Binacle,0.00000,8,0.000,6,0.000
832,Combee,0.00000,28,0.001,20,0.001
833,Golett,0.00000,8,0.000,7,0.000
834,Drilbur,0.00000,22,0.001,15,0.001
835,Whismur,0.00000,13,0.001,6,0.000
836,Pansear,0.00000,23,0.001,17,0.001
837,Panpour,0.00000,18,0.001,13,0.001
838,Silcoon,0.00000,31,0.001,26,0.002
839,Makuhita,0.00000,8,0.000,4,0.000
840,Spewpa,0.00000,12,0.001,11,0.001
841,Cascoon,0.00000,17,0.001,15,0.001
842,Pansage,0.00000,13,0.001,8,0.001
843,Spheal,0.00000,11,0.001,6,0.000
844,Patrat,0.00000,6,0.000,6,0.000
845,Venonat,0.00000,16,0.001,12,0.001
846,NidoranF,0.00000,7,0.000,6,0.000
847,Elgyem,0.00000,7,0.000,6,0.000
848,Nincada,0.00000,10,0.000,8,0.001
849,Barboach,0.00000,9,0.000,6,0.000
850,Klink,0.00000,7,0.000,7,0.000
851,Houndour,0.00000,16,0.001,11,0.001
852,Clauncher,0.00000,7,0.000,6,0.000
853,Gulpin,0.00000,17,0.001,8,0.001
854,Pumpkaboo-Small,0.00000,1,0.000,1,0.000
