 Total battles: 32154
 Avg. weight/team: 0.014
Rank,Pokemon,Usage percentage,Raw,Raw percentage,Real,Real percentage
1,Kartana,28.71609,19126,29.741,14078,29.626
2,Doublade,27.57188,3957,6.153,3111,6.547
3,Tapu Koko,26.42567,9450,14.695,7379,15.528
4,Pheromosa,24.83957,19148,29.775,14609,30.743
5,Chansey,24.55033,9155,14.236,6888,14.495
6,Celesteela,24.22959,11821,18.382,9454,19.895
7,Snorlax,21.86257,5752,8.944,4393,9.245
8,Landorus-Therian,18.77058,6110,9.501,4546,9.567
9,Cresselia,18.17883,5056,7.862,3822,8.043
10,Tapu Fini,17.67413,6698,10.416,5238,11.023
11,Hoopa-Unbound,17.66970,8275,12.868,5763,12.128
12,Buzzwole,17.04618,6102,9.489,4695,9.880
13,Muk-Alola,15.24444,4872,7.576,3856,8.115
14,Heatran,14.48214,9208,14.319,6819,14.350
15,Pinsir-Mega,14.24899,7467,11.611,5058,10.644
16,Suicune,12.62067,7202,11.199,5488,11.549
17,Garchomp,12.42126,7942,12.350,5828,12.264
18,Xurkitree,10.90984,7729,12.019,5741,12.081
19,Raikou,10.49529,2217,3.447,1723,3.626
20,Charizard-Mega-X,10.31622,1559,2.424,1151,2.422
21,Guzzlord,10.16174,2211,3.438,1658,3.489
22,Gyarados-Mega,10.05730,5361,8.336,3847,8.096
23,Magearna,6.97906,5312,8.260,4096,8.620
24,Mandibuzz,6.72829,1238,1.925,989,2.081
25,Metagross-Mega,6.72583,4774,7.424,3382,7.117
26,Keldeo,6.69578,3615,5.621,2608,5.488
27,Archeops,6.54077,5941,9.238,4400,9.259
28,Venusaur-Mega,6.34536,1873,2.913,1460,3.072
29,Primarina,6.16727,1121,1.743,857,1.803
30,Alakazam-Mega,6.09272,5173,8.044,3445,7.250
31,Krookodile,6.05586,924,1.437,695,1.463
32,Alakazam,5.69231,5347,8.315,3500,7.365
33,Swampert,5.53464,3919,6.094,3191,6.715
34,Terrakion,5.22987,4794,7.455,3478,7.319
35,Blissey,4.88423,2938,4.569,2094,4.407
36,Zapdos,4.68340,2864,4.454,2209,4.649
37,Aerodactyl,4.07153,1849,2.875,1533,3.226
38,Sableye-Mega,4.06239,913,1.420,821,1.728
39,Ferrothorn,3.68075,3105,4.828,2504,5.269
40,Zygarde,3.55123,958,1.490,779,1.639
41,Registeel,3.32487,2497,3.883,2014,4.238
42,Salazzle,3.26327,2827,4.396,2058,4.331
43,Gengar,3.15986,4046,6.292,2846,5.989
44,Marowak-Alola,3.11286,2954,4.594,2242,4.718
45,Weavile,2.64005,3886,6.043,2953,6.214
46,Umbreon,2.57536,1267,1.970,962,2.024
47,Marowak,2.57057,736,1.144,601,1.265
48,Thundurus,2.50746,1815,2.822,1348,2.837
49,Glalie-Mega,2.46049,2260,3.514,1554,3.270
50,Rhyperior,2.43724,798,1.241,629,1.324
51,Kyurem,2.23768,1995,3.102,1439,3.028
52,Ninjask,2.22666,1864,2.899,1640,3.451
53,Hydreigon,2.08843,1565,2.434,1172,2.466
54,Latios,2.07403,2350,3.654,1584,3.333
55,Bouffalant,2.04769,224,0.348,143,0.301
56,Golisopod,2.01705,2064,3.210,1614,3.397
57,Excadrill,1.95664,1031,1.603,764,1.608
58,Celebi,1.94306,805,1.252,562,1.183
59,Diancie,1.89109,775,1.205,587,1.235
60,Bewear,1.86046,2359,3.668,1681,3.538
61,Tyranitar,1.85192,3231,5.024,2298,4.836
62,Charizard-Mega-Y,1.35156,1666,2.591,1239,2.607
63,Hippowdon,1.34920,802,1.247,593,1.248
64,Jellicent,1.34257,268,0.417,211,0.444
65,Magnezone,1.24863,1767,2.748,1391,2.927
66,Toxapex,1.21939,2210,3.437,1668,3.510
67,Type: Null,1.21437,1562,2.429,1258,2.647
68,Hoopa,1.06263,628,0.977,442,0.930
69,Porygon-Z,1.04186,1681,2.614,1222,2.572
70,Skarmory,1.03281,1617,2.514,1319,2.776
71,Porygon2,1.02003,545,0.847,400,0.842
72,Jolteon,1.00103,2700,4.199,2143,4.510
73,Chandelure,0.95098,1697,2.639,1308,2.753
74,Infernape,0.93276,1188,1.847,925,1.947
75,Greninja,0.90044,1540,2.395,1119,2.355
76,Staraptor,0.89953,788,1.225,549,1.155
77,Shuckle,0.89561,2153,3.348,1700,3.577
78,Mew,0.89247,1005,1.563,713,1.500
79,Kommo-o,0.87186,1571,2.443,1131,2.380
80,Tornadus-Therian,0.87022,1149,1.787,895,1.883
81,Thundurus-Therian,0.86203,2953,4.592,2218,4.668
82,Chesnaught,0.85642,221,0.344,167,0.351
83,Goodra,0.84854,990,1.539,768,1.616
84,Volcanion,0.84590,820,1.275,576,1.212
85,Victini,0.83661,902,1.403,655,1.378
86,Scizor-Mega,0.82854,1447,2.250,1050,2.210
87,Spiritomb,0.81892,334,0.519,263,0.553
88,Escavalier,0.81592,989,1.538,816,1.717
89,Darmanitan,0.80128,1283,1.995,1013,2.132
90,Tangrowth,0.78043,295,0.459,232,0.488
91,Nihilego,0.77654,1945,3.025,1401,2.948
92,Steelix,0.77351,575,0.894,460,0.968
93,Florges,0.75805,712,1.107,528,1.111
94,Tapu Lele,0.74673,1754,2.727,1201,2.527
95,Meloetta,0.71396,1060,1.648,804,1.692
96,Garchomp-Mega,0.69805,1806,2.808,1267,2.666
97,Jirachi,0.66048,801,1.246,586,1.233
98,Regirock,0.65761,975,1.516,749,1.576
99,Salamence-Mega,0.65404,351,0.546,262,0.551
100,Gyarados,0.64714,1142,1.776,851,1.791
101,Volcarona,0.63332,941,1.463,703,1.479
102,Dhelmise,0.63182,205,0.319,154,0.324
103,Tapu Bulu,0.61519,1601,2.490,1141,2.401
104,Cofagrigus,0.60133,592,0.921,466,0.981
105,Togekiss,0.56470,369,0.574,268,0.564
106,Throh,0.53722,71,0.110,53,0.112
107,Alomomola,0.53186,274,0.426,204,0.429
108,Pangoro,0.51206,208,0.323,153,0.322
109,Sceptile,0.49339,1816,2.824,1238,2.605
110,Uxie,0.46766,332,0.516,265,0.558
111,Azelf,0.45645,889,1.382,611,1.286
112,Scizor,0.45639,1424,2.214,1143,2.405
113,Electrode,0.44753,634,0.986,552,1.162
114,Eevee,0.44382,738,1.148,561,1.181
115,Conkeldurr,0.43701,764,1.188,586,1.233
116,Hawlucha,0.42075,478,0.743,330,0.694
117,Latias,0.40893,586,0.911,414,0.871
118,Turtonator,0.38921,281,0.437,232,0.488
119,Dusclops,0.38504,912,1.418,683,1.437
120,Metagross,0.36938,896,1.393,670,1.410
121,Palossand,0.36339,744,1.157,567,1.193
122,Aerodactyl-Mega,0.36077,826,1.284,632,1.330
123,Manaphy,0.35626,702,1.092,530,1.115
124,Rampardos,0.33949,840,1.306,613,1.290
125,Gastrodon,0.33398,230,0.358,184,0.387
126,Roserade,0.32914,839,1.305,620,1.305
127,Armaldo,0.30816,71,0.110,52,0.109
128,Necrozma,0.29352,399,0.620,289,0.608
129,Dodrio,0.27789,434,0.675,317,0.667
130,Tornadus,0.26853,554,0.861,449,0.945
131,Gliscor,0.26282,258,0.401,212,0.446
132,Drampa,0.25500,342,0.532,257,0.541
133,Cosmoem,0.25422,1076,1.673,861,1.812
134,Gallade,0.24742,1022,1.589,747,1.572
135,Accelgor,0.24652,605,0.941,505,1.063
136,Virizion,0.24464,713,1.109,520,1.094
137,Arceus,0.23439,97,0.151,62,0.130
138,Incineroar,0.22671,371,0.577,297,0.625
139,Empoleon,0.21515,384,0.597,297,0.625
140,Rotom-Heat,0.21098,409,0.636,333,0.701
141,Salamence,0.20070,449,0.698,347,0.730
142,Articuno,0.20045,326,0.507,214,0.450
143,Shaymin,0.19959,538,0.837,373,0.785
144,Venusaur,0.19750,556,0.865,377,0.793
145,Mantine,0.18899,561,0.872,464,0.976
146,Mamoswine,0.18884,1136,1.766,861,1.812
147,Moltres,0.18205,691,1.075,560,1.178
148,Cobalion,0.18155,573,0.891,425,0.894
149,Rotom-Wash,0.17609,760,1.182,566,1.191
150,Kabutops,0.17550,269,0.418,188,0.396
151,Deoxys-Attack,0.17450,94,0.146,65,0.137
152,Vikavolt,0.17234,723,1.124,541,1.138
153,Bisharp,0.16583,592,0.921,462,0.972
154,Entei,0.16547,654,1.017,514,1.082
155,Ambipom,0.16490,232,0.361,168,0.354
156,Sylveon,0.15903,194,0.302,149,0.314
157,Ursaring,0.15738,766,1.191,529,1.113
158,Pikachu,0.15461,476,0.740,336,0.707
159,Dragonite,0.15454,560,0.871,410,0.863
160,Kingler,0.15228,582,0.905,438,0.922
161,Rhydon,0.14984,256,0.398,195,0.410
162,Braviary,0.14808,402,0.625,294,0.619
163,Electivire,0.14748,675,1.050,511,1.075
164,Mewtwo,0.14533,58,0.090,25,0.053
165,Zekrom,0.13413,29,0.045,19,0.040
166,Heracross,0.13391,252,0.392,206,0.434
167,Pyroar,0.13086,305,0.474,215,0.452
168,Pyukumuku,0.12452,265,0.412,204,0.429
169,Kangaskhan,0.12254,79,0.123,64,0.135
170,Durant,0.12102,367,0.571,273,0.575
171,Stoutland,0.11644,53,0.082,43,0.090
172,Gardevoir,0.11603,344,0.535,256,0.539
173,Tentacruel,0.11592,354,0.550,269,0.566
174,Espeon,0.10912,289,0.449,189,0.398
175,Lycanroc,0.10822,411,0.639,303,0.638
176,Rayquaza-Mega,0.10328,65,0.101,48,0.101
177,Milotic,0.09730,408,0.634,296,0.623
178,Serperior,0.09490,143,0.222,82,0.173
179,Cinccino,0.09408,72,0.112,60,0.126
180,Lugia,0.09314,49,0.076,40,0.084
181,Haxorus,0.09288,532,0.827,375,0.789
182,Rotom-Frost,0.09158,472,0.734,342,0.720
183,Torkoal,0.09030,136,0.211,115,0.242
184,Dusknoir,0.08781,479,0.745,356,0.749
185,Groudon-Primal,0.08693,44,0.068,34,0.072
186,Dragalge,0.08503,94,0.146,69,0.145
187,Regice,0.08225,493,0.767,361,0.760
188,Floatzel,0.08207,201,0.313,153,0.322
189,Sawsbuck,0.08189,153,0.238,113,0.238
190,Sharpedo,0.08185,316,0.491,230,0.484
191,Slowbro,0.08163,280,0.435,214,0.450
192,Crobat,0.08159,521,0.810,408,0.859
193,Dialga,0.08143,21,0.033,19,0.040
194,Relicanth,0.08071,35,0.054,32,0.067
195,Lucario,0.07406,731,1.137,558,1.174
196,Kyogre,0.07349,17,0.026,9,0.019
197,Tauros,0.07110,262,0.407,172,0.362
198,Mudsdale,0.06884,299,0.465,236,0.497
199,Sharpedo-Mega,0.06874,58,0.090,42,0.088
200,Blastoise,0.06835,213,0.331,155,0.326
201,Donphan,0.06530,76,0.118,67,0.141
202,Starmie,0.06404,348,0.541,239,0.503
203,Giratina,0.06354,53,0.082,39,0.082
204,Arcanine,0.06175,314,0.488,234,0.492
205,Decidueye,0.06084,397,0.617,308,0.648
206,Amoonguss,0.05902,117,0.182,86,0.181
207,Stunfisk,0.05867,78,0.121,63,0.133
208,Reshiram,0.05772,10,0.016,6,0.013
209,Scrafty,0.05713,337,0.524,232,0.488
210,Tsareena,0.05400,125,0.194,88,0.185
211,Breloom,0.05047,172,0.267,133,0.280
212,Comfey,0.05031,78,0.121,43,0.090
213,Silvally-Ghost,0.05007,30,0.047,27,0.057
214,Mimikyu,0.04898,344,0.535,261,0.549
215,Torterra,0.04853,154,0.239,122,0.257
216,Talonflame,0.04816,257,0.400,192,0.404
217,Rotom-Mow,0.04646,300,0.467,240,0.505
218,Seismitoad,0.04541,167,0.260,123,0.259
219,Camerupt,0.04472,189,0.294,147,0.309
220,Gourgeist-Super,0.04361,153,0.238,116,0.244
221,Forretress,0.04263,236,0.367,200,0.421
222,Honchkrow,0.04191,94,0.146,67,0.141
223,Exeggutor-Alola,0.04138,268,0.417,210,0.442
224,Claydol,0.04013,155,0.241,130,0.274
225,Crabominable,0.03994,156,0.243,119,0.250
226,Greninja-Ash,0.03761,527,0.819,394,0.829
227,Raichu-Alola,0.03651,265,0.412,195,0.410
228,Fraxure,0.03647,55,0.086,35,0.074
229,Dugtrio,0.03500,124,0.193,91,0.192
230,Carracosta,0.03424,20,0.031,16,0.034
231,Avalugg,0.03394,101,0.157,68,0.143
232,Gengar-Mega,0.03363,80,0.124,62,0.130
233,Bronzong,0.03320,173,0.269,131,0.276
234,Xerneas,0.03227,14,0.022,5,0.011
235,Leafeon,0.03132,109,0.169,73,0.154
236,Slowbro-Mega,0.03123,317,0.493,238,0.501
237,Gligar,0.03062,66,0.103,48,0.101
238,Toxicroak,0.03018,120,0.187,72,0.152
239,Rapidash,0.02940,154,0.239,118,0.248
240,Kangaskhan-Mega,0.02923,30,0.047,21,0.044
241,Slurpuff,0.02906,74,0.115,39,0.082
242,Magneton,0.02781,60,0.093,46,0.097
243,Froslass,0.02754,274,0.426,221,0.465
244,Blastoise-Mega,0.02587,296,0.460,215,0.452
245,Machamp,0.02579,259,0.403,193,0.406
246,Reuniclus,0.02481,51,0.079,34,0.072
247,Cloyster,0.02454,145,0.225,114,0.240
248,Houndoom,0.02351,159,0.247,117,0.246
249,Drapion,0.02285,340,0.529,266,0.560
250,Trevenant,0.02282,45,0.070,37,0.078
251,Clamperl,0.02263,68,0.106,53,0.112
252,Silvally,0.02243,294,0.457,220,0.463
253,Clefable,0.02184,135,0.210,96,0.202
254,Luxray,0.02181,177,0.275,141,0.297
255,Zebstrika,0.02118,108,0.168,89,0.187
256,Zoroark,0.02102,205,0.319,138,0.290
257,Wobbuffet,0.02092,136,0.211,103,0.217
258,Vaporeon,0.02035,260,0.404,188,0.396
259,Noivern,0.02027,285,0.443,213,0.448
260,Klefki,0.02004,24,0.037,17,0.036
261,Glaceon,0.01948,244,0.379,167,0.351
262,Probopass,0.01944,70,0.109,55,0.116
263,Lucario-Mega,0.01887,40,0.062,28,0.059
264,Lanturn,0.01859,85,0.132,66,0.139
265,Nidoqueen,0.01855,39,0.061,34,0.072
266,Charizard,0.01850,339,0.527,243,0.511
267,Delphox,0.01802,305,0.474,220,0.463
268,Kingdra,0.01778,310,0.482,227,0.478
269,Nidoking,0.01764,151,0.235,114,0.240
270,Swalot,0.01716,50,0.078,35,0.074
271,Dedenne,0.01701,71,0.110,55,0.116
272,Ho-Oh,0.01660,14,0.022,9,0.019
273,Minior,0.01607,312,0.485,254,0.535
274,Heatmor,0.01574,16,0.025,16,0.034
275,Beartic,0.01565,73,0.114,45,0.095
276,Flareon,0.01526,151,0.235,113,0.238
277,Pelipper,0.01467,63,0.098,50,0.105
278,Ninetales-Alola,0.01401,142,0.221,104,0.219
279,Tyrantrum,0.01372,70,0.109,52,0.109
280,Bastiodon,0.01370,138,0.215,109,0.229
281,Ribombee,0.01315,94,0.146,55,0.116
282,Crawdaunt,0.01278,52,0.081,40,0.084
283,Galvantula,0.01166,95,0.148,76,0.160
284,Typhlosion,0.01145,163,0.253,116,0.244
285,Ludicolo,0.01125,68,0.106,51,0.107
286,Aegislash,0.01121,19,0.030,14,0.029
287,Mismagius,0.01115,172,0.267,119,0.250
288,Kyogre-Primal,0.01108,14,0.022,8,0.017
289,Scolipede,0.01107,136,0.211,92,0.194
290,Azumarill,0.01075,29,0.045,24,0.051
291,Vanilluxe,0.01016,25,0.039,19,0.040
292,Whimsicott,0.00994,95,0.148,76,0.160
293,Absol-Mega,0.00988,140,0.218,111,0.234
294,Granbull,0.00937,63,0.098,49,0.103
295,Electabuzz,0.00912,35,0.054,25,0.053
296,Kyurem-White,0.00910,14,0.022,10,0.021
297,Omastar,0.00886,36,0.056,28,0.059
298,Lilligant,0.00825,55,0.086,39,0.082
299,Piloswine,0.00803,6,0.009,4,0.008
300,Jynx,0.00796,71,0.110,42,0.088
301,Aggron,0.00770,240,0.373,179,0.377
302,Poliwrath,0.00726,119,0.185,87,0.183
303,Lapras,0.00707,274,0.426,207,0.436
304,Aurorus,0.00703,90,0.140,71,0.149
305,Emboar,0.00685,130,0.202,96,0.202
306,Cradily,0.00675,104,0.162,81,0.170
307,Walrein,0.00651,85,0.132,61,0.128
308,Heliolisk,0.00649,232,0.361,153,0.322
309,Zygarde-10,0.00643,103,0.160,78,0.164
310,Eelektross,0.00633,91,0.142,72,0.152
311,Feraligatr,0.00604,78,0.121,58,0.122
312,Cryogonal,0.00587,66,0.103,43,0.090
313,Dugtrio-Alola,0.00571,172,0.267,116,0.244
314,Yanmega,0.00566,67,0.104,47,0.099
315,Absol,0.00551,51,0.079,39,0.082
316,Hariyama,0.00526,64,0.100,43,0.090
317,Mienshao,0.00498,162,0.252,121,0.255
318,Druddigon,0.00439,36,0.056,19,0.040
319,Tropius,0.00433,19,0.030,16,0.034
320,Rotom-Fan,0.00428,49,0.076,41,0.086
321,Wishiwashi,0.00427,80,0.124,63,0.133
322,Simisage,0.00418,13,0.020,10,0.021
323,Togedemaru,0.00377,54,0.084,33,0.069
324,Vespiquen,0.00367,41,0.064,27,0.057
325,Drifblim,0.00353,280,0.435,200,0.421
326,Musharna,0.00351,32,0.050,27,0.057
327,Gogoat,0.00350,53,0.082,33,0.069
328,Misdreavus,0.00349,38,0.059,35,0.074
329,Scyther,0.00348,115,0.179,87,0.183
330,Sigilyph,0.00347,56,0.087,35,0.074
331,Jigglypuff,0.00313,64,0.100,51,0.107
332,Wailord,0.00308,64,0.100,47,0.099
333,Hitmonchan,0.00301,34,0.053,26,0.055
334,Silvally-Fairy,0.00296,28,0.044,18,0.038
335,Golurk,0.00287,128,0.199,109,0.229
336,Silvally-Poison,0.00252,5,0.008,4,0.008
337,Mesprit,0.00242,33,0.051,24,0.051
338,Quagsire,0.00241,89,0.138,68,0.143
339,Solgaleo,0.00238,11,0.017,8,0.017
340,Swellow,0.00219,99,0.154,82,0.173
341,Politoed,0.00218,31,0.048,27,0.057
342,Shaymin-Sky,0.00211,6,0.009,3,0.006
343,Rattata,0.00200,13,0.020,13,0.027
344,Wormadam-Trash,0.00197,14,0.022,13,0.027
345,Swanna,0.00189,37,0.058,30,0.063
346,Shiftry,0.00178,13,0.020,11,0.023
347,Diglett-Alola,0.00176,12,0.019,12,0.025
348,Exeggutor,0.00168,104,0.162,79,0.166
349,Passimian,0.00164,73,0.114,60,0.126
350,Komala,0.00164,35,0.054,28,0.059
351,Gourgeist,0.00157,25,0.039,15,0.032
352,Magmortar,0.00156,78,0.121,69,0.145
353,Silvally-Grass,0.00153,8,0.012,6,0.013
354,Ledian,0.00152,21,0.033,20,0.042
355,Swoobat,0.00152,20,0.031,12,0.025
356,Klinklang,0.00146,62,0.096,54,0.114
357,Golem-Alola,0.00137,120,0.187,98,0.206
358,Weezing,0.00136,55,0.086,39,0.082
359,Corsola,0.00136,23,0.036,15,0.032
360,Slowking,0.00127,49,0.076,34,0.072
361,Silvally-Bug,0.00122,22,0.034,20,0.042
362,Lickilicky,0.00109,30,0.047,25,0.053
363,Ampharos,0.00108,69,0.107,63,0.133
364,Groudon,0.00106,18,0.028,12,0.025
365,Tangela,0.00100,68,0.106,51,0.107
366,Golem,0.00095,70,0.109,56,0.118
367,Xatu,0.00087,26,0.040,25,0.053
368,Carbink,0.00082,64,0.100,50,0.105
369,Oranguru,0.00078,34,0.053,26,0.055
370,Abomasnow,0.00074,61,0.095,47,0.099
371,Wigglytuff,0.00068,29,0.045,21,0.044
372,Oricorio-Pom-Pom,0.00064,19,0.030,13,0.027
373,Golbat,0.00063,13,0.020,11,0.023
374,Zorua,0.00063,3,0.005,2,0.004
375,Liepard,0.00062,10,0.016,9,0.019
376,Rotom,0.00059,15,0.023,13,0.027
377,Dartrix,0.00054,18,0.028,16,0.034
378,Araquanid,0.00052,69,0.107,49,0.103
379,Raichu,0.00050,70,0.109,58,0.122
380,Togetic,0.00050,59,0.092,41,0.086
381,Masquerain,0.00044,20,0.031,9,0.019
382,Leavanny,0.00044,43,0.067,31,0.065
383,Farfetch'd,0.00043,83,0.129,59,0.124
384,Meganium,0.00043,71,0.110,48,0.101
385,Zangoose,0.00040,22,0.034,17,0.036
386,Mareanie,0.00039,8,0.012,5,0.011
387,Lycanroc-Midnight,0.00038,53,0.082,44,0.093
388,Sawk,0.00038,8,0.012,7,0.015
389,Tynamo,0.00036,5,0.008,5,0.011
390,Kecleon,0.00032,21,0.033,14,0.029
391,Miltank,0.00027,57,0.089,39,0.082
392,Silvally-Water,0.00026,6,0.009,6,0.013
393,Shiinotic,0.00026,17,0.026,10,0.021
394,Sableye,0.00026,38,0.059,27,0.057
395,Cacturne,0.00024,26,0.040,22,0.046
396,Sandslash-Alola,0.00024,109,0.169,85,0.179
397,Dewgong,0.00023,28,0.044,19,0.040
398,Shelgon,0.00018,9,0.014,9,0.019
399,Aromatisse,0.00018,8,0.012,5,0.011
400,Phione,0.00017,29,0.045,18,0.038
401,Gothitelle,0.00017,20,0.031,16,0.034
402,Victreebel,0.00015,34,0.053,24,0.051
403,Krabby,0.00013,20,0.031,16,0.034
404,Munchlax,0.00013,15,0.023,9,0.019
405,Wartortle,0.00011,12,0.019,9,0.019
406,Pignite,0.00011,4,0.006,2,0.004
407,Samurott,0.00011,76,0.118,54,0.114
408,Raticate-Alola,0.00011,38,0.059,29,0.061
409,Silvally-Fire,0.00011,12,0.019,8,0.017
410,Gorebyss,0.00010,9,0.014,6,0.013
411,Flaaffy,0.00010,2,0.003,2,0.004
412,Huntail,0.00010,5,0.008,4,0.008
413,Salandit,0.00010,20,0.031,18,0.038
414,Hitmonlee,0.00010,59,0.092,41,0.086
415,Gumshoos,0.00010,26,0.040,14,0.029
416,Flygon,0.00009,87,0.135,67,0.141
417,Oricorio,0.00008,19,0.030,13,0.027
418,Vileplume,0.00008,45,0.070,32,0.067
419,Lurantis,0.00008,19,0.030,15,0.032
420,Sliggoo,0.00007,11,0.017,7,0.015
421,Ferroseed,0.00007,4,0.006,3,0.006
422,Magcargo,0.00007,17,0.026,15,0.032
423,Hypno,0.00007,14,0.022,11,0.023
424,Surskit,0.00006,6,0.009,5,0.011
425,Landorus,0.00004,2,0.003,1,0.002
426,Simipour,0.00003,4,0.006,3,0.006
427,Skuntank,0.00003,18,0.028,16,0.034
428,Pinsir,0.00003,17,0.026,14,0.029
429,Torracat,0.00002,14,0.022,12,0.025
430,Murkrow,0.00002,7,0.011,6,0.013
431,Ditto,0.00002,8,0.012,7,0.015
432,Clawitzer,0.00002,41,0.064,31,0.065
433,Chatot,0.00002,17,0.026,15,0.032
434,Oricorio-Sensu,0.00002,15,0.023,13,0.027
435,Oricorio-Pa'u,0.00002,5,0.008,4,0.008
436,Mareep,0.00002,2,0.003,1,0.002
437,Pupitar,0.00002,2,0.003,0,0.000
438,Whiscash,0.00002,15,0.023,11,0.023
439,Meowstic,0.00002,25,0.039,21,0.044
440,Grumpig,0.00002,15,0.023,9,0.019
441,Bonsly,0.00002,4,0.006,4,0.008
442,Caterpie,0.00002,4,0.006,4,0.008
443,Sneasel,0.00002,18,0.028,11,0.023
444,Gourgeist-Large,0.00002,3,0.005,3,0.006
445,Vulpix-Alola,0.00002,6,0.009,5,0.011
446,Roselia,0.00002,6,0.009,6,0.013
447,Unfezant,0.00001,25,0.039,20,0.042
448,Girafarig,0.00001,3,0.005,3,0.006
449,Primeape,0.00001,10,0.016,8,0.017
450,Chespin,0.00001,1,0.002,1,0.002
451,Rockruff,0.00001,1,0.002,0,0.000
452,Seviper,0.00001,23,0.036,15,0.032
453,Piplup,0.00001,5,0.008,4,0.008
454,Vullaby,0.00001,4,0.006,4,0.008
455,Charjabug,0.00001,12,0.019,9,0.019
456,Silvally-Ground,0.00001,3,0.005,2,0.004
457,Sandygast,0.00001,2,0.003,2,0.004
458,Persian-Alola,0.00001,51,0.079,33,0.069
459,Cherrim,0.00001,3,0.005,2,0.004
460,Maractus,0.00001,3,0.005,3,0.006
461,Sandslash,0.00001,11,0.017,9,0.019
462,Vigoroth,0.00000,16,0.025,8,0.017
463,Magnemite,0.00000,4,0.006,3,0.006
464,Bruxish,0.00000,13,0.020,10,0.021
465,Gastly,0.00000,14,0.022,11,0.023
466,Toucannon,0.00000,27,0.042,19,0.040
467,Solrock,0.00000,6,0.009,6,0.013
468,Tepig,0.00000,3,0.005,3,0.006
469,Teddiursa,0.00000,3,0.005,1,0.002
470,Trapinch,0.00000,2,0.003,1,0.002
471,Altaria,0.00000,29,0.045,27,0.057
472,Hakamo-o,0.00000,11,0.017,10,0.021
473,Kirlia,0.00000,2,0.003,2,0.004
474,Pichu,0.00000,4,0.006,3,0.006
475,Seadra,0.00000,15,0.023,9,0.019
476,Budew,0.00000,14,0.022,10,0.021
477,Crustle,0.00000,27,0.042,19,0.040
478,Lopunny,0.00000,30,0.047,23,0.048
479,Ninetales,0.00000,32,0.050,26,0.055
480,Glalie,0.00000,17,0.026,12,0.025
481,Abra,0.00000,5,0.008,4,0.008
482,Braixen,0.00000,20,0.031,12,0.025
483,Venomoth,0.00000,17,0.026,15,0.032
484,Manectric,0.00000,16,0.025,13,0.027
485,Bellossom,0.00000,9,0.014,9,0.019
486,Parasect,0.00000,9,0.014,9,0.019
487,Malamar,0.00000,38,0.059,28,0.059
488,Silvally-Ice,0.00000,9,0.014,5,0.011
489,Tyrogue,0.00000,3,0.005,2,0.004
490,Volbeat,0.00000,5,0.008,4,0.008
491,Buizel,0.00000,10,0.016,5,0.011
492,Wailmer,0.00000,2,0.003,1,0.002
493,Pidgeot,0.00000,29,0.045,18,0.038
494,Chikorita,0.00000,6,0.009,5,0.011
495,Golduck,0.00000,4,0.006,4,0.008
496,Tentacool,0.00000,2,0.003,2,0.004
497,Garbodor,0.00000,4,0.006,4,0.008
498,Grotle,0.00000,3,0.005,3,0.006
499,Banette,0.00000,15,0.023,11,0.023
500,Gurdurr,0.00000,38,0.059,28,0.059
501,Gourgeist-Small,0.00000,5,0.008,4,0.008
502,Turtwig,0.00000,4,0.006,4,0.008
503,Audino,0.00000,9,0.014,7,0.015
504,Seedot,0.00000,15,0.023,13,0.027
505,Unown,0.00000,15,0.023,11,0.023
506,Gigalith,0.00000,58,0.090,49,0.103
507,Rhyhorn,0.00000,1,0.002,1,0.002
508,Nosepass,0.00000,5,0.008,2,0.004
509,Chimchar,0.00000,4,0.006,4,0.008
510,Treecko,0.00000,1,0.002,0,0.000
511,Staravia,0.00000,2,0.003,2,0.004
512,Diglett,0.00000,12,0.019,10,0.021
513,Archen,0.00000,2,0.003,2,0.004
514,Riolu,0.00000,3,0.005,3,0.006
515,Marshtomp,0.00000,4,0.006,4,0.008
516,Mothim,0.00000,5,0.008,4,0.008
517,Barbaracle,0.00000,21,0.033,17,0.036
518,Lombre,0.00000,3,0.005,1,0.002
519,Frillish,0.00000,2,0.003,2,0.004
520,Poliwhirl,0.00000,4,0.006,2,0.004
521,Fearow,0.00000,2,0.003,2,0.004
522,Spheal,0.00000,4,0.006,3,0.006
523,Purugly,0.00000,4,0.006,4,0.008
524,Jumpluff,0.00000,11,0.017,9,0.019
525,Bibarel,0.00000,10,0.016,6,0.013
526,Electrike,0.00000,3,0.005,2,0.004
527,Cacnea,0.00000,4,0.006,2,0.004
528,Charmeleon,0.00000,9,0.014,6,0.013
529,Sunkern,0.00000,16,0.025,16,0.034
530,Ralts,0.00000,11,0.017,11,0.023
531,Kakuna,0.00000,9,0.014,9,0.019
532,Pachirisu,0.00000,19,0.030,14,0.029
533,Buneary,0.00000,5,0.008,4,0.008
534,Croagunk,0.00000,4,0.006,4,0.008
535,Sudowoodo,0.00000,8,0.012,6,0.013
536,Happiny,0.00000,3,0.005,3,0.006
537,Noctowl,0.00000,14,0.022,11,0.023
538,Snover,0.00000,1,0.002,1,0.002
539,Spinda,0.00000,3,0.005,3,0.006
540,Aipom,0.00000,2,0.003,2,0.004
541,Trubbish,0.00000,4,0.006,2,0.004
542,Magmar,0.00000,8,0.012,8,0.017
543,Frogadier,0.00000,8,0.012,4,0.008
544,Pineco,0.00000,3,0.005,3,0.006
545,Sandshrew-Alola,0.00000,8,0.012,8,0.017
546,Bayleef,0.00000,6,0.009,6,0.013
547,Kricketot,0.00000,3,0.005,2,0.004
548,Vivillon,0.00000,11,0.017,11,0.023
549,Pansage,0.00000,2,0.003,2,0.004
550,Servine,0.00000,3,0.005,2,0.004
551,Nuzleaf,0.00000,2,0.003,0,0.000
552,Elgyem,0.00000,1,0.002,1,0.002
553,Bidoof,0.00000,4,0.006,3,0.006
554,Quilava,0.00000,5,0.008,5,0.011
555,Scatterbug,0.00000,9,0.014,9,0.019
556,Exploud,0.00000,9,0.014,8,0.017
557,Psyduck,0.00000,4,0.006,2,0.004
558,Shuppet,0.00000,3,0.005,1,0.002
559,Octillery,0.00000,3,0.005,2,0.004
560,Numel,0.00000,3,0.005,1,0.002
561,Wooper,0.00000,5,0.008,5,0.011
562,Magikarp,0.00000,3,0.005,3,0.006
563,Muk,0.00000,20,0.031,19,0.040
564,Feebas,0.00000,4,0.006,4,0.008
565,Sentret,0.00000,6,0.009,6,0.013
566,Sunflora,0.00000,12,0.019,9,0.019
567,Kadabra,0.00000,7,0.011,5,0.011
568,Gible,0.00000,5,0.008,3,0.006
569,Diggersby,0.00000,22,0.034,14,0.029
570,Ivysaur,0.00000,5,0.008,5,0.011
571,Joltik,0.00000,2,0.003,2,0.004
572,Inkay,0.00000,2,0.003,2,0.004
573,Mime Jr.,0.00000,4,0.006,2,0.004
574,Meowth,0.00000,4,0.006,2,0.004
575,Carnivine,0.00000,5,0.008,3,0.006
576,Machoke,0.00000,2,0.003,1,0.002
577,Makuhita,0.00000,3,0.005,3,0.006
578,Litleo,0.00000,3,0.005,3,0.006
579,Litwick,0.00000,2,0.003,1,0.002
580,Zigzagoon,0.00000,3,0.005,3,0.006
581,Noibat,0.00000,5,0.008,4,0.008
582,Stantler,0.00000,2,0.003,2,0.004
583,Rattata-Alola,0.00000,3,0.005,3,0.006
584,Qwilfish,0.00000,4,0.006,4,0.008
585,Wingull,0.00000,2,0.003,2,0.004
586,Cherubi,0.00000,2,0.003,2,0.004
587,Pidgeotto,0.00000,3,0.005,3,0.006
588,Graveler,0.00000,1,0.002,1,0.002
589,Chingling,0.00000,2,0.003,1,0.002
590,Fletchinder,0.00000,3,0.005,2,0.004
591,Duosion,0.00000,1,0.002,1,0.002
592,Emolga,0.00000,10,0.016,8,0.017
593,Butterfree,0.00000,4,0.006,3,0.006
594,Rowlet,0.00000,2,0.003,2,0.004
595,Azurill,0.00000,2,0.003,1,0.002
596,Linoone,0.00000,10,0.016,7,0.015
597,Raticate,0.00000,5,0.008,2,0.004
598,Basculin,0.00000,1,0.002,1,0.002
599,Doduo,0.00000,1,0.002,0,0.000
600,Popplio,0.00000,2,0.003,2,0.004
601,Deino,0.00000,2,0.003,2,0.004
602,Zubat,0.00000,1,0.002,1,0.002
603,Totodile,0.00000,1,0.002,1,0.002
604,Charmander,0.00000,4,0.006,3,0.006
605,Zweilous,0.00000,2,0.003,1,0.002
606,Goldeen,0.00000,1,0.002,0,0.000
607,Elekid,0.00000,1,0.002,1,0.002
608,Metang,0.00000,7,0.011,6,0.013
609,Cutiefly,0.00000,2,0.003,2,0.004
610,Togepi,0.00000,1,0.002,1,0.002
611,Litten,0.00000,3,0.005,2,0.004
612,Woobat,0.00000,2,0.003,1,0.002
613,Clefairy,0.00000,1,0.002,1,0.002
614,Mudbray,0.00000,2,0.003,1,0.002
615,Wormadam-Sandy,0.00000,1,0.002,1,0.002
616,Pidove,0.00000,1,0.002,0,0.000
617,Mawile,0.00000,12,0.019,11,0.023
618,Aron,0.00000,7,0.011,7,0.015
619,Slowpoke,0.00000,1,0.002,0,0.000
620,Minun,0.00000,1,0.002,1,0.002
621,Mantyke,0.00000,5,0.008,5,0.011
622,Graveler-Alola,0.00000,4,0.006,3,0.006
623,Wormadam,0.00000,5,0.008,5,0.011
624,Jangmo-o,0.00000,1,0.002,1,0.002
625,Silvally-Steel,0.00000,4,0.006,2,0.004
626,Bulbasaur,0.00000,4,0.006,3,0.006
627,Cascoon,0.00000,1,0.002,1,0.002
628,Boldore,0.00000,2,0.003,1,0.002
629,Vulpix,0.00000,2,0.003,2,0.004
630,Bellsprout,0.00000,2,0.003,1,0.002
631,Eelektrik,0.00000,3,0.005,3,0.006
632,Lileep,0.00000,5,0.008,4,0.008
633,Duskull,0.00000,1,0.002,1,0.002
634,Luvdisc,0.00000,1,0.002,1,0.002
635,Axew,0.00000,1,0.002,1,0.002
636,Metapod,0.00000,1,0.002,1,0.002
637,Dustox,0.00000,3,0.005,2,0.004
638,Onix,0.00000,6,0.009,4,0.008
639,Sandshrew,0.00000,1,0.002,1,0.002
640,Furret,0.00000,7,0.011,5,0.011
641,Geodude-Alola,0.00000,1,0.002,1,0.002
642,Blitzle,0.00000,1,0.002,1,0.002
643,Lumineon,0.00000,3,0.005,2,0.004
644,Magby,0.00000,2,0.003,2,0.004
645,Illumise,0.00000,2,0.003,2,0.004
646,Deoxys-Speed,0.00000,4,0.006,3,0.006
647,Seaking,0.00000,1,0.002,0,0.000
648,Silvally-Electric,0.00000,4,0.006,3,0.006
649,Beheeyem,0.00000,1,0.002,1,0.002
650,Dunsparce,0.00000,1,0.002,0,0.000
651,Grimer-Alola,0.00000,1,0.002,1,0.002
652,Ariados,0.00000,9,0.014,6,0.013
653,Loudred,0.00000,1,0.002,1,0.002
654,Beedrill,0.00000,6,0.009,3,0.006
655,Koffing,0.00000,1,0.002,1,0.002
656,Plusle,0.00000,1,0.002,1,0.002
657,Pumpkaboo-Super,0.00000,1,0.002,1,0.002
658,Hippopotas,0.00000,3,0.005,3,0.006
659,Arbok,0.00000,7,0.011,7,0.015
660,Squirtle,0.00000,6,0.009,6,0.013
661,Geodude,0.00000,4,0.006,4,0.008
662,Meowth-Alola,0.00000,2,0.003,2,0.004
663,Voltorb,0.00000,1,0.002,1,0.002
664,Porygon,0.00000,1,0.002,1,0.002
665,Solosis,0.00000,1,0.002,1,0.002
666,Silvally-Dark,0.00000,5,0.008,3,0.006
667,Minccino,0.00000,1,0.002,1,0.002
668,Pumpkaboo-Small,0.00000,1,0.002,1,0.002
669,Persian,0.00000,11,0.017,9,0.019
670,Furfrou,0.00000,2,0.003,2,0.004
671,Nincada,0.00000,1,0.002,1,0.002
672,Crabrawler,0.00000,1,0.002,1,0.002
673,Delibird,0.00000,5,0.008,5,0.011
674,Petilil,0.00000,2,0.003,1,0.002
675,Brionne,0.00000,3,0.005,3,0.006
676,Honedge,0.00000,1,0.002,0,0.000
677,Ponyta,0.00000,1,0.002,1,0.002
678,Shinx,0.00000,1,0.002,1,0.002
679,Bagon,0.00000,2,0.003,2,0.004
680,Delcatty,0.00000,2,0.003,1,0.002
681,Mightyena,0.00000,8,0.012,6,0.013
682,Rayquaza,0.00000,1,0.002,0,0.000
683,Wurmple,0.00000,2,0.003,1,0.002
684,Dewott,0.00000,3,0.005,2,0.004
685,Swadloon,0.00000,5,0.008,5,0.011
686,Oshawott,0.00000,2,0.003,2,0.004
687,Silvally-Dragon,0.00000,5,0.008,1,0.002
688,Dragonair,0.00000,11,0.017,9,0.019
689,Yamask,0.00000,1,0.002,1,0.002
690,Croconaw,0.00000,2,0.003,2,0.004
691,Luxio,0.00000,1,0.002,1,0.002
692,Pidgey,0.00000,3,0.005,3,0.006
693,Grovyle,0.00000,2,0.003,1,0.002
694,Quilladin,0.00000,1,0.002,1,0.002
695,Beautifly,0.00000,2,0.003,0,0.000
696,Herdier,0.00000,2,0.003,2,0.004
697,Monferno,0.00000,1,0.002,1,0.002
698,Mr. Mime,0.00000,9,0.014,9,0.019
699,Anorith,0.00000,1,0.002,1,0.002
700,Haunter,0.00000,7,0.011,7,0.015
701,Deoxys-Defense,0.00000,6,0.009,6,0.013
702,Simisear,0.00000,3,0.005,2,0.004
703,Krokorok,0.00000,4,0.006,3,0.006
704,Silvally-Fighting,0.00000,3,0.005,3,0.006
705,Castform,0.00000,2,0.003,2,0.004
706,Fennekin,0.00000,1,0.002,1,0.002
707,Houndour,0.00000,1,0.002,1,0.002
708,Lunatone,0.00000,1,0.002,0,0.000
709,Vanillite,0.00000,1,0.002,1,0.002
710,Lairon,0.00000,2,0.003,2,0.004
711,Drilbur,0.00000,1,0.002,0,0.000
712,Weedle,0.00000,10,0.016,8,0.017
713,Kricketune,0.00000,1,0.002,1,0.002
714,Snivy,0.00000,1,0.002,1,0.002
715,Hitmontop,0.00000,5,0.008,5,0.011
