 Total battles: 110027
 Avg. weight/team: 0.696
Rank,Pokemon,Usage percentage,Raw,Raw percentage,Real,Real percentage
1,Flygon,0.81287,1872,0.786,544,1.483
2,Luxray,0.81151,1882,0.790,361,0.984
3,Walrein,0.80888,1911,0.802,407,1.110
4,Electivire,0.80583,1886,0.792,525,1.431
5,Koffing,0.80448,1910,0.802,168,0.458
6,Silvally,0.79898,1905,0.800,534,1.456
7,Cresselia,0.79881,1850,0.777,357,0.973
8,Groudon,0.79719,1889,0.793,794,2.165
9,Archeops,0.79670,1853,0.778,418,1.140
10,Bulbasaur,0.79413,1860,0.781,142,0.387
11,Claydol,0.79405,1861,0.781,260,0.709
12,Zweilous,0.79396,1874,0.787,295,0.804
13,Togekiss,0.79374,1895,0.796,381,1.039
14,Toxapex,0.79338,1836,0.771,464,1.265
15,Meowstic,0.79263,1864,0.783,219,0.597
16,Turtonator,0.79177,1819,0.764,514,1.401
17,Reshiram,0.79070,1836,0.771,796,2.170
18,Blissey,0.79056,1907,0.801,259,0.706
19,Gastly,0.79023,1844,0.774,194,0.529
20,Alomomola,0.78913,1839,0.772,175,0.477
21,Snubbull,0.78809,1875,0.787,184,0.502
22,Chimecho,0.78775,1850,0.777,137,0.374
23,Virizion,0.78755,1852,0.778,396,1.080
24,Pumpkaboo,0.78719,1846,0.775,185,0.504
25,Genesect,0.78704,1857,0.780,719,1.960
26,Reuniclus,0.78702,1852,0.778,283,0.772
27,Kricketot,0.78588,1854,0.778,66,0.180
28,Delibird,0.78587,1871,0.786,191,0.521
29,Cubchoo,0.78572,1870,0.785,167,0.455
30,Banette,0.78566,1882,0.790,294,0.802
31,Jumpluff,0.78563,1854,0.778,178,0.485
32,Gliscor,0.78534,1825,0.766,443,1.208
33,Vikavolt,0.78448,1858,0.780,524,1.429
34,Starmie,0.78391,1838,0.772,345,0.941
35,Riolu,0.78384,1863,0.782,244,0.665
36,Pyukumuku,0.78371,1830,0.768,117,0.319
37,Zorua,0.78368,1868,0.784,146,0.398
38,Gothitelle,0.78358,1871,0.786,189,0.515
39,Fletchinder,0.78263,1829,0.768,194,0.529
40,Swadloon,0.78242,1839,0.772,106,0.289
41,Togedemaru,0.78218,1865,0.783,282,0.769
42,Rhydon,0.78195,1826,0.767,396,1.080
43,Kingdra,0.78099,1807,0.759,462,1.260
44,Chandelure,0.78087,1831,0.769,422,1.151
45,Lunatone,0.78077,1842,0.773,219,0.597
46,Scolipede,0.78072,1843,0.774,387,1.055
47,Mime Jr.,0.78066,1890,0.794,113,0.308
48,Aromatisse,0.78061,1821,0.765,253,0.690
49,Weezing,0.78011,1869,0.785,282,0.769
50,Slugma,0.77981,1856,0.779,137,0.374
51,Sunflora,0.77970,1855,0.779,165,0.450
52,Salandit,0.77938,1829,0.768,237,0.646
53,Drifblim,0.77900,1872,0.786,212,0.578
54,Celebi,0.77882,1836,0.771,299,0.815
55,Vaporeon,0.77780,1801,0.756,313,0.853
56,Goodra,0.77773,1850,0.777,618,1.685
57,Seismitoad,0.77768,1872,0.786,485,1.322
58,Wailmer,0.77762,1863,0.782,165,0.450
59,Growlithe,0.77759,1837,0.771,222,0.605
60,Haunter,0.77755,1840,0.773,303,0.826
61,Yamask,0.77751,1846,0.775,116,0.316
62,Arcanine,0.77716,1815,0.762,491,1.339
63,Shelmet,0.77686,1849,0.776,75,0.204
64,Carbink,0.77623,1827,0.767,147,0.401
65,Xurkitree,0.77620,1831,0.769,598,1.631
66,Horsea,0.77605,1838,0.772,152,0.414
67,Slowpoke,0.77601,1854,0.778,139,0.379
68,Beldum,0.77554,1804,0.757,193,0.526
69,Pangoro,0.77531,1803,0.757,561,1.530
70,Salamence,0.77505,1788,0.751,671,1.830
71,Torchic,0.77504,1817,0.763,153,0.417
72,Loudred,0.77494,1795,0.754,239,0.652
73,Swalot,0.77455,1848,0.776,248,0.676
74,Metapod,0.77454,1849,0.776,80,0.218
75,Golisopod,0.77439,1843,0.774,553,1.508
76,Shinx,0.77430,1851,0.777,125,0.341
77,Crabominable,0.77427,1817,0.763,519,1.415
78,Crabrawler,0.77407,1841,0.773,258,0.703
79,Surskit,0.77406,1840,0.773,88,0.240
80,Camerupt,0.77390,1824,0.766,446,1.216
81,Cubone,0.77387,1800,0.756,174,0.474
82,Mudsdale,0.77365,1847,0.775,436,1.189
83,Larvitar,0.77365,1829,0.768,157,0.428
84,Pidgeotto,0.77326,1865,0.783,116,0.316
85,Dragonite,0.77326,1845,0.775,692,1.887
86,Bidoof,0.77324,1847,0.775,168,0.458
87,Oricorio,0.77313,1835,0.770,228,0.622
88,Emolga,0.77306,1835,0.770,245,0.668
89,Typhlosion,0.77289,1851,0.777,469,1.279
90,Chespin,0.77268,1823,0.765,149,0.406
91,Cobalion,0.77267,1840,0.773,409,1.115
92,Diggersby,0.77237,1808,0.759,345,0.941
93,Seedot,0.77234,1840,0.773,85,0.232
94,Suicune,0.77232,1831,0.769,467,1.273
95,Magcargo,0.77227,1829,0.768,288,0.785
96,Tyrantrum,0.77201,1825,0.766,567,1.546
97,Eelektross,0.77199,1801,0.756,562,1.532
98,Spinarak,0.77191,1857,0.780,97,0.264
99,Cherrim,0.77173,1803,0.757,135,0.368
100,Spritzee,0.77162,1778,0.747,81,0.221
101,Feraligatr,0.77161,1816,0.762,520,1.418
102,Smeargle,0.77158,1832,0.769,285,0.777
103,Spheal,0.77148,1829,0.768,200,0.545
104,Exploud,0.77143,1796,0.754,440,1.200
105,Swampert,0.77143,1826,0.767,560,1.527
106,Jellicent,0.77142,1830,0.768,396,1.080
107,Chimchar,0.77128,1823,0.765,196,0.534
108,Shellder,0.77105,1813,0.761,141,0.384
109,Slurpuff,0.77095,1822,0.765,200,0.545
110,Shedinja,0.77091,1886,0.792,561,1.530
111,Garbodor,0.77087,1817,0.763,265,0.723
112,Budew,0.77083,1850,0.777,94,0.256
113,Bergmite,0.77057,1833,0.770,140,0.382
114,Ribombee,0.77034,1797,0.754,271,0.739
115,Taillow,0.77026,1866,0.783,108,0.294
116,Mantyke,0.77001,1838,0.772,138,0.376
117,Beartic,0.76976,1817,0.763,389,1.061
118,Victini,0.76974,1791,0.752,569,1.551
119,Cinccino,0.76970,1800,0.756,271,0.739
120,Vibrava,0.76960,1860,0.781,231,0.630
121,Gumshoos,0.76952,1798,0.755,259,0.706
122,Porygon,0.76947,1809,0.760,246,0.671
123,Throh,0.76940,1787,0.750,369,1.006
124,Eelektrik,0.76900,1815,0.762,272,0.742
125,Tapu Lele,0.76899,1820,0.764,577,1.573
126,Buneary,0.76899,1832,0.769,99,0.270
127,Alakazam,0.76898,1817,0.763,319,0.870
128,Excadrill,0.76879,1797,0.754,483,1.317
129,Sentret,0.76877,1867,0.784,109,0.297
130,Guzzlord,0.76876,1819,0.764,685,1.868
131,Blastoise,0.76869,1828,0.767,505,1.377
132,Buizel,0.76856,1825,0.766,169,0.461
133,Necrozma,0.76854,1818,0.763,631,1.720
134,Bastiodon,0.76853,1845,0.775,310,0.845
135,Drapion,0.76851,1814,0.762,452,1.232
136,Infernape,0.76846,1811,0.760,539,1.470
137,Mantine,0.76832,1825,0.766,312,0.851
138,Golduck,0.76827,1787,0.750,257,0.701
139,Clawitzer,0.76814,1793,0.753,505,1.377
140,Litwick,0.76792,1846,0.775,150,0.409
141,Misdreavus,0.76772,1822,0.765,178,0.485
142,Charjabug,0.76697,1809,0.760,221,0.603
143,Gabite,0.76673,1796,0.754,338,0.922
144,Burmy,0.76665,1822,0.765,41,0.112
145,Bunnelby,0.76654,1816,0.762,137,0.374
146,Binacle,0.76640,1795,0.754,157,0.428
147,Crawdaunt,0.76635,1829,0.768,457,1.246
148,Pyroar,0.76634,1821,0.765,378,1.031
149,Ariados,0.76597,1805,0.758,193,0.526
150,Weepinbell,0.76570,1808,0.759,158,0.431
151,Numel,0.76565,1845,0.775,168,0.458
152,Empoleon,0.76560,1817,0.763,476,1.298
153,Wurmple,0.76556,1821,0.765,76,0.207
154,Carnivine,0.76555,1850,0.777,224,0.611
155,Trapinch,0.76546,1842,0.773,178,0.485
156,Beheeyem,0.76540,1766,0.741,198,0.540
157,Sewaddle,0.76500,1810,0.760,63,0.172
158,Omanyte,0.76491,1838,0.772,163,0.444
159,Slaking,0.76482,1833,0.770,365,0.995
160,Azumarill,0.76481,1860,0.781,327,0.892
161,Bronzong,0.76458,1801,0.756,275,0.750
162,Gligar,0.76452,1776,0.746,244,0.665
163,Honedge,0.76452,1820,0.764,204,0.556
164,Starly,0.76440,1828,0.767,106,0.289
165,Heatmor,0.76434,1785,0.749,310,0.845
166,Combee,0.76430,1792,0.752,56,0.153
167,Avalugg,0.76405,1825,0.766,329,0.897
168,Carracosta,0.76401,1811,0.760,433,1.181
169,Haxorus,0.76383,1778,0.747,616,1.680
170,Machoke,0.76374,1828,0.767,369,1.006
171,Swellow,0.76372,1818,0.763,259,0.706
172,Porygon2,0.76368,1789,0.751,348,0.949
173,Finneon,0.76356,1801,0.756,88,0.240
174,Wooper,0.76346,1818,0.763,148,0.404
175,Scrafty,0.76333,1800,0.756,474,1.292
176,Natu,0.76332,1814,0.762,80,0.218
177,Solgaleo,0.76320,1799,0.755,756,2.061
178,Teddiursa,0.76309,1814,0.762,178,0.485
179,Pikipek,0.76305,1815,0.762,166,0.453
180,Feebas,0.76300,1813,0.761,85,0.232
181,Ralts,0.76282,1825,0.766,94,0.256
182,Musharna,0.76281,1838,0.772,203,0.554
183,Nidoking,0.76274,1829,0.768,560,1.527
184,Pikachu,0.76272,1819,0.764,223,0.608
185,Octillery,0.76267,1774,0.745,385,1.050
186,Scyther,0.76260,1809,0.760,270,0.736
187,Butterfree,0.76260,1850,0.777,194,0.529
188,Spoink,0.76258,1819,0.764,74,0.202
189,Pheromosa,0.76255,1824,0.766,592,1.614
190,Klink,0.76251,1806,0.758,108,0.294
191,Tornadus,0.76249,1783,0.749,518,1.412
192,Toucannon,0.76232,1825,0.766,434,1.183
193,Bounsweet,0.76207,1789,0.751,73,0.199
194,Drampa,0.76197,1848,0.776,572,1.560
195,Squirtle,0.76194,1803,0.757,149,0.406
196,Cosmoem,0.76187,1814,0.762,65,0.177
197,Mismagius,0.76184,1810,0.760,332,0.905
198,Huntail,0.76184,1798,0.755,293,0.799
199,Rhyperior,0.76180,1792,0.752,517,1.410
200,Stoutland,0.76177,1806,0.758,380,1.036
201,Spinda,0.76144,1811,0.760,170,0.464
202,Hypno,0.76143,1777,0.746,230,0.627
203,Amaura,0.76126,1770,0.743,226,0.616
204,Clefable,0.76116,1823,0.765,364,0.992
205,Incineroar,0.76108,1776,0.746,558,1.521
206,Yveltal,0.76106,1769,0.743,664,1.810
207,Tyranitar,0.76098,1791,0.752,588,1.603
208,Escavalier,0.76098,1797,0.754,392,1.069
209,Fomantis,0.76097,1790,0.752,131,0.357
210,Electrike,0.76082,1819,0.764,137,0.374
211,Pidove,0.76074,1809,0.760,74,0.202
212,Flaaffy,0.76065,1833,0.770,167,0.455
213,Clamperl,0.76062,1823,0.765,149,0.406
214,Qwilfish,0.76054,1827,0.767,230,0.627
215,Corphish,0.76053,1784,0.749,204,0.556
216,Kartana,0.76040,1788,0.751,639,1.742
217,Marshadow,0.76040,1775,0.745,861,2.348
218,Magmortar,0.76031,1802,0.757,482,1.314
219,Spearow,0.76027,1825,0.766,83,0.226
220,Metagross,0.76018,1818,0.763,575,1.568
221,Conkeldurr,0.76014,1765,0.741,560,1.527
222,Bellossom,0.75986,1807,0.759,178,0.485
223,Swinub,0.75974,1790,0.752,151,0.412
224,Croconaw,0.75968,1819,0.764,265,0.723
225,Roselia,0.75959,1828,0.767,183,0.499
226,Luvdisc,0.75957,1793,0.753,105,0.286
227,Tynamo,0.75957,1795,0.754,116,0.316
228,Piloswine,0.75949,1797,0.754,219,0.597
229,Tangrowth,0.75925,1807,0.759,281,0.766
230,Exeggcute,0.75919,1786,0.750,102,0.278
231,Poochyena,0.75916,1783,0.749,88,0.240
232,Slakoth,0.75908,1834,0.770,91,0.248
233,Mankey,0.75907,1833,0.770,214,0.583
234,Turtwig,0.75905,1836,0.771,114,0.311
235,Shelgon,0.75902,1763,0.740,215,0.586
236,Boldore,0.75882,1802,0.757,193,0.526
237,Bewear,0.75878,1795,0.754,499,1.361
238,Froslass,0.75872,1805,0.758,277,0.755
239,Aurorus,0.75871,1821,0.765,461,1.257
240,Lairon,0.75868,1785,0.749,219,0.597
241,Snorlax,0.75850,1798,0.755,557,1.519
242,Araquanid,0.75835,1786,0.750,409,1.115
243,Cofagrigus,0.75835,1756,0.737,262,0.714
244,Mawile,0.75831,1817,0.763,357,0.973
245,Nidorino,0.75830,1798,0.755,155,0.423
246,Shiinotic,0.75795,1821,0.765,344,0.938
247,Lapras,0.75793,1780,0.747,415,1.132
248,Froakie,0.75788,1836,0.771,169,0.461
249,Breloom,0.75783,1797,0.754,426,1.162
250,Pawniard,0.75783,1793,0.753,202,0.551
251,Rhyhorn,0.75775,1814,0.762,263,0.717
252,Brionne,0.75769,1793,0.753,254,0.693
253,Vanillite,0.75764,1785,0.749,114,0.311
254,Wimpod,0.75741,1812,0.761,82,0.224
255,Giratina,0.75719,1762,0.740,592,1.614
256,Litten,0.75702,1786,0.750,187,0.510
257,Krabby,0.75694,1815,0.762,183,0.499
258,Noctowl,0.75693,1831,0.769,191,0.521
259,Cleffa,0.75686,1818,0.763,83,0.226
260,Braviary,0.75680,1802,0.757,451,1.230
261,Jolteon,0.75674,1815,0.762,269,0.733
262,Skrelp,0.75672,1762,0.740,198,0.540
263,Cutiefly,0.75671,1816,0.762,137,0.374
264,Tapu Bulu,0.75664,1803,0.757,572,1.560
265,Bruxish,0.75652,1774,0.745,309,0.843
266,Dratini,0.75644,1822,0.765,205,0.559
267,Furret,0.75639,1815,0.762,218,0.594
268,Shuckle,0.75633,1812,0.761,189,0.515
269,Swirlix,0.75628,1787,0.750,114,0.311
270,Palkia,0.75628,1769,0.743,732,1.996
271,Accelgor,0.75602,1825,0.766,280,0.763
272,Talonflame,0.75595,1805,0.758,394,1.074
273,Hitmonlee,0.75556,1786,0.750,426,1.162
274,Stufful,0.75556,1789,0.751,257,0.701
275,Rapidash,0.75545,1812,0.761,361,0.984
276,Seaking,0.75530,1827,0.767,231,0.630
277,Weedle,0.75527,1758,0.738,91,0.248
278,Gastrodon,0.75509,1780,0.747,413,1.126
279,Mienshao,0.75501,1794,0.753,438,1.194
280,Trevenant,0.75492,1774,0.745,385,1.050
281,Type: Null,0.75492,1759,0.739,384,1.047
282,Zoroark,0.75483,1827,0.767,465,1.268
283,Wigglytuff,0.75480,1777,0.746,271,0.739
284,Dartrix,0.75457,1823,0.765,204,0.556
285,Dustox,0.75447,1795,0.754,131,0.357
286,Pachirisu,0.75444,1787,0.750,139,0.379
287,Snivy,0.75442,1818,0.763,99,0.270
288,Metang,0.75429,1786,0.750,261,0.712
289,Cosmog,0.75424,1780,0.747,65,0.177
290,Zygarde,0.75422,1793,0.753,743,2.026
291,Braixen,0.75412,1771,0.744,239,0.652
292,Zebstrika,0.75403,1811,0.760,311,0.848
293,Hoothoot,0.75391,1793,0.753,74,0.202
294,Aerodactyl,0.75379,1819,0.764,410,1.118
295,Shieldon,0.75375,1811,0.760,152,0.414
296,Absol,0.75369,1803,0.757,354,0.965
297,Tyrogue,0.75367,1803,0.757,109,0.297
298,Hoppip,0.75359,1774,0.745,76,0.207
299,Barbaracle,0.75352,1793,0.753,387,1.055
300,Amoonguss,0.75348,1772,0.744,201,0.548
301,Deerling,0.75333,1798,0.755,88,0.240
302,Raikou,0.75331,1784,0.749,449,1.224
303,Crobat,0.75322,1800,0.756,350,0.954
304,Thundurus,0.75318,1780,0.747,584,1.592
305,Tentacool,0.75316,1806,0.758,139,0.379
306,Gourgeist,0.75314,1780,0.747,291,0.793
307,Goomy,0.75299,1803,0.757,135,0.368
308,Sudowoodo,0.75298,1799,0.755,268,0.731
309,Darkrai,0.75295,1785,0.749,541,1.475
310,Shuppet,0.75291,1759,0.739,104,0.284
311,Prinplup,0.75267,1791,0.752,178,0.485
312,Dhelmise,0.75264,1782,0.748,467,1.273
313,Komala,0.75251,1838,0.772,335,0.913
314,Parasect,0.75248,1817,0.763,212,0.578
315,Skuntank,0.75242,1776,0.746,256,0.698
316,Smoochum,0.75240,1779,0.747,108,0.294
317,Honchkrow,0.75231,1791,0.752,331,0.903
318,Masquerain,0.75228,1807,0.759,223,0.608
319,Jangmo-o,0.75227,1799,0.755,210,0.573
320,Zekrom,0.75216,1747,0.733,747,2.037
321,Servine,0.75209,1805,0.758,163,0.444
322,Politoed,0.75207,1782,0.748,309,0.843
323,Torracat,0.75179,1817,0.763,300,0.818
324,Nuzleaf,0.75169,1826,0.767,129,0.352
325,Beautifly,0.75167,1791,0.752,185,0.504
326,Chinchou,0.75153,1785,0.749,181,0.494
327,Audino,0.75128,1752,0.736,170,0.464
328,Pidgey,0.75126,1792,0.752,95,0.259
329,Lucario,0.75125,1762,0.740,552,1.505
330,Simisage,0.75123,1776,0.746,226,0.616
331,Houndour,0.75121,1831,0.769,176,0.480
332,Linoone,0.75105,1785,0.749,186,0.507
333,Ferroseed,0.75101,1760,0.739,190,0.518
334,Clefairy,0.75100,1797,0.754,132,0.360
335,Morelull,0.75095,1807,0.759,189,0.515
336,Jirachi,0.75093,1752,0.736,449,1.224
337,Hydreigon,0.75089,1765,0.741,623,1.699
338,Venomoth,0.75073,1769,0.743,203,0.554
339,Minior,0.75069,1786,0.750,348,0.949
340,Stunky,0.75069,1797,0.754,119,0.324
341,Swanna,0.75066,1797,0.754,359,0.979
342,Steenee,0.75043,1778,0.747,94,0.256
343,Gloom,0.75033,1772,0.744,167,0.455
344,Panpour,0.75028,1776,0.746,129,0.352
345,Fearow,0.75018,1781,0.748,206,0.562
346,Patrat,0.75008,1776,0.746,98,0.267
347,Popplio,0.75008,1805,0.758,188,0.513
348,Zigzagoon,0.74995,1793,0.753,92,0.251
349,Forretress,0.74989,1762,0.740,214,0.583
350,Cascoon,0.74987,1787,0.750,60,0.164
351,Charmander,0.74986,1813,0.761,189,0.515
352,Frogadier,0.74978,1783,0.749,303,0.826
353,Arbok,0.74969,1747,0.733,276,0.753
354,Chesnaught,0.74969,1781,0.748,467,1.273
355,Dodrio,0.74967,1793,0.753,291,0.793
356,Vespiquen,0.74963,1764,0.741,193,0.526
357,Keldeo,0.74962,1792,0.752,432,1.178
358,Aron,0.74953,1763,0.740,125,0.341
359,Electabuzz,0.74946,1794,0.753,318,0.867
360,Axew,0.74943,1807,0.759,204,0.556
361,Gothorita,0.74943,1731,0.727,111,0.303
362,Lickitung,0.74928,1788,0.751,234,0.638
363,Trubbish,0.74915,1794,0.753,85,0.232
364,Krookodile,0.74912,1787,0.750,467,1.273
365,Salazzle,0.74907,1774,0.745,444,1.211
366,Sunkern,0.74895,1763,0.740,81,0.221
367,Poliwag,0.74881,1804,0.757,103,0.281
368,Torkoal,0.74871,1802,0.757,337,0.919
369,Basculin,0.74857,1791,0.752,204,0.556
370,Shaymin,0.74855,1789,0.751,241,0.657
371,Torterra,0.74853,1777,0.746,414,1.129
372,Palossand,0.74848,1792,0.752,401,1.093
373,Charmeleon,0.74821,1761,0.739,253,0.690
374,Grovyle,0.74814,1790,0.752,233,0.635
375,Sneasel,0.74793,1781,0.748,217,0.592
376,Tauros,0.74790,1794,0.753,428,1.167
377,Steelix,0.74788,1778,0.747,381,1.039
378,Nosepass,0.74781,1767,0.742,117,0.319
379,Lillipup,0.74770,1753,0.736,89,0.243
380,Ekans,0.74766,1753,0.736,118,0.322
381,Flareon,0.74763,1804,0.757,316,0.862
382,Togepi,0.74758,1768,0.742,132,0.360
383,Tangela,0.74747,1764,0.741,128,0.349
384,Skarmory,0.74744,1776,0.746,278,0.758
385,Passimian,0.74738,1789,0.751,390,1.063
386,Munna,0.74731,1760,0.739,87,0.237
387,Terrakion,0.74731,1766,0.741,490,1.336
388,Onix,0.74729,1800,0.756,184,0.502
389,Leafeon,0.74728,1784,0.749,233,0.635
390,Golurk,0.74727,1813,0.761,510,1.391
391,Scizor,0.74707,1735,0.728,417,1.137
392,Golbat,0.74693,1768,0.742,170,0.464
393,Emboar,0.74692,1774,0.745,536,1.461
394,Darmanitan,0.74692,1798,0.755,490,1.336
395,Mightyena,0.74691,1758,0.738,216,0.589
396,Lumineon,0.74690,1780,0.747,163,0.444
397,Malamar,0.74689,1771,0.744,294,0.802
398,Minccino,0.74676,1796,0.754,105,0.286
399,Aggron,0.74675,1788,0.751,502,1.369
400,Kyogre,0.74655,1759,0.739,712,1.941
401,Primeape,0.74646,1760,0.739,365,0.995
402,Aegislash,0.74644,1742,0.731,493,1.344
403,Sigilyph,0.74637,1776,0.746,315,0.859
404,Snorunt,0.74632,1764,0.741,119,0.324
405,Combusken,0.74625,1758,0.738,357,0.973
406,Vanillish,0.74621,1778,0.747,160,0.436
407,Ho-Oh,0.74616,1788,0.751,610,1.663
408,Shellos,0.74614,1790,0.752,151,0.412
409,Vivillon,0.74613,1773,0.744,238,0.649
410,Farfetch'd,0.74612,1771,0.744,163,0.444
411,Unfezant,0.74609,1763,0.740,255,0.695
412,Whimsicott,0.74605,1781,0.748,242,0.660
413,Quilladin,0.74592,1788,0.751,218,0.594
414,Ursaring,0.74590,1742,0.731,428,1.167
415,Quilava,0.74580,1795,0.754,202,0.551
416,Hawlucha,0.74578,1807,0.759,461,1.257
417,Hoopa,0.74573,1768,0.742,434,1.183
418,Skiploom,0.74559,1776,0.746,109,0.297
419,Simisear,0.74558,1775,0.745,317,0.864
420,Sandygast,0.74545,1749,0.734,216,0.589
421,Pelipper,0.74542,1784,0.749,286,0.780
422,Latias,0.74541,1779,0.747,409,1.115
423,Mamoswine,0.74541,1763,0.740,435,1.186
424,Bagon,0.74537,1780,0.747,151,0.412
425,Whirlipede,0.74535,1797,0.754,153,0.417
426,Poliwhirl,0.74534,1768,0.742,224,0.611
427,Articuno,0.74534,1776,0.746,398,1.085
428,Sableye,0.74513,1804,0.757,262,0.714
429,Rockruff,0.74508,1808,0.759,151,0.412
430,Wingull,0.74505,1781,0.748,117,0.319
431,Volcarona,0.74503,1794,0.753,471,1.284
432,Flabebe,0.74482,1784,0.749,98,0.267
433,Solosis,0.74478,1818,0.763,104,0.284
434,Hippopotas,0.74477,1798,0.755,177,0.483
435,Heracross,0.74471,1784,0.749,428,1.167
436,Carvanha,0.74468,1773,0.744,201,0.548
437,Purugly,0.74463,1773,0.744,232,0.633
438,Hippowdon,0.74457,1766,0.741,368,1.003
439,Phanpy,0.74455,1797,0.754,130,0.354
440,Armaldo,0.74454,1772,0.744,370,1.009
441,Hakamo-o,0.74434,1780,0.747,374,1.020
442,Bayleef,0.74414,1783,0.749,112,0.305
443,Pupitar,0.74409,1790,0.752,181,0.494
444,Goldeen,0.74407,1779,0.747,144,0.393
445,Barboach,0.74399,1782,0.748,161,0.439
446,Milotic,0.74398,1754,0.736,369,1.006
447,Frillish,0.74397,1754,0.736,213,0.581
448,Castform,0.74396,1771,0.744,144,0.393
449,Buzzwole,0.74392,1755,0.737,667,1.819
450,Mew,0.74390,1787,0.750,481,1.311
451,Aipom,0.74388,1766,0.741,132,0.360
452,Bibarel,0.74379,1795,0.754,301,0.821
453,Nidorina,0.74378,1767,0.742,137,0.374
454,Gorebyss,0.74375,1778,0.747,268,0.731
455,Xerneas,0.74374,1740,0.731,548,1.494
456,Swoobat,0.74350,1740,0.731,197,0.537
457,Druddigon,0.74343,1761,0.739,480,1.309
458,Sliggoo,0.74318,1762,0.740,242,0.660
459,Hitmontop,0.74317,1759,0.739,315,0.859
460,Lilligant,0.74297,1779,0.747,197,0.537
461,Sceptile,0.74295,1798,0.755,405,1.104
462,Drilbur,0.74287,1796,0.754,179,0.488
463,Registeel,0.74284,1749,0.734,420,1.145
464,Fletchling,0.74263,1767,0.742,108,0.294
465,Mudbray,0.74262,1741,0.731,270,0.736
466,Roserade,0.74242,1829,0.768,278,0.758
467,Drowzee,0.74241,1739,0.730,125,0.341
468,Venipede,0.74240,1781,0.748,87,0.237
469,Doublade,0.74198,1744,0.732,337,0.919
470,Togetic,0.74197,1795,0.754,188,0.513
471,Deino,0.74195,1773,0.744,194,0.529
472,Yungoos,0.74190,1751,0.735,143,0.390
473,Petilil,0.74179,1752,0.736,62,0.169
474,Cranidos,0.74167,1804,0.757,268,0.731
475,Gogoat,0.74153,1732,0.727,331,0.903
476,Lampent,0.74152,1759,0.739,237,0.646
477,Toxicroak,0.74150,1759,0.739,448,1.222
478,Anorith,0.74142,1793,0.753,148,0.404
479,Litleo,0.74141,1802,0.757,150,0.409
480,Machamp,0.74126,1766,0.741,489,1.333
481,Nihilego,0.74118,1749,0.734,425,1.159
482,Illumise,0.74097,1788,0.751,129,0.352
483,Furfrou,0.74096,1774,0.745,238,0.649
484,Fraxure,0.74094,1743,0.732,316,0.862
485,Rufflet,0.74092,1760,0.739,154,0.420
486,Dwebble,0.74087,1764,0.741,151,0.412
487,Whismur,0.74079,1772,0.744,94,0.256
488,Corsola,0.74079,1780,0.747,186,0.507
489,Doduo,0.74070,1777,0.746,133,0.363
490,Spiritomb,0.74068,1766,0.741,297,0.810
491,Relicanth,0.74063,1772,0.744,259,0.706
492,Mewtwo,0.74052,1772,0.744,658,1.794
493,Zubat,0.74034,1794,0.753,99,0.270
494,Noivern,0.74026,1769,0.743,448,1.222
495,Pancham,0.74005,1752,0.736,204,0.556
496,Mimikyu,0.74004,1770,0.743,491,1.339
497,Probopass,0.73995,1786,0.750,285,0.777
498,Krokorok,0.73988,1784,0.749,258,0.703
499,Magnemite,0.73986,1759,0.739,161,0.439
500,Vigoroth,0.73962,1794,0.753,282,0.769
501,Venonat,0.73960,1759,0.739,80,0.218
502,Uxie,0.73957,1777,0.746,267,0.728
503,Samurott,0.73944,1774,0.745,440,1.200
504,Herdier,0.73932,1781,0.748,152,0.414
505,Vanilluxe,0.73930,1752,0.736,273,0.744
506,Electrode,0.73923,1782,0.748,195,0.532
507,Chatot,0.73920,1792,0.752,205,0.559
508,Wailord,0.73913,1757,0.738,346,0.943
509,Abomasnow,0.73910,1787,0.750,425,1.159
510,Pineco,0.73892,1795,0.754,88,0.240
511,Archen,0.73889,1778,0.747,200,0.545
512,Ivysaur,0.73887,1754,0.736,161,0.439
513,Lickilicky,0.73875,1757,0.738,324,0.883
514,Lotad,0.73873,1735,0.728,116,0.316
515,Timburr,0.73872,1810,0.760,232,0.633
516,Solrock,0.73869,1785,0.749,211,0.575
517,Volcanion,0.73867,1745,0.733,715,1.950
518,Lunala,0.73866,1736,0.729,744,2.029
519,Stunfisk,0.73862,1760,0.739,266,0.725
520,Watchog,0.73862,1772,0.744,199,0.543
521,Trumbeak,0.73849,1738,0.730,225,0.613
522,Ledian,0.73845,1769,0.743,105,0.286
523,Tyrunt,0.73844,1743,0.732,293,0.799
524,Pidgeot,0.73834,1780,0.747,230,0.627
525,Caterpie,0.73831,1776,0.746,67,0.183
526,Blitzle,0.73820,1756,0.737,139,0.379
527,Mareanie,0.73816,1776,0.746,207,0.564
528,Dewpider,0.73810,1758,0.738,212,0.578
529,Klang,0.73810,1749,0.734,177,0.483
530,Palpitoad,0.73792,1770,0.743,209,0.570
531,Kingler,0.73785,1738,0.730,310,0.845
532,Dusclops,0.73784,1779,0.747,271,0.739
533,Magnezone,0.73776,1763,0.740,370,1.009
534,Tepig,0.73769,1784,0.749,155,0.423
535,Glalie,0.73769,1786,0.750,320,0.873
536,Purrloin,0.73741,1751,0.735,108,0.294
537,Volbeat,0.73739,1771,0.744,132,0.360
538,Helioptile,0.73734,1762,0.740,134,0.365
539,Elekid,0.73728,1785,0.749,169,0.461
540,Shroomish,0.73719,1779,0.747,88,0.240
541,Spewpa,0.73707,1754,0.736,60,0.164
542,Golett,0.73700,1756,0.737,218,0.594
543,Duskull,0.73687,1755,0.737,100,0.273
544,Voltorb,0.73684,1800,0.756,103,0.281
545,Venusaur,0.73679,1730,0.726,391,1.066
546,Maractus,0.73657,1773,0.744,249,0.679
547,Oddish,0.73649,1757,0.738,110,0.300
548,Arceus,0.73649,1763,0.740,760,2.072
549,Magearna,0.73649,1753,0.736,588,1.603
550,Kakuna,0.73646,1791,0.752,73,0.199
551,Pansage,0.73642,1753,0.736,103,0.281
552,Gallade,0.73635,1756,0.737,435,1.186
553,Joltik,0.73630,1730,0.726,119,0.324
554,Unown,0.73626,1752,0.736,79,0.215
555,Poliwrath,0.73614,1763,0.740,384,1.047
556,Jigglypuff,0.73609,1775,0.745,134,0.365
557,Dragalge,0.73596,1760,0.739,541,1.475
558,Pinsir,0.73580,1766,0.741,303,0.826
559,Seviper,0.73576,1727,0.725,235,0.641
560,Skitty,0.73564,1754,0.736,102,0.278
561,Tapu Koko,0.73561,1742,0.731,501,1.366
562,Azurill,0.73561,1737,0.729,86,0.234
563,Mandibuzz,0.73550,1763,0.740,230,0.627
564,Cacturne,0.73547,1726,0.725,285,0.777
565,Swablu,0.73519,1745,0.733,86,0.234
566,Marshtomp,0.73511,1762,0.740,276,0.753
567,Grubbin,0.73498,1733,0.728,115,0.314
568,Tympole,0.73490,1741,0.731,101,0.275
569,Delcatty,0.73489,1744,0.732,153,0.417
570,Heliolisk,0.73488,1772,0.744,363,0.990
571,Meganium,0.73488,1785,0.749,275,0.750
572,Wynaut,0.73487,1761,0.739,146,0.398
573,Gyarados,0.73474,1735,0.728,503,1.371
574,Kommo-o,0.73461,1745,0.733,585,1.595
575,Manectric,0.73454,1717,0.721,336,0.916
576,Leavanny,0.73447,1774,0.745,230,0.627
577,Gulpin,0.73422,1765,0.741,101,0.275
578,Lileep,0.73421,1773,0.744,119,0.324
579,Phantump,0.73398,1777,0.746,171,0.466
580,Gengar,0.73384,1746,0.733,449,1.224
581,Nincada,0.73379,1747,0.733,73,0.199
582,Galvantula,0.73365,1770,0.743,371,1.012
583,Ambipom,0.73363,1733,0.728,316,0.862
584,Bronzor,0.73357,1747,0.733,144,0.393
585,Regice,0.73350,1782,0.748,372,1.014
586,Jynx,0.73339,1789,0.751,217,0.592
587,Bisharp,0.73336,1721,0.723,401,1.093
588,Latios,0.73286,1734,0.728,478,1.303
589,Hitmonchan,0.73280,1744,0.732,393,1.072
590,Medicham,0.73261,1760,0.739,361,0.984
591,Duosion,0.73258,1759,0.739,148,0.404
592,Kabutops,0.73258,1773,0.744,320,0.873
593,Victreebel,0.73257,1753,0.736,273,0.744
594,Kadabra,0.73248,1756,0.737,203,0.554
595,Lombre,0.73244,1746,0.733,218,0.594
596,Granbull,0.73244,1764,0.741,390,1.063
597,Dewott,0.73241,1722,0.723,229,0.624
598,Noibat,0.73234,1725,0.724,174,0.474
599,Abra,0.73220,1795,0.754,112,0.305
600,Entei,0.73216,1753,0.736,443,1.208
601,Elgyem,0.73215,1739,0.730,117,0.319
602,Minun,0.73209,1788,0.751,130,0.354
603,Zapdos,0.73207,1733,0.728,464,1.265
604,Lanturn,0.73199,1747,0.733,356,0.971
605,Ferrothorn,0.73188,1727,0.725,323,0.881
606,Bellsprout,0.73188,1790,0.752,112,0.305
607,Houndoom,0.73182,1768,0.742,372,1.014
608,Gardevoir,0.73177,1766,0.741,330,0.900
609,Porygon-Z,0.73155,1776,0.746,457,1.246
610,Tapu Fini,0.73148,1778,0.747,500,1.363
611,Glameow,0.73128,1748,0.734,102,0.278
612,Glaceon,0.73122,1727,0.725,224,0.611
613,Magneton,0.73093,1772,0.744,314,0.856
614,Tentacruel,0.73092,1718,0.721,327,0.892
615,Mr. Mime,0.73086,1747,0.733,215,0.586
616,Gothita,0.73062,1748,0.734,77,0.210
617,Girafarig,0.73056,1758,0.738,191,0.521
618,Serperior,0.73053,1759,0.739,278,0.758
619,Snover,0.73041,1762,0.740,205,0.559
620,Meloetta,0.73033,1723,0.723,364,0.992
621,Sandile,0.73027,1710,0.718,141,0.384
622,Dusknoir,0.73019,1776,0.746,367,1.001
623,Munchlax,0.73017,1746,0.733,197,0.537
624,NidoranM,0.73011,1783,0.749,136,0.371
625,Karrablast,0.73008,1759,0.739,112,0.305
626,Donphan,0.73007,1778,0.747,310,0.845
627,Umbreon,0.72993,1752,0.736,193,0.526
628,Nidoqueen,0.72966,1760,0.739,450,1.227
629,Crustle,0.72960,1724,0.724,346,0.943
630,Cacnea,0.72954,1736,0.729,140,0.382
631,Clauncher,0.72951,1769,0.743,176,0.480
632,Lopunny,0.72924,1781,0.748,271,0.739
633,Woobat,0.72911,1731,0.727,84,0.229
634,Comfey,0.72909,1748,0.734,189,0.515
635,Kangaskhan,0.72908,1740,0.731,426,1.162
636,Ponyta,0.72907,1758,0.738,191,0.521
637,Cryogonal,0.72903,1726,0.725,260,0.709
638,Garchomp,0.72861,1732,0.727,599,1.633
639,Cloyster,0.72852,1764,0.741,361,0.984
640,Fennekin,0.72850,1751,0.735,110,0.300
641,Hariyama,0.72804,1763,0.740,482,1.314
642,Ditto,0.72780,1724,0.724,494,1.347
643,Chansey,0.72776,1737,0.729,187,0.510
644,Oranguru,0.72772,1726,0.725,297,0.810
645,Vullaby,0.72771,1735,0.728,94,0.256
646,Mudkip,0.72763,1724,0.724,157,0.428
647,Plusle,0.72755,1751,0.735,136,0.371
648,Piplup,0.72747,1712,0.719,108,0.294
649,Phione,0.72738,1731,0.727,227,0.619
650,Happiny,0.72738,1733,0.728,74,0.202
651,Dialga,0.72732,1712,0.719,675,1.840
652,Kabuto,0.72720,1739,0.730,119,0.324
653,Gible,0.72712,1762,0.740,199,0.543
654,Ninjask,0.72707,1738,0.730,173,0.472
655,Treecko,0.72690,1746,0.733,135,0.368
656,Mienfoo,0.72684,1763,0.740,222,0.605
657,Weavile,0.72683,1685,0.707,340,0.927
658,Pansear,0.72661,1749,0.734,127,0.346
659,Liepard,0.72658,1722,0.723,216,0.589
660,Darumaka,0.72657,1736,0.729,204,0.556
661,Cradily,0.72649,1716,0.720,262,0.714
662,Baltoy,0.72637,1723,0.723,109,0.297
663,Drifloon,0.72636,1741,0.731,109,0.297
664,Landorus,0.72554,1698,0.713,543,1.481
665,Slowking,0.72537,1736,0.729,319,0.870
666,Yanma,0.72522,1758,0.738,123,0.335
667,Eevee,0.72505,1734,0.728,94,0.256
668,Magby,0.72501,1757,0.738,137,0.374
669,Monferno,0.72494,1735,0.728,325,0.886
670,Sealeo,0.72484,1758,0.738,242,0.660
671,Totodile,0.72472,1741,0.731,186,0.507
672,Vileplume,0.72462,1748,0.734,218,0.594
673,Grotle,0.72452,1735,0.728,157,0.428
674,NidoranF,0.72434,1726,0.725,101,0.275
675,Diancie,0.72430,1732,0.727,334,0.911
676,Klefki,0.72424,1729,0.726,181,0.494
677,Klinklang,0.72415,1760,0.739,255,0.695
678,Floatzel,0.72412,1759,0.739,280,0.763
679,Marill,0.72410,1741,0.731,150,0.409
680,Murkrow,0.72401,1737,0.729,168,0.458
681,Deoxys,0.72389,1739,0.730,500,1.363
682,Rampardos,0.72387,1725,0.724,413,1.126
683,Meditite,0.72387,1740,0.731,170,0.464
684,Slowbro,0.72385,1747,0.733,323,0.881
685,Zangoose,0.72372,1715,0.720,314,0.856
686,Whiscash,0.72355,1752,0.736,321,0.875
687,Stantler,0.72346,1710,0.718,207,0.564
688,Rowlet,0.72334,1755,0.737,136,0.371
689,Miltank,0.72334,1721,0.723,321,0.875
690,Espeon,0.72321,1752,0.736,250,0.682
691,Chingling,0.72310,1738,0.730,88,0.240
692,Skorupi,0.72296,1698,0.713,108,0.294
693,Azelf,0.72285,1736,0.729,402,1.096
694,Sawsbuck,0.72283,1735,0.728,282,0.769
695,Staravia,0.72280,1733,0.728,161,0.439
696,Lugia,0.72270,1712,0.719,607,1.655
697,Sharpedo,0.72266,1720,0.722,397,1.082
698,Croagunk,0.72254,1750,0.735,224,0.611
699,Seadra,0.72251,1723,0.723,242,0.660
700,Larvesta,0.72225,1744,0.732,181,0.494
701,Lurantis,0.72199,1740,0.731,323,0.881
702,Makuhita,0.72191,1725,0.724,205,0.559
703,Yanmega,0.72189,1731,0.727,261,0.712
704,Celesteela,0.72188,1735,0.728,698,1.903
705,Pichu,0.72186,1750,0.735,98,0.267
706,Ledyba,0.72180,1732,0.727,76,0.207
707,Cherubi,0.72147,1687,0.708,68,0.185
708,Psyduck,0.72142,1708,0.717,122,0.333
709,Magikarp,0.72098,1740,0.731,193,0.526
710,Dedenne,0.72025,1736,0.729,204,0.556
711,Heatran,0.72014,1723,0.723,535,1.459
712,Kricketune,0.72002,1775,0.745,142,0.387
713,Staraptor,0.71982,1740,0.731,369,1.006
714,Oshawott,0.71966,1737,0.729,147,0.401
715,Scraggy,0.71956,1733,0.728,223,0.608
716,Dewgong,0.71930,1742,0.731,280,0.763
717,Silcoon,0.71929,1740,0.731,59,0.161
718,Foongus,0.71918,1759,0.739,91,0.248
719,Beedrill,0.71909,1744,0.732,186,0.507
720,Roggenrola,0.71908,1695,0.712,114,0.311
721,Primarina,0.71891,1731,0.727,583,1.590
722,Omastar,0.71887,1724,0.724,243,0.663
723,Ducklett,0.71817,1697,0.712,106,0.289
724,Regigigas,0.71809,1754,0.736,412,1.123
725,Staryu,0.71794,1718,0.721,148,0.404
726,Xatu,0.71777,1710,0.718,212,0.578
727,Sylveon,0.71737,1727,0.725,340,0.927
728,Ludicolo,0.71675,1716,0.720,356,0.971
729,Rayquaza,0.71658,1730,0.726,761,2.075
730,Moltres,0.71651,1729,0.726,421,1.148
731,Shiftry,0.71630,1701,0.714,282,0.769
732,Wobbuffet,0.71605,1749,0.734,300,0.818
733,Dragonair,0.71590,1720,0.722,323,0.881
734,Durant,0.71585,1738,0.730,263,0.717
735,Sawk,0.71570,1728,0.726,429,1.170
736,Skiddo,0.71562,1708,0.717,125,0.341
737,Chikorita,0.71557,1691,0.710,84,0.229
738,Inkay,0.71542,1723,0.723,97,0.264
739,Florges,0.71487,1716,0.720,254,0.693
740,Cyndaquil,0.71478,1745,0.733,176,0.480
741,Scatterbug,0.71444,1720,0.722,55,0.150
742,Gurdurr,0.71388,1697,0.712,339,0.924
743,Mareep,0.71378,1705,0.716,123,0.335
744,Pignite,0.71358,1717,0.721,307,0.837
745,Seel,0.71341,1716,0.720,113,0.308
746,Paras,0.71339,1749,0.734,102,0.278
747,Igglybuff,0.71305,1690,0.710,74,0.202
748,Dunsparce,0.71227,1737,0.729,179,0.488
749,Kecleon,0.71218,1708,0.717,269,0.733
750,Mesprit,0.71182,1693,0.711,293,0.799
751,Charizard,0.71178,1705,0.716,469,1.279
752,Kirlia,0.71161,1691,0.710,135,0.368
753,Cottonee,0.71078,1733,0.728,90,0.245
754,Quagsire,0.71069,1731,0.727,322,0.878
755,Ampharos,0.71060,1729,0.726,331,0.903
756,Wishiwashi,0.71054,1700,0.714,502,1.369
757,Luxio,0.71019,1741,0.731,184,0.502
758,Regirock,0.70867,1697,0.712,396,1.080
759,Tirtouga,0.70861,1703,0.715,220,0.600
760,Simipour,0.70793,1728,0.726,291,0.793
761,Decidueye,0.70772,1712,0.719,465,1.268
762,Machop,0.70758,1708,0.717,204,0.556
763,Espurr,0.70724,1714,0.720,78,0.213
764,Tranquill,0.70626,1694,0.711,131,0.357
765,Grumpig,0.70600,1700,0.714,181,0.494
766,Tropius,0.70507,1700,0.714,243,0.663
767,Bouffalant,0.70477,1726,0.725,414,1.129
768,Remoraid,0.70461,1661,0.697,196,0.534
769,Manaphy,0.70412,1685,0.707,295,0.804
770,Magmar,0.70409,1681,0.706,310,0.845
771,Bonsly,0.70302,1683,0.707,101,0.275
772,Altaria,0.70281,1688,0.709,334,0.911
773,Delphox,0.70134,1706,0.716,403,1.099
774,Blaziken,0.70101,1691,0.710,612,1.669
775,Wartortle,0.70068,1698,0.713,217,0.592
776,Tsareena,0.70015,1697,0.712,294,0.802
777,Gigalith,0.69744,1678,0.705,354,0.965
778,Mothim,0.67993,1683,0.707,185,0.504
779,Greninja,0.54160,1267,0.532,414,1.129
780,Meowth,0.40013,949,0.398,54,0.147
781,Muk,0.39958,940,0.395,199,0.543
782,Lycanroc,0.39755,935,0.393,144,0.393
783,Rattata-Alola,0.39101,920,0.386,66,0.180
784,Muk-Alola,0.38925,927,0.389,279,0.761
785,Raticate,0.38864,926,0.389,103,0.281
786,Diglett-Alola,0.38751,918,0.385,105,0.286
787,Grimer,0.38666,904,0.380,79,0.215
788,Sandshrew,0.38651,911,0.382,73,0.199
789,Lycanroc-Midnight,0.38633,912,0.383,152,0.414
790,Raichu-Alola,0.38574,899,0.377,239,0.652
791,Grimer-Alola,0.38470,907,0.381,100,0.273
792,Golem,0.38231,918,0.385,191,0.521
793,Diglett,0.38224,918,0.385,68,0.185
794,Exeggutor,0.37764,905,0.380,154,0.420
795,Dugtrio,0.37661,915,0.384,123,0.335
796,Ninetales-Alola,0.37598,868,0.364,191,0.521
797,Marowak-Alola,0.37589,903,0.379,261,0.712
798,Sandslash-Alola,0.37130,885,0.372,228,0.622
799,Geodude-Alola,0.37004,890,0.374,106,0.289
800,Vulpix,0.37003,907,0.381,68,0.185
801,Sandslash,0.36944,903,0.379,139,0.379
802,Persian-Alola,0.36868,870,0.365,127,0.346
803,Geodude,0.36787,861,0.361,85,0.232
804,Exeggutor-Alola,0.36784,892,0.375,272,0.742
805,Raichu,0.36748,908,0.381,165,0.450
806,Graveler-Alola,0.36618,877,0.368,198,0.540
807,Dugtrio-Alola,0.36560,866,0.364,216,0.589
808,Vulpix-Alola,0.36423,882,0.370,100,0.273
809,Meowth-Alola,0.36418,890,0.374,58,0.158
810,Sandshrew-Alola,0.36306,847,0.356,105,0.286
811,Golem-Alola,0.36218,840,0.353,233,0.635
812,Rattata,0.36115,902,0.379,61,0.166
813,Raticate-Alola,0.36077,855,0.359,108,0.294
814,Floette,0.36057,859,0.361,78,0.213
815,Persian,0.35729,857,0.360,116,0.316
816,Marowak,0.35629,845,0.355,152,0.414
817,Floette-Eternal,0.35530,843,0.354,164,0.447
818,Ninetales,0.35356,849,0.356,155,0.423
819,Graveler,0.35199,855,0.359,142,0.387
820,Wormadam-Trash,0.25460,589,0.247,49,0.134
821,Kyurem-Black,0.25305,594,0.249,240,0.654
822,Greninja-Ash,0.25159,607,0.255,189,0.515
823,Wormadam-Sandy,0.24434,599,0.251,48,0.131
824,Wormadam,0.24340,581,0.244,56,0.153
825,Kyurem,0.24005,576,0.242,216,0.589
826,Kyurem-White,0.23938,573,0.241,259,0.706
827,Rotom,0.13308,314,0.132,52,0.142
828,Rotom-Frost,0.12749,315,0.132,45,0.123
829,Rotom-Wash,0.12103,284,0.119,62,0.169
830,Rotom-Mow,0.11945,271,0.114,58,0.158
831,Rotom-Fan,0.11852,279,0.117,63,0.172
832,Rotom-Heat,0.11788,274,0.115,53,0.145
833,Rayquaza-Mega,0.03732,86,0.036,55,0.150
834,Pinsir-Mega,0.00487,12,0.005,4,0.011
835,Scizor-Mega,0.00467,9,0.004,1,0.003
836,Houndoom-Mega,0.00451,10,0.004,2,0.005
837,Manectric-Mega,0.00433,10,0.004,3,0.008
838,Charizard-Mega-Y,0.00420,9,0.004,6,0.016
839,Heracross-Mega,0.00371,6,0.003,1,0.003
840,Garchomp-Mega,0.00348,7,0.003,2,0.005
841,Sceptile-Mega,0.00337,8,0.003,4,0.011
842,Aggron-Mega,0.00329,9,0.004,4,0.011
843,Mewtwo-Mega-Y,0.00312,8,0.003,6,0.016
844,Swampert-Mega,0.00311,7,0.003,2,0.005
845,Metagross-Mega,0.00304,10,0.004,3,0.008
846,Abomasnow-Mega,0.00303,7,0.003,1,0.003
847,Gyarados-Mega,0.00284,5,0.002,3,0.008
848,Kangaskhan-Mega,0.00274,5,0.002,1,0.003
849,Mewtwo-Mega-X,0.00271,6,0.003,3,0.008
850,Mawile-Mega,0.00265,5,0.002,2,0.005
851,Glalie-Mega,0.00263,6,0.003,3,0.008
852,Sharpedo-Mega,0.00251,4,0.002,1,0.003
853,Venusaur-Mega,0.00248,5,0.002,1,0.003
854,Audino-Mega,0.00241,5,0.002,0,0.000
855,Gengar-Mega,0.00239,4,0.002,2,0.005
856,Latios-Mega,0.00238,5,0.002,4,0.011
857,Blaziken-Mega,0.00236,6,0.003,3,0.008
858,Diancie-Mega,0.00214,5,0.002,0,0.000
859,Sableye-Mega,0.00212,5,0.002,2,0.005
860,Slowbro-Mega,0.00201,4,0.002,1,0.003
861,Altaria-Mega,0.00198,4,0.002,1,0.003
862,Charizard-Mega-X,0.00197,6,0.003,2,0.005
863,Absol-Mega,0.00193,5,0.002,1,0.003
864,Aerodactyl-Mega,0.00193,5,0.002,2,0.005
865,Salamence-Mega,0.00192,3,0.001,2,0.005
866,Pidgeot-Mega,0.00169,3,0.001,3,0.008
867,Latias-Mega,0.00168,4,0.002,1,0.003
868,Blastoise-Mega,0.00157,3,0.001,2,0.005
869,Gallade-Mega,0.00154,5,0.002,2,0.005
870,Medicham-Mega,0.00141,3,0.001,1,0.003
871,Lopunny-Mega,0.00138,3,0.001,1,0.003
872,Gardevoir-Mega,0.00131,4,0.002,1,0.003
873,Alakazam-Mega,0.00130,2,0.001,0,0.000
874,Ampharos-Mega,0.00126,4,0.002,2,0.005
875,Steelix-Mega,0.00107,3,0.001,1,0.003
876,Lucario-Mega,0.00105,4,0.002,2,0.005
877,Groudon-Primal,0.00097,3,0.001,2,0.005
878,Kyogre-Primal,0.00083,2,0.001,1,0.003
879,Tyranitar-Mega,0.00082,4,0.002,1,0.003
880,Camerupt-Mega,0.00077,2,0.001,1,0.003
881,Banette-Mega,0.00075,2,0.001,1,0.003
882,Beedrill-Mega,0.00065,1,0.000,0,0.000
