 Total battles: 1256
 Avg. weight/team: 0.035
Rank,Pokemon,Usage percentage,Raw,Raw percentage,Real,Real percentage
1,Mimikyu,71.29692,493,19.626,196,18.708
2,Celesteela,41.92640,216,8.599,68,6.491
3,Hippowdon,33.28013,73,2.906,32,3.054
4,Rayquaza-Mega,30.46899,231,9.196,175,16.704
5,Salamence-Mega,29.17114,247,9.833,108,10.309
6,Kyogre,26.84020,76,3.025,57,5.441
7,Chansey,22.23708,81,3.225,24,2.291
8,Volcarona,20.97924,103,4.100,29,2.768
9,Muk-Alola,20.74318,141,5.613,42,4.009
10,Infernape,20.09701,88,3.503,53,5.059
11,Pyukumuku,20.09642,63,2.508,14,1.336
12,Ferrothorn,14.76283,115,4.578,30,2.864
13,Arceus,13.64084,103,4.100,59,5.632
14,Gengar-Mega,11.60132,147,5.852,60,5.727
15,Kartana,10.84479,106,4.220,36,3.436
16,Tapu Lele,10.65306,200,7.962,57,5.441
17,Pheromosa,9.64958,177,7.046,79,7.541
18,Lucario-Mega,9.20969,295,11.744,122,11.645
19,Abomasnow,8.27889,36,1.433,10,0.955
20,Greninja,7.90351,391,15.565,184,17.563
21,Ditto,7.82638,52,2.070,28,2.673
22,Tapu Koko,7.81354,181,7.205,71,6.777
23,Groudon-Primal,7.40007,152,6.051,125,11.931
24,Tapu Fini,6.83864,87,3.463,36,3.436
25,Xerneas,6.83527,75,2.986,47,4.486
26,Charizard-Mega-X,6.47037,425,16.919,235,22.431
27,Kangaskhan-Mega,6.34250,118,4.697,45,4.295
28,Metagross-Mega,6.14491,177,7.046,65,6.204
29,Gengar,5.28702,97,3.861,41,3.913
30,Heatran,5.22115,61,2.428,26,2.482
31,Yveltal,4.73144,25,0.995,14,1.336
32,Excadrill,4.73048,101,4.021,36,3.436
33,Blaziken,4.72965,172,6.847,84,8.018
34,Garchomp,4.65596,318,12.659,159,15.177
35,Aegislash,4.45894,220,8.758,66,6.300
36,Cresselia,4.26486,40,1.592,10,0.955
37,Rhyperior,3.98662,17,0.677,7,0.668
38,Cloyster,3.79791,67,2.667,24,2.291
39,Landorus-Therian,2.55775,77,3.065,46,4.391
40,Jolteon,2.30591,83,3.304,24,2.291
41,Drampa,2.09115,32,1.274,8,0.764
42,Azumarill,2.00916,21,0.836,16,1.527
43,Xurkitree,1.99952,50,1.990,18,1.718
44,Ninetales-Alola,1.72984,135,5.374,49,4.677
45,Gyarados-Mega,1.59855,136,5.414,65,6.204
46,Nihilego,1.56975,45,1.791,24,2.291
47,Mamoswine,1.55169,65,2.588,34,3.245
48,Rotom-Wash,1.51844,65,2.588,17,1.623
49,Turtonator,1.29505,79,3.145,23,2.195
50,Toxapex,1.21506,152,6.051,68,6.491
51,Tyranitar,1.16660,186,7.404,81,7.731
52,Mudsdale,1.11147,80,3.185,29,2.768
53,Magearna,1.11071,58,2.309,30,2.864
54,Primarina,1.05794,97,3.861,55,5.250
55,Salazzle,1.05601,107,4.260,33,3.150
56,Venusaur-Mega,1.04906,87,3.463,39,3.723
57,Sylveon,1.03567,69,2.747,24,2.291
58,Deoxys-Attack,1.01554,10,0.398,4,0.382
59,Latios,1.01531,91,3.623,33,3.150
60,Magnezone,0.99475,60,2.389,18,1.718
61,Thundurus,0.92759,13,0.518,5,0.477
62,Scizor-Mega,0.85811,93,3.702,39,3.723
63,Thundurus-Therian,0.82877,50,1.990,16,1.527
64,Chandelure,0.82172,30,1.194,11,1.050
65,Staraptor,0.78531,32,1.274,14,1.336
66,Rotom-Heat,0.74331,33,1.314,10,0.955
67,Latias,0.71641,46,1.831,20,1.909
68,Shaymin-Sky,0.71002,35,1.393,20,1.909
69,Masquerain,0.68021,3,0.119,2,0.191
70,Mew,0.68021,21,0.836,13,1.241
71,Landorus,0.67939,18,0.717,8,0.764
72,Zygarde,0.66042,73,2.906,44,4.200
73,Cradily,0.61263,43,1.712,18,1.718
74,Porygon-Z,0.60823,73,2.906,37,3.532
75,Raikou,0.58909,11,0.438,5,0.477
76,Weavile,0.58312,41,1.632,16,1.527
77,Dugtrio,0.53864,37,1.473,8,0.764
78,Lunala,0.50552,45,1.791,34,3.245
79,Talonflame,0.42415,45,1.791,21,2.004
80,Slowbro,0.41872,12,0.478,6,0.573
81,Absol-Mega,0.41092,51,2.030,12,1.145
82,Vanilluxe,0.38141,22,0.876,9,0.859
83,Archeops,0.37991,16,0.637,12,1.145
84,Zoroark,0.37861,14,0.557,7,0.668
85,Carracosta,0.37861,7,0.279,1,0.095
86,Klinklang,0.37861,6,0.239,2,0.191
87,Reshiram,0.37861,13,0.518,9,0.859
88,Empoleon,0.36234,21,0.836,15,1.432
89,Manaphy,0.34599,23,0.916,14,1.336
90,Scolipede,0.34446,21,0.836,9,0.859
91,Charizard-Mega-Y,0.33865,90,3.583,56,5.345
92,Espeon,0.30436,48,1.911,16,1.527
93,Mewtwo,0.30060,84,3.344,67,6.395
94,Type: Null,0.27194,33,1.314,9,0.859
95,Dragonite,0.25372,123,4.896,46,4.391
96,Crobat,0.25306,32,1.274,11,1.050
97,Marowak-Alola,0.24594,150,5.971,61,5.822
98,Venusaur,0.23633,48,1.911,14,1.336
99,Charizard,0.22804,87,3.463,53,5.059
100,Crawdaunt,0.22708,9,0.358,4,0.382
101,Cobalion,0.22708,8,0.318,3,0.286
102,Hariyama,0.22708,21,0.836,11,1.050
103,Smeargle,0.22679,27,1.075,14,1.336
104,Crustle,0.22631,17,0.677,12,1.145
105,Victini,0.22618,18,0.717,11,1.050
106,Vespiquen,0.21541,13,0.518,2,0.191
107,Gardevoir,0.21194,87,3.463,34,3.245
108,Hippopotas,0.17515,10,0.398,0,0.000
109,Skarmory,0.16834,47,1.871,11,1.050
110,Gastrodon,0.16833,26,1.035,12,1.145
111,Clefable,0.16832,19,0.756,10,0.955
112,Hydreigon,0.16198,21,0.836,10,0.955
113,Deoxys,0.16144,5,0.199,3,0.286
114,Raticate-Alola,0.14965,27,1.075,9,0.859
115,Lycanroc,0.14218,23,0.916,5,0.477
116,Salamence,0.14160,78,3.105,30,2.864
117,Incineroar,0.12122,104,4.140,47,4.486
118,Suicune,0.11884,32,1.274,15,1.432
119,Minior,0.11252,26,1.035,11,1.050
120,Persian-Alola,0.10942,10,0.398,1,0.095
121,Raichu-Alola,0.09544,96,3.822,50,4.773
122,Arceus-Ghost,0.08475,12,0.478,10,0.955
123,Serperior,0.07271,45,1.791,18,1.718
124,Ho-Oh,0.07160,5,0.199,1,0.095
125,Clawitzer,0.07160,11,0.438,7,0.668
126,Buzzwole,0.07004,57,2.269,20,1.909
127,Feraligatr,0.06959,34,1.354,8,0.764
128,Togedemaru,0.06664,23,0.916,8,0.764
129,Dusclops,0.06499,27,1.075,9,0.859
130,Sableye-Mega,0.06499,47,1.871,18,1.718
131,Barbaracle,0.06499,21,0.836,7,0.668
132,Blastoise-Mega,0.05583,59,2.349,30,2.864
133,Araquanid,0.05397,22,0.876,10,0.955
134,Leavanny,0.05397,5,0.199,0,0.000
135,Dustox,0.05397,4,0.159,1,0.095
136,Yanmega,0.05397,7,0.279,3,0.286
137,Wormadam-Trash,0.05397,4,0.159,4,0.382
138,Tyrantrum,0.05346,16,0.637,8,0.764
139,Torterra,0.04614,17,0.677,11,1.050
140,Togekiss,0.04513,47,1.871,26,2.482
141,Krookodile,0.04410,23,0.916,2,0.191
142,Milotic,0.04410,23,0.916,5,0.477
143,Slowbro-Mega,0.04410,13,0.518,9,0.859
144,Lucario,0.04352,49,1.951,27,2.577
145,Exeggutor-Alola,0.04223,22,0.876,6,0.573
146,Victreebel,0.03606,18,0.717,6,0.573
147,Reuniclus,0.03513,18,0.717,11,1.050
148,Braviary,0.03513,22,0.876,10,0.955
149,Samurott,0.03513,18,0.717,8,0.764
150,Eevee,0.03336,49,1.951,46,4.391
151,Whimsicott,0.03336,20,0.796,16,1.527
152,Dugtrio-Alola,0.03316,20,0.796,3,0.286
153,Rayquaza,0.03253,13,0.518,11,1.050
154,Tapu Bulu,0.03207,57,2.269,24,2.291
155,Amoonguss,0.02969,18,0.717,1,0.095
156,Silvally-Steel,0.02821,14,0.557,6,0.573
157,Flareon,0.02742,17,0.677,1,0.095
158,Kyurem-White,0.02727,7,0.279,3,0.286
159,Bronzong,0.02727,7,0.279,4,0.382
160,Arcanine,0.02686,67,2.667,31,2.959
161,Tornadus,0.02671,12,0.478,2,0.191
162,Ninetales,0.02517,26,1.035,16,1.527
163,Decidueye,0.02500,97,3.861,45,4.295
164,Druddigon,0.02405,5,0.199,0,0.000
165,Lurantis,0.01590,10,0.398,4,0.382
166,Bewear,0.01307,19,0.756,6,0.573
167,Pelipper,0.01170,39,1.553,15,1.432
168,Hoopa,0.01152,5,0.199,2,0.191
169,Jirachi,0.01105,15,0.597,6,0.573
170,Porygon2,0.01105,42,1.672,17,1.623
171,Ludicolo,0.01105,12,0.478,6,0.573
172,Darkrai,0.00965,19,0.756,7,0.668
173,Tsareena,0.00790,13,0.518,4,0.382
174,Breloom,0.00759,35,1.393,18,1.718
175,Palpitoad,0.00759,8,0.318,5,0.477
176,Pinsir-Mega,0.00759,31,1.234,12,1.145
177,Accelgor,0.00759,16,0.637,5,0.477
178,Chesnaught,0.00718,15,0.597,6,0.573
179,Munchlax,0.00707,4,0.159,1,0.095
180,Simipour,0.00653,1,0.040,1,0.095
181,Lapras,0.00634,52,2.070,19,1.814
182,Garchomp-Mega,0.00626,55,2.189,22,2.100
183,Onix,0.00530,6,0.239,0,0.000
184,Rhydon,0.00497,10,0.398,4,0.382
185,Aggron,0.00493,21,0.836,6,0.573
186,Golem-Alola,0.00493,21,0.836,8,0.764
187,Gliscor,0.00457,41,1.632,23,2.195
188,Exploud,0.00368,8,0.318,4,0.382
189,Beedrill,0.00368,5,0.199,1,0.095
190,Sceptile,0.00356,78,3.105,32,3.054
191,Flygon,0.00334,22,0.876,13,1.241
192,Typhlosion,0.00280,28,1.115,10,0.955
193,Absol,0.00272,14,0.557,3,0.286
194,Throh,0.00272,2,0.080,1,0.095
195,Starmie,0.00254,6,0.239,2,0.191
196,Bisharp,0.00254,20,0.796,6,0.573
197,Tangela,0.00238,2,0.080,1,0.095
198,Alomomola,0.00238,1,0.040,0,0.000
199,Gyarados,0.00228,61,2.428,29,2.768
200,Ninjask,0.00225,12,0.478,4,0.382
201,Umbreon,0.00225,31,1.234,15,1.432
202,Kyogre-Primal,0.00222,22,0.876,16,1.527
203,Kingdra,0.00210,33,1.314,14,1.336
204,Noivern,0.00150,39,1.553,18,1.718
205,Guzzlord,0.00149,13,0.518,5,0.477
206,Darmanitan,0.00142,19,0.756,8,0.764
207,Houndoom,0.00127,26,1.035,7,0.668
208,Sableye,0.00108,3,0.119,0,0.000
209,Tangrowth,0.00080,8,0.318,1,0.095
210,Conkeldurr,0.00080,17,0.677,11,1.050
211,Blastoise,0.00080,48,1.911,26,2.482
212,Oricorio,0.00075,4,0.159,2,0.191
213,Gallade,0.00065,20,0.796,6,0.573
214,Kangaskhan,0.00056,4,0.159,1,0.095
215,Goodra,0.00050,56,2.229,24,2.291
216,Pikachu,0.00041,61,2.428,26,2.482
217,Electivire,0.00037,32,1.274,14,1.336
218,Frogadier,0.00033,4,0.159,2,0.191
219,Steelix,0.00033,19,0.756,8,0.764
220,Wailord,0.00033,10,0.398,6,0.573
221,Mawile,0.00033,6,0.239,3,0.286
222,Solgaleo,0.00033,44,1.752,23,2.195
223,Hawlucha,0.00028,24,0.955,9,0.859
224,Zekrom,0.00025,26,1.035,11,1.050
225,Regigigas,0.00022,15,0.597,8,0.764
226,Registeel,0.00022,12,0.478,6,0.573
227,Regice,0.00022,9,0.358,2,0.191
228,Virizion,0.00021,5,0.199,1,0.095
229,Magmortar,0.00021,10,0.398,3,0.286
230,Palkia,0.00020,13,0.518,12,1.145
231,Alakazam-Mega,0.00019,96,3.822,39,3.723
232,Raichu,0.00019,23,0.916,11,1.050
233,Kingler,0.00017,5,0.199,2,0.191
234,Deoxys-Speed,0.00017,3,0.119,2,0.191
235,Articuno,0.00016,42,1.672,21,2.004
236,Eelektross,0.00008,11,0.438,7,0.668
237,Banette,0.00008,7,0.279,3,0.286
238,Kecleon,0.00008,3,0.119,0,0.000
239,Giratina,0.00007,4,0.159,3,0.286
240,Scyther,0.00006,14,0.557,6,0.573
241,Swellow,0.00004,6,0.239,1,0.095
242,Rotom-Mow,0.00004,6,0.239,2,0.191
243,Ambipom,0.00004,13,0.518,7,0.668
244,Hitmonlee,0.00004,9,0.358,4,0.382
245,Prinplup,0.00004,1,0.040,0,0.000
246,Flaaffy,0.00004,1,0.040,0,0.000
247,Fraxure,0.00004,2,0.080,2,0.191
248,Haxorus,0.00004,21,0.836,10,0.955
249,Arbok,0.00002,8,0.318,5,0.477
250,Honchkrow,0.00002,3,0.119,1,0.095
251,Tornadus-Therian,0.00001,9,0.358,6,0.573
252,Fomantis,0.00000,1,0.040,0,0.000
253,Natu,0.00000,1,0.040,0,0.000
254,Lombre,0.00000,3,0.119,3,0.286
255,Torracat,0.00000,5,0.199,3,0.286
256,Poliwrath,0.00000,7,0.279,1,0.095
257,Emolga,0.00000,4,0.159,3,0.286
258,Butterfree,0.00000,4,0.159,2,0.191
259,Wobbuffet,0.00000,12,0.478,3,0.286
260,Magnemite,0.00000,1,0.040,0,0.000
261,Linoone,0.00000,2,0.080,2,0.191
262,Vulpix-Alola,0.00000,1,0.040,0,0.000
263,Bellossom,0.00000,1,0.040,1,0.095
264,Gothorita,0.00000,1,0.040,0,0.000
265,Raticate,0.00000,1,0.040,1,0.095
266,Silvally-Water,0.00000,2,0.080,1,0.095
267,Sharpedo,0.00000,6,0.239,2,0.191
268,Psyduck,0.00000,1,0.040,0,0.000
269,Stoutland,0.00000,3,0.119,1,0.095
270,Blissey,0.00000,9,0.358,4,0.382
271,Celebi,0.00000,1,0.040,0,0.000
272,Ampharos,0.00000,13,0.518,7,0.668
273,Omastar,0.00000,1,0.040,1,0.095
274,Ledian,0.00000,1,0.040,1,0.095
275,Walrein,0.00000,4,0.159,3,0.286
276,Heliolisk,0.00000,4,0.159,1,0.095
277,Durant,0.00000,6,0.239,2,0.191
278,Huntail,0.00000,6,0.239,3,0.286
279,Regirock,0.00000,4,0.159,2,0.191
280,Piloswine,0.00000,3,0.119,3,0.286
281,Gabite,0.00000,1,0.040,1,0.095
282,Arceus-Dark,0.00000,4,0.159,1,0.095
283,Pansage,0.00000,1,0.040,0,0.000
284,Swanna,0.00000,1,0.040,0,0.000
285,Skuntank,0.00000,2,0.080,2,0.191
286,Popplio,0.00000,2,0.080,1,0.095
287,Gothitelle,0.00000,2,0.080,2,0.191
288,Zubat,0.00000,2,0.080,0,0.000
289,Seismitoad,0.00000,8,0.318,5,0.477
290,Arceus-Electric,0.00000,6,0.239,4,0.382
291,Zebstrika,0.00000,4,0.159,1,0.095
292,Alakazam,0.00000,17,0.677,4,0.382
293,Dragalge,0.00000,2,0.080,0,0.000
294,Cherrim,0.00000,1,0.040,1,0.095
295,Arceus-Fairy,0.00000,7,0.279,5,0.477
296,Seel,0.00000,1,0.040,1,0.095
297,Hakamo-o,0.00000,1,0.040,0,0.000
298,Carbink,0.00000,2,0.080,1,0.095
299,Vanillish,0.00000,1,0.040,1,0.095
300,Drifblim,0.00000,2,0.080,1,0.095
301,Yanma,0.00000,1,0.040,0,0.000
302,Sandslash-Alola,0.00000,21,0.836,6,0.573
303,Torkoal,0.00000,12,0.478,8,0.764
304,Farfetch'd,0.00000,2,0.080,2,0.191
305,Tentacruel,0.00000,5,0.199,3,0.286
306,Weepinbell,0.00000,1,0.040,1,0.095
307,Necrozma,0.00000,3,0.119,3,0.286
308,Dodrio,0.00000,5,0.199,2,0.191
309,Dartrix,0.00000,5,0.199,2,0.191
310,Unfezant,0.00000,3,0.119,1,0.095
311,Floatzel,0.00000,8,0.318,2,0.191
312,Electrode,0.00000,1,0.040,0,0.000
313,Lycanroc-Midnight,0.00000,11,0.438,3,0.286
314,Solrock,0.00000,1,0.040,0,0.000
315,Litten,0.00000,6,0.239,3,0.286
316,Woobat,0.00000,1,0.040,0,0.000
317,Trevenant,0.00000,12,0.478,5,0.477
318,Electabuzz,0.00000,2,0.080,1,0.095
319,Galvantula,0.00000,8,0.318,5,0.477
320,Hitmonchan,0.00000,5,0.199,1,0.095
321,Fletchling,0.00000,1,0.040,0,0.000
322,Sigilyph,0.00000,6,0.239,2,0.191
323,Oricorio-Pom-Pom,0.00000,6,0.239,2,0.191
324,Qwilfish,0.00000,3,0.119,2,0.191
325,Sudowoodo,0.00000,2,0.080,0,0.000
326,Glalie,0.00000,3,0.119,1,0.095
327,Camerupt,0.00000,9,0.358,3,0.286
328,Wormadam-Sandy,0.00000,1,0.040,1,0.095
329,Golisopod,0.00000,22,0.876,11,1.050
330,Eelektrik,0.00000,3,0.119,1,0.095
331,Weezing,0.00000,3,0.119,2,0.191
332,Spiritomb,0.00000,4,0.159,2,0.191
333,Liepard,0.00000,2,0.080,1,0.095
334,Pidove,0.00000,1,0.040,1,0.095
335,Sandslash,0.00000,3,0.119,0,0.000
336,Tropius,0.00000,1,0.040,1,0.095
337,Aron,0.00000,1,0.040,0,0.000
338,Machamp,0.00000,31,1.234,6,0.573
339,Grotle,0.00000,1,0.040,1,0.095
340,Gligar,0.00000,1,0.040,0,0.000
341,Exeggutor,0.00000,5,0.199,0,0.000
342,Silvally-Poison,0.00000,1,0.040,0,0.000
343,Diancie,0.00000,2,0.080,2,0.191
344,Bayleef,0.00000,1,0.040,1,0.095
345,Zangoose,0.00000,1,0.040,1,0.095
346,Kyurem,0.00000,3,0.119,2,0.191
347,Groudon,0.00000,4,0.159,4,0.382
348,Florges,0.00000,4,0.159,1,0.095
349,Nidoqueen,0.00000,6,0.239,2,0.191
350,Altaria,0.00000,9,0.358,3,0.286
351,Lotad,0.00000,2,0.080,2,0.191
352,Hoopa-Unbound,0.00000,12,0.478,6,0.573
353,Meloetta,0.00000,2,0.080,2,0.191
354,Luxio,0.00000,2,0.080,1,0.095
355,Oranguru,0.00000,19,0.756,7,0.668
356,Tepig,0.00000,1,0.040,0,0.000
357,Pachirisu,0.00000,5,0.199,1,0.095
358,Klefki,0.00000,11,0.438,4,0.382
359,Bulbasaur,0.00000,2,0.080,1,0.095
360,Jigglypuff,0.00000,4,0.159,1,0.095
361,Muk,0.00000,4,0.159,1,0.095
362,Glalie-Mega,0.00000,12,0.478,9,0.859
363,Wigglytuff,0.00000,1,0.040,0,0.000
364,Magikarp,0.00000,5,0.199,1,0.095
365,Dusknoir,0.00000,7,0.279,3,0.286
366,Rattata,0.00000,12,0.478,7,0.668
367,Granbull,0.00000,1,0.040,1,0.095
368,Kabutops,0.00000,12,0.478,3,0.286
369,Vulpix,0.00000,1,0.040,0,0.000
370,Haunter,0.00000,4,0.159,1,0.095
371,Dedenne,0.00000,8,0.318,3,0.286
372,Nosepass,0.00000,1,0.040,1,0.095
373,Slaking,0.00000,2,0.080,1,0.095
374,Shiinotic,0.00000,10,0.398,3,0.286
375,Magcargo,0.00000,1,0.040,1,0.095
376,Silvally-Fairy,0.00000,2,0.080,1,0.095
377,Togetic,0.00000,3,0.119,0,0.000
378,Palossand,0.00000,14,0.557,5,0.477
379,Quagsire,0.00000,1,0.040,0,0.000
380,Duskull,0.00000,1,0.040,0,0.000
381,Metapod,0.00000,1,0.040,1,0.095
382,Oricorio-Pa'u,0.00000,2,0.080,0,0.000
383,Quilava,0.00000,1,0.040,1,0.095
384,Meowstic,0.00000,4,0.159,3,0.286
385,Ivysaur,0.00000,1,0.040,0,0.000
386,Whiscash,0.00000,4,0.159,1,0.095
387,Vileplume,0.00000,3,0.119,1,0.095
388,Slowking,0.00000,7,0.279,3,0.286
389,Lopunny,0.00000,8,0.318,4,0.382
390,Beldum,0.00000,1,0.040,0,0.000
391,Bastiodon,0.00000,6,0.239,2,0.191
392,Venomoth,0.00000,2,0.080,1,0.095
393,Comfey,0.00000,11,0.438,4,0.382
394,Medicham,0.00000,4,0.159,2,0.191
395,Rotom-Frost,0.00000,2,0.080,1,0.095
396,Bouffalant,0.00000,2,0.080,1,0.095
397,Pyroar,0.00000,3,0.119,3,0.286
398,Dialga,0.00000,8,0.318,7,0.668
399,Pichu,0.00000,2,0.080,1,0.095
400,Furret,0.00000,2,0.080,2,0.191
401,Gigalith,0.00000,19,0.756,8,0.764
402,Volcanion,0.00000,6,0.239,3,0.286
403,Bruxish,0.00000,1,0.040,0,0.000
404,Illumise,0.00000,2,0.080,0,0.000
405,Chatot,0.00000,4,0.159,0,0.000
406,Xatu,0.00000,1,0.040,0,0.000
407,Brionne,0.00000,4,0.159,1,0.095
408,Silvally,0.00000,8,0.318,2,0.191
409,Giratina-Origin,0.00000,2,0.080,2,0.191
410,Shuckle,0.00000,18,0.717,8,0.764
411,Kakuna,0.00000,1,0.040,1,0.095
412,Seaking,0.00000,2,0.080,1,0.095
413,Crabominable,0.00000,7,0.279,4,0.382
414,Malamar,0.00000,3,0.119,1,0.095
415,Entei,0.00000,7,0.279,3,0.286
416,Dunsparce,0.00000,1,0.040,0,0.000
417,Riolu,0.00000,3,0.119,3,0.286
418,Braixen,0.00000,2,0.080,1,0.095
419,Ariados,0.00000,2,0.080,1,0.095
420,Sunflora,0.00000,1,0.040,1,0.095
421,Mandibuzz,0.00000,4,0.159,0,0.000
422,Frillish,0.00000,1,0.040,1,0.095
423,Kadabra,0.00000,2,0.080,1,0.095
424,Purugly,0.00000,3,0.119,3,0.286
425,Gorebyss,0.00000,2,0.080,1,0.095
426,Lampent,0.00000,2,0.080,1,0.095
427,Cacturne,0.00000,4,0.159,3,0.286
428,Emboar,0.00000,18,0.717,7,0.668
429,Genesect,0.00000,3,0.119,1,0.095
430,Komala,0.00000,1,0.040,0,0.000
431,Slurpuff,0.00000,1,0.040,0,0.000
432,Sunkern,0.00000,1,0.040,1,0.095
433,Aerodactyl,0.00000,9,0.358,3,0.286
434,Koffing,0.00000,4,0.159,3,0.286
435,Plusle,0.00000,1,0.040,0,0.000
436,Dhelmise,0.00000,8,0.318,3,0.286
437,Skorupi,0.00000,1,0.040,1,0.095
438,Dratini,0.00000,3,0.119,1,0.095
439,Aurorus,0.00000,7,0.279,1,0.095
440,Mantine,0.00000,3,0.119,1,0.095
441,Doublade,0.00000,4,0.159,1,0.095
442,Leafeon,0.00000,19,0.756,6,0.573
443,Oricorio-Sensu,0.00000,1,0.040,0,0.000
444,Corphish,0.00000,1,0.040,1,0.095
445,Noctowl,0.00000,2,0.080,0,0.000
446,Cofagrigus,0.00000,4,0.159,2,0.191
447,Snorlax,0.00000,49,1.951,19,1.814
448,Roselia,0.00000,1,0.040,0,0.000
449,Golem,0.00000,4,0.159,2,0.191
450,Pinsir,0.00000,1,0.040,1,0.095
451,Pangoro,0.00000,7,0.279,2,0.191
452,Sharpedo-Mega,0.00000,7,0.279,3,0.286
453,Tauros,0.00000,2,0.080,1,0.095
454,Squirtle,0.00000,6,0.239,5,0.477
455,Vivillon,0.00000,1,0.040,1,0.095
456,Trubbish,0.00000,1,0.040,1,0.095
457,Cosmoem,0.00000,1,0.040,1,0.095
458,Kyurem-Black,0.00000,19,0.756,10,0.955
459,Mismagius,0.00000,5,0.199,2,0.191
460,Donphan,0.00000,2,0.080,1,0.095
461,Primeape,0.00000,9,0.358,5,0.477
462,Sawsbuck,0.00000,5,0.199,2,0.191
463,Golduck,0.00000,8,0.318,5,0.477
464,Chimchar,0.00000,3,0.119,1,0.095
465,Politoed,0.00000,13,0.518,10,0.955
466,Heracross,0.00000,4,0.159,0,0.000
467,Toxicroak,0.00000,5,0.199,2,0.191
468,Zygarde-10,0.00000,4,0.159,3,0.286
469,Vaporeon,0.00000,13,0.518,5,0.477
470,Froslass,0.00000,9,0.358,6,0.573
471,Terrakion,0.00000,8,0.318,5,0.477
472,Totodile,0.00000,1,0.040,0,0.000
473,Toucannon,0.00000,9,0.358,4,0.382
474,Hypno,0.00000,3,0.119,1,0.095
475,Machoke,0.00000,1,0.040,0,0.000
476,Porygon,0.00000,1,0.040,1,0.095
477,Audino,0.00000,4,0.159,2,0.191
478,Jumpluff,0.00000,1,0.040,1,0.095
479,Drapion,0.00000,10,0.398,3,0.286
480,Probopass,0.00000,1,0.040,0,0.000
481,Maractus,0.00000,3,0.119,1,0.095
482,Solosis,0.00000,1,0.040,1,0.095
483,Silvally-Dark,0.00000,1,0.040,0,0.000
484,Pancham,0.00000,4,0.159,3,0.286
485,Golurk,0.00000,3,0.119,1,0.095
486,Keldeo,0.00000,2,0.080,0,0.000
487,Scizor,0.00000,19,0.756,5,0.477
488,Manectric,0.00000,6,0.239,1,0.095
489,Nidoking,0.00000,12,0.478,8,0.764
490,Zapdos,0.00000,41,1.632,18,1.718
491,Charmander,0.00000,3,0.119,3,0.286
492,Pikipek,0.00000,1,0.040,1,0.095
493,Grumpig,0.00000,1,0.040,1,0.095
494,Moltres,0.00000,19,0.756,8,0.764
495,Crabrawler,0.00000,1,0.040,0,0.000
496,Roserade,0.00000,2,0.080,0,0.000
497,Rockruff,0.00000,3,0.119,1,0.095
498,Luxray,0.00000,19,0.756,9,0.859
499,Jellicent,0.00000,9,0.358,5,0.477
500,Mienshao,0.00000,2,0.080,0,0.000
501,Gogoat,0.00000,3,0.119,0,0.000
502,Escavalier,0.00000,2,0.080,2,0.191
503,Sliggoo,0.00000,1,0.040,0,0.000
504,Zigzagoon,0.00000,1,0.040,0,0.000
505,Lugia,0.00000,6,0.239,3,0.286
506,Clefairy,0.00000,3,0.119,2,0.191
507,Azelf,0.00000,1,0.040,1,0.095
508,Loudred,0.00000,1,0.040,0,0.000
509,Mightyena,0.00000,1,0.040,0,0.000
510,Froakie,0.00000,1,0.040,1,0.095
511,Dragonair,0.00000,1,0.040,0,0.000
512,Diggersby,0.00000,4,0.159,1,0.095
513,Skitty,0.00000,1,0.040,0,0.000
514,Wurmple,0.00000,3,0.119,2,0.191
515,Kommo-o,0.00000,23,0.916,7,0.668
516,Tentacool,0.00000,1,0.040,1,0.095
517,Scrafty,0.00000,6,0.239,2,0.191
518,Lilligant,0.00000,3,0.119,1,0.095
519,Vikavolt,0.00000,25,0.995,9,0.859
520,Lileep,0.00000,2,0.080,1,0.095
521,Magmar,0.00000,2,0.080,1,0.095
522,Silvally-Electric,0.00000,1,0.040,0,0.000
523,Silvally-Ghost,0.00000,1,0.040,0,0.000
524,Rampardos,0.00000,3,0.119,0,0.000
525,Cinccino,0.00000,3,0.119,3,0.286
526,Charmeleon,0.00000,2,0.080,0,0.000
527,Buizel,0.00000,1,0.040,0,0.000
528,Oshawott,0.00000,1,0.040,0,0.000
529,Beartic,0.00000,1,0.040,0,0.000
530,Silvally-Dragon,0.00000,10,0.398,3,0.286
531,Yamask,0.00000,2,0.080,1,0.095
532,Marowak,0.00000,5,0.199,2,0.191
533,Glaceon,0.00000,11,0.438,4,0.382
534,Graveler,0.00000,1,0.040,0,0.000
535,Graveler-Alola,0.00000,2,0.080,1,0.095
536,Silvally-Ice,0.00000,1,0.040,1,0.095
537,Grovyle,0.00000,2,0.080,1,0.095
538,Metagross,0.00000,47,1.871,19,1.814
539,Tyrunt,0.00000,5,0.199,0,0.000
540,Lanturn,0.00000,10,0.398,3,0.286
541,Quilladin,0.00000,1,0.040,1,0.095
542,Beautifly,0.00000,1,0.040,0,0.000
543,Poliwag,0.00000,1,0.040,0,0.000
544,Delphox,0.00000,10,0.398,6,0.573
545,Avalugg,0.00000,6,0.239,2,0.191
546,Meganium,0.00000,6,0.239,3,0.286
547,Mr. Mime,0.00000,1,0.040,1,0.095
548,Mienfoo,0.00000,1,0.040,0,0.000
549,Pidgey,0.00000,1,0.040,1,0.095
550,Ribombee,0.00000,6,0.239,2,0.191
551,Ursaring,0.00000,1,0.040,0,0.000
552,Deoxys-Defense,0.00000,3,0.119,2,0.191
553,Simisear,0.00000,4,0.159,0,0.000
554,Krokorok,0.00000,3,0.119,0,0.000
555,Amaura,0.00000,4,0.159,0,0.000
556,Rowlet,0.00000,9,0.358,1,0.095
557,Castform,0.00000,1,0.040,1,0.095
558,Spinda,0.00000,2,0.080,1,0.095
559,Fennekin,0.00000,2,0.080,2,0.191
560,Pidgeot,0.00000,10,0.398,4,0.382
561,Fearow,0.00000,1,0.040,1,0.095
562,Lunatone,0.00000,3,0.119,2,0.191
563,Swampert,0.00000,23,0.916,11,1.050
564,Aerodactyl-Mega,0.00000,19,0.756,11,1.050
565,Rapidash,0.00000,1,0.040,1,0.095
566,Lairon,0.00000,2,0.080,0,0.000
567,Murkrow,0.00000,1,0.040,1,0.095
568,Gourgeist-Super,0.00000,5,0.199,2,0.191
569,Forretress,0.00000,2,0.080,0,0.000
570,Passimian,0.00000,11,0.438,3,0.286
571,Meditite,0.00000,3,0.119,3,0.286
572,Weedle,0.00000,3,0.119,2,0.191
573,Seadra,0.00000,2,0.080,1,0.095
574,Miltank,0.00000,2,0.080,1,0.095
575,Caterpie,0.00000,5,0.199,5,0.477
576,Arceus-Grass,0.00000,2,0.080,1,0.095
577,Shiftry,0.00000,5,0.199,1,0.095
578,Armaldo,0.00000,6,0.239,2,0.191
579,Gumshoos,0.00000,1,0.040,0,0.000
580,Shedinja,0.00000,16,0.637,8,0.764
581,Wishiwashi,0.00000,16,0.637,10,0.955
582,Hitmontop,0.00000,2,0.080,0,0.000
