 Total battles: 238
 Avg. weight/team: 0.046
Rank,Pokemon,Usage percentage,Raw,Raw percentage,Real,Real percentage
1,Mienfoo,80.06050,77,16.176,56,15.985
2,Abra,77.95020,140,29.412,93,26.546
3,Chinchou,72.11096,61,12.815,43,12.274
4,Diglett,67.37761,33,6.933,28,7.992
5,Vullaby,65.11955,28,5.882,22,6.280
6,Ponyta,63.15959,43,9.034,30,8.563
7,Pawniard,16.53761,69,14.496,53,15.128
8,Onix,10.34799,45,9.454,37,10.561
9,Fletchling,7.26432,37,7.773,24,6.851
10,Gastly,7.02672,57,11.975,40,11.418
11,Porygon,6.94866,53,11.134,35,9.990
12,Foongus,6.00527,17,3.571,12,3.425
13,Honedge,5.88190,28,5.882,22,6.280
14,Surskit,5.73937,6,1.261,4,1.142
15,Pumpkaboo-Super,5.73694,8,1.681,7,1.998
16,Cottonee,5.08779,20,4.202,18,5.138
17,Clamperl,4.83130,13,2.731,10,2.854
18,Carvanha,4.28253,38,7.983,28,7.992
19,Cranidos,4.25178,30,6.303,23,6.565
20,Scraggy,3.97777,25,5.252,16,4.567
21,Ferroseed,3.78596,48,10.084,35,9.990
22,Chimchar,3.72391,38,7.983,29,8.278
23,Meowth,3.53864,19,3.992,19,5.423
24,Shellder,3.53415,19,3.992,16,4.567
25,Bunnelby,3.35554,31,6.513,24,6.851
26,Lileep,3.33728,32,6.723,29,8.278
27,Mime Jr.,3.12326,8,1.681,7,1.998
28,Baltoy,3.07553,15,3.151,14,3.996
29,Elekid,2.99594,27,5.672,21,5.994
30,Bronzor,2.70768,20,4.202,16,4.567
31,Munchlax,2.67340,39,8.193,27,7.707
32,Litwick,2.30355,6,1.261,2,0.571
33,Hippopotas,2.16812,22,4.622,16,4.567
34,Dwebble,1.96003,9,1.891,8,2.284
35,Sewaddle,1.90844,4,0.840,3,0.856
36,Froakie,1.76238,18,3.782,12,3.425
37,Tyrunt,1.74930,9,1.891,7,1.998
38,Spritzee,1.74105,15,3.151,10,2.854
39,Rufflet,1.64484,17,3.571,13,3.711
40,Croagunk,1.61301,20,4.202,15,4.282
41,Eevee,1.60194,24,5.042,21,5.994
42,Cacnea,1.43367,14,2.941,11,3.140
43,Lickitung,1.39650,15,3.151,10,2.854
44,Snover,1.39109,8,1.681,7,1.998
45,Aipom,1.17007,47,9.874,41,11.703
46,Archen,1.03401,56,11.765,44,12.559
47,Bulbasaur,0.99015,38,7.983,22,6.280
48,Solosis,0.96959,17,3.571,10,2.854
49,Tentacool,0.94863,12,2.521,8,2.284
50,Venonat,0.94863,8,1.681,6,1.713
51,Buneary,0.91535,20,4.202,18,5.138
52,Doduo,0.90599,5,1.050,2,0.571
53,Wailmer,0.85610,19,3.992,16,4.567
54,Zorua,0.85324,35,7.353,15,4.282
55,Snivy,0.82290,24,5.042,17,4.853
56,Dratini,0.78089,24,5.042,18,5.138
57,Axew,0.55735,46,9.664,31,8.849
58,Skrelp,0.53887,4,0.840,1,0.285
59,Totodile,0.52698,27,5.672,19,5.423
60,Pansage,0.52668,5,1.050,5,1.427
61,Larvesta,0.43286,20,4.202,16,4.567
62,Drilbur,0.42221,17,3.571,13,3.711
63,Staryu,0.39552,20,4.202,15,4.282
64,Snubbull,0.39398,4,0.840,2,0.571
65,Zigzagoon,0.39398,6,1.261,1,0.285
66,Anorith,0.38261,25,5.252,18,5.138
67,Tirtouga,0.35582,17,3.571,11,3.140
68,Pancham,0.35444,8,1.681,5,1.427
69,Natu,0.34617,11,2.311,9,2.569
70,Vulpix,0.34278,12,2.521,9,2.569
71,Torchic,0.30255,12,2.521,9,2.569
72,Barboach,0.30074,5,1.050,3,0.856
73,Chikorita,0.28906,6,1.261,5,1.427
74,Houndour,0.27547,25,5.252,22,6.280
75,Growlithe,0.22111,16,3.361,12,3.425
76,Amaura,0.20619,18,3.782,13,3.711
77,Espurr,0.18977,8,1.681,4,1.142
78,Cubone,0.17748,11,2.311,9,2.569
79,Cyndaquil,0.16853,16,3.361,13,3.711
80,Pineco,0.16467,2,0.420,2,0.571
81,Taillow,0.16467,9,1.891,8,2.284
82,Petilil,0.15562,4,0.840,3,0.856
83,Yamask,0.14534,7,1.471,5,1.427
84,Cherubi,0.14513,8,1.681,8,2.284
85,Helioptile,0.14489,10,2.101,5,1.427
86,Omanyte,0.13160,11,2.311,9,2.569
87,Sandile,0.11631,5,1.050,3,0.856
88,Aron,0.08680,31,6.513,29,8.278
89,NidoranM,0.08615,17,3.571,12,3.425
90,Teddiursa,0.08584,16,3.361,13,3.711
91,Drowzee,0.08577,18,3.782,12,3.425
92,Shelmet,0.07921,5,1.050,4,1.142
93,Slowpoke,0.06489,8,1.681,6,1.713
94,Glameow,0.06281,8,1.681,7,1.998
95,Cleffa,0.05972,9,1.891,7,1.998
96,Karrablast,0.05972,3,0.630,2,0.571
97,Lotad,0.05972,5,1.050,4,1.142
98,Voltorb,0.05972,7,1.471,6,1.713
99,Pumpkaboo-Small,0.05614,1,0.210,1,0.285
100,Mankey,0.05138,5,1.050,2,0.571
101,Panpour,0.05138,2,0.420,1,0.285
102,Bidoof,0.05138,6,1.261,3,0.856
103,Purrloin,0.04773,7,1.471,7,1.998
104,Sandshrew,0.04773,5,1.050,4,1.142
105,Magby,0.02772,4,0.840,3,0.856
106,Mantyke,0.02518,10,2.101,8,2.284
107,Beldum,0.02451,7,1.471,6,1.713
108,Inkay,0.02263,15,3.151,10,2.854
109,Woobat,0.01839,6,1.261,4,1.142
110,Spinarak,0.01514,7,1.471,6,1.713
111,Machop,0.01358,7,1.471,4,1.142
112,Shieldon,0.00992,1,0.210,1,0.285
113,Poliwag,0.00933,2,0.420,1,0.285
114,Magnemite,0.00875,16,3.361,12,3.425
115,Gothita,0.00822,6,1.261,2,0.571
116,Buizel,0.00470,18,3.782,15,4.282
117,Trubbish,0.00424,7,1.471,5,1.427
118,Stunky,0.00399,5,1.050,4,1.142
119,Flabebe,0.00384,4,0.840,4,1.142
120,Charmander,0.00167,19,3.992,19,5.423
121,Exeggcute,0.00167,6,1.261,5,1.427
122,Deerling,0.00142,8,1.681,6,1.713
123,Gible,0.00142,16,3.361,11,3.140
124,Treecko,0.00142,8,1.681,7,1.998
125,Pichu,0.00120,22,4.622,20,5.709
126,Ralts,0.00110,5,1.050,4,1.142
127,Starly,0.00109,7,1.471,4,1.142
128,Piplup,0.00109,4,0.840,4,1.142
129,Timburr,0.00046,7,1.471,5,1.427
130,Rattata,0.00045,11,2.311,8,2.284
131,Grimer,0.00045,6,1.261,2,0.571
132,Koffing,0.00045,7,1.471,5,1.427
133,Joltik,0.00016,6,1.261,6,1.713
134,Spearow,0.00015,1,0.210,1,0.285
135,Blitzle,0.00015,11,2.311,9,2.569
136,Deino,0.00014,7,1.471,4,1.142
137,Geodude,0.00014,9,1.891,8,2.284
138,Shuppet,0.00014,3,0.630,3,0.856
139,Frillish,0.00012,24,5.042,19,5.423
140,Pansear,0.00011,19,3.992,15,4.282
141,Skiddo,0.00011,16,3.361,14,3.996
142,Horsea,0.00006,3,0.630,3,0.856
143,Bagon,0.00002,18,3.782,10,2.854
144,Mareep,0.00001,6,1.261,5,1.427
145,Pidove,0.00001,2,0.420,2,0.571
146,Squirtle,0.00001,9,1.891,7,1.998
147,Munna,0.00001,4,0.840,3,0.856
148,Shinx,0.00001,1,0.210,0,0.000
149,Feebas,0.00000,2,0.420,1,0.285
150,Noibat,0.00000,8,1.681,7,1.998
151,Nosepass,0.00000,11,2.311,9,2.569
152,Chingling,0.00000,7,1.471,6,1.713
153,Chespin,0.00000,10,2.101,6,1.713
154,Spheal,0.00000,1,0.210,1,0.285
155,Seel,0.00000,2,0.420,2,0.571
156,Weedle,0.00000,1,0.210,1,0.285
157,Caterpie,0.00000,3,0.630,2,0.571
158,Pidgey,0.00000,4,0.840,3,0.856
159,Wynaut,0.00000,3,0.630,3,0.856
160,Clauncher,0.00000,6,1.261,5,1.427
161,Azurill,0.00000,9,1.891,6,1.713
162,Bergmite,0.00000,4,0.840,3,0.856
163,Mudkip,0.00000,4,0.840,3,0.856
164,Skorupi,0.00000,6,1.261,5,1.427
165,Shellos,0.00000,2,0.420,2,0.571
166,Klink,0.00000,2,0.420,1,0.285
167,Bonsly,0.00000,2,0.420,1,0.285
168,Tepig,0.00000,5,1.050,4,1.142
169,Binacle,0.00000,8,1.681,7,1.998
170,Oshawott,0.00000,2,0.420,2,0.571
171,Cubchoo,0.00000,7,1.471,6,1.713
172,Venipede,0.00000,6,1.261,6,1.713
173,Corphish,0.00000,3,0.630,2,0.571
174,Magikarp,0.00000,1,0.210,1,0.285
175,Happiny,0.00000,8,1.681,6,1.713
176,Elgyem,0.00000,1,0.210,1,0.285
177,Ducklett,0.00000,1,0.210,1,0.285
178,Darumaka,0.00000,9,1.891,6,1.713
179,Electrike,0.00000,2,0.420,2,0.571
180,Hoothoot,0.00000,4,0.840,3,0.856
181,Tyrogue,0.00000,2,0.420,1,0.285
182,Bellsprout,0.00000,5,1.050,3,0.856
183,Remoraid,0.00000,5,1.050,5,1.427
184,Trapinch,0.00000,2,0.420,1,0.285
185,Wooper,0.00000,4,0.840,4,1.142
186,Minccino,0.00000,5,1.050,3,0.856
187,Duskull,0.00000,13,2.731,9,2.569
188,Roggenrola,0.00000,3,0.630,3,0.856
189,Phantump,0.00000,3,0.630,1,0.285
190,Lillipup,0.00000,1,0.210,1,0.285
191,Swablu,0.00000,2,0.420,2,0.571
192,Combee,0.00000,4,0.840,4,1.142
193,Fennekin,0.00000,4,0.840,2,0.571
194,Shroomish,0.00000,3,0.630,3,0.856
195,Numel,0.00000,4,0.840,2,0.571
196,Larvitar,0.00000,8,1.681,5,1.427
197,Goldeen,0.00000,2,0.420,2,0.571
198,Kabuto,0.00000,3,0.630,3,0.856
199,Golett,0.00000,4,0.840,4,1.142
200,Krabby,0.00000,5,1.050,5,1.427
201,Skitty,0.00000,1,0.210,1,0.285
202,Finneon,0.00000,1,0.210,1,0.285
203,Togepi,0.00000,8,1.681,4,1.142
204,Patrat,0.00000,1,0.210,1,0.285
205,Ekans,0.00000,4,0.840,2,0.571
206,Turtwig,0.00000,5,1.050,5,1.427
207,Poochyena,0.00000,2,0.420,2,0.571
208,Rhyhorn,0.00000,6,1.261,6,1.713
209,Budew,0.00000,6,1.261,4,1.142
210,Riolu,0.00000,5,1.050,3,0.856
211,Wingull,0.00000,2,0.420,1,0.285
212,Ledyba,0.00000,1,0.210,1,0.285
213,Goomy,0.00000,5,1.050,2,0.571
