 Total battles: 238
 Avg. weight/team: 0.548
Rank,Pokemon,Usage percentage,Raw,Raw percentage,Real,Real percentage
1,Abra,32.31270,140,29.412,93,26.546
2,Mienfoo,20.42741,77,16.176,56,15.985
3,Chinchou,17.24673,61,12.815,43,12.274
4,Pawniard,14.34708,69,14.496,53,15.128
5,Gastly,13.55819,57,11.975,40,11.418
6,Archen,12.99354,56,11.765,44,12.559
7,Porygon,12.44117,53,11.134,35,9.990
8,Ponyta,11.41694,43,9.034,30,8.563
9,Ferroseed,10.84199,48,10.084,35,9.990
10,Diglett,10.78110,33,6.933,28,7.992
11,Onix,10.20316,45,9.454,37,10.561
12,Aipom,9.40413,47,9.874,41,11.703
13,Axew,9.26926,46,9.664,31,8.849
14,Chimchar,9.19026,38,7.983,29,8.278
15,Fletchling,9.02017,37,7.773,24,6.851
16,Carvanha,9.00842,38,7.983,28,7.992
17,Munchlax,8.89723,39,8.193,27,7.707
18,Vullaby,8.85657,28,5.882,22,6.280
19,Bulbasaur,8.70348,38,7.983,22,6.280
20,Lileep,8.46895,32,6.723,29,8.278
21,Zorua,6.95780,35,7.353,15,4.282
22,Honedge,6.71955,28,5.882,22,6.280
23,Bunnelby,6.59807,31,6.513,24,6.851
24,Scraggy,5.93196,25,5.252,16,4.567
25,Totodile,5.91736,27,5.672,19,5.423
26,Cranidos,5.78114,30,6.303,23,6.565
27,Eevee,5.77254,24,5.042,21,5.994
28,Aron,5.69727,31,6.513,29,8.278
29,Elekid,5.65636,27,5.672,21,5.994
30,Hippopotas,5.52699,22,4.622,16,4.567
31,Anorith,5.35314,25,5.252,18,5.138
32,Bronzor,5.33197,20,4.202,16,4.567
33,Houndour,5.28891,25,5.252,22,6.280
34,Meowth,5.19192,19,3.992,19,5.423
35,Dratini,5.00006,24,5.042,18,5.138
36,Larvesta,4.84786,20,4.202,16,4.567
37,Staryu,4.76316,20,4.202,15,4.282
38,Cottonee,4.62030,20,4.202,18,5.138
39,Buneary,4.46072,20,4.202,18,5.138
40,Snivy,4.40781,24,5.042,17,4.853
41,Wailmer,4.27250,19,3.992,16,4.567
42,Solosis,4.25148,17,3.571,10,2.854
43,Foongus,4.21006,17,3.571,12,3.425
44,Shellder,4.13603,19,3.992,16,4.567
45,Rufflet,3.97005,17,3.571,13,3.711
46,Tirtouga,3.68245,17,3.571,11,3.140
47,Drowzee,3.61173,18,3.782,12,3.425
48,Spritzee,3.59430,15,3.151,10,2.854
49,Magnemite,3.57448,16,3.361,12,3.425
50,Drilbur,3.50238,17,3.571,13,3.711
51,Amaura,3.45105,18,3.782,13,3.711
52,Lickitung,3.39803,15,3.151,10,2.854
53,Croagunk,3.19986,20,4.202,15,4.282
54,Tentacool,3.13582,12,2.521,8,2.284
55,Froakie,3.10556,18,3.782,12,3.425
56,Inkay,3.05545,15,3.151,10,2.854
57,Bagon,2.98654,18,3.782,10,2.854
58,Cacnea,2.89443,14,2.941,11,3.140
59,Teddiursa,2.82740,16,3.361,13,3.711
60,Duskull,2.82180,13,2.731,9,2.569
61,Baltoy,2.79142,15,3.151,14,3.996
62,Cyndaquil,2.78529,16,3.361,13,3.711
63,Clamperl,2.77899,13,2.731,10,2.854
64,Gible,2.71975,16,3.361,11,3.140
65,Cubone,2.71735,11,2.311,9,2.569
66,Buizel,2.69939,18,3.782,15,4.282
67,Vulpix,2.67428,12,2.521,9,2.569
68,Charmander,2.58441,19,3.992,19,5.423
69,NidoranM,2.48924,17,3.571,12,3.425
70,Mime Jr.,2.41055,8,1.681,7,1.998
71,Growlithe,2.37410,16,3.361,12,3.425
72,Natu,2.37297,11,2.311,9,2.569
73,Venonat,2.35384,8,1.681,6,1.713
74,Dwebble,2.31601,9,1.891,8,2.284
75,Taillow,2.27242,9,1.891,8,2.284
76,Mantyke,2.22526,10,2.101,8,2.284
77,Frillish,2.06528,24,5.042,19,5.423
78,Espurr,2.02273,8,1.681,4,1.142
79,Pancham,2.01036,8,1.681,5,1.427
80,Torchic,2.00410,12,2.521,9,2.569
81,Tyrunt,1.95925,9,1.891,7,1.998
82,Helioptile,1.95430,10,2.101,5,1.427
83,Pumpkaboo-Super,1.89646,8,1.681,7,1.998
84,Darumaka,1.86577,9,1.891,6,1.713
85,Azurill,1.84370,9,1.891,6,1.713
86,Pichu,1.82637,22,4.622,20,5.709
87,Nosepass,1.81909,11,2.311,9,2.569
88,Omanyte,1.71552,11,2.311,9,2.569
89,Cleffa,1.70080,9,1.891,7,1.998
90,Geodude,1.69036,9,1.891,8,2.284
91,Snover,1.64323,8,1.681,7,1.998
92,Glameow,1.60563,8,1.681,7,1.998
93,Surskit,1.59641,6,1.261,4,1.142
94,Voltorb,1.58507,7,1.471,6,1.713
95,Barboach,1.57695,5,1.050,3,0.856
96,Blitzle,1.55757,11,2.311,9,2.569
97,Chingling,1.54789,7,1.471,6,1.713
98,Bidoof,1.51524,6,1.261,3,0.856
99,Togepi,1.49942,8,1.681,4,1.142
100,Happiny,1.46561,8,1.681,6,1.713
101,Sewaddle,1.46079,4,0.840,3,0.856
102,Slowpoke,1.45063,8,1.681,6,1.713
103,Zigzagoon,1.44610,6,1.261,1,0.285
104,Rattata,1.40626,11,2.311,8,2.284
105,Larvitar,1.40545,8,1.681,5,1.427
106,Purrloin,1.37937,7,1.471,7,1.998
107,Timburr,1.34516,7,1.471,5,1.427
108,Chikorita,1.31208,6,1.261,5,1.427
109,Skorupi,1.30628,6,1.261,5,1.427
110,Chespin,1.29099,10,2.101,6,1.713
111,Binacle,1.27661,8,1.681,7,1.998
112,Gothita,1.26744,6,1.261,2,0.571
113,Cubchoo,1.25669,7,1.471,6,1.713
114,Beldum,1.22000,7,1.471,6,1.713
115,Starly,1.21750,7,1.471,4,1.142
116,Squirtle,1.21185,9,1.891,7,1.998
117,Machop,1.20954,7,1.471,4,1.142
118,Sandshrew,1.20651,5,1.050,4,1.142
119,Deerling,1.19965,8,1.681,6,1.713
120,Yamask,1.18923,7,1.471,5,1.427
121,Stunky,1.15987,5,1.050,4,1.142
122,Clauncher,1.15915,6,1.261,5,1.427
123,Litwick,1.15887,6,1.261,2,0.571
124,Budew,1.15762,6,1.261,4,1.142
125,Shelmet,1.14059,5,1.050,4,1.142
126,Trubbish,1.13870,7,1.471,5,1.427
127,Skrelp,1.13190,4,0.840,1,0.285
128,Lotad,1.11061,5,1.050,4,1.142
129,Snubbull,1.08849,4,0.840,2,0.571
130,Rhyhorn,1.05990,6,1.261,6,1.713
131,Bellsprout,1.04749,5,1.050,3,0.856
132,Minccino,1.04653,5,1.050,3,0.856
133,Woobat,1.04576,6,1.261,4,1.142
134,Noibat,1.03996,8,1.681,7,1.998
135,Doduo,1.00365,5,1.050,2,0.571
136,Treecko,1.00359,8,1.681,7,1.998
137,Magby,1.00070,4,0.840,3,0.856
138,Cherubi,0.99851,8,1.681,8,2.284
139,Deino,0.99445,7,1.471,4,1.142
140,Venipede,0.99264,6,1.261,6,1.713
141,Exeggcute,0.98782,6,1.261,5,1.427
142,Ekans,0.96141,4,0.840,2,0.571
143,Spinarak,0.94833,7,1.471,6,1.713
144,Mareep,0.93541,6,1.261,5,1.427
145,Pansear,0.93380,19,3.992,15,4.282
146,Grimer,0.92631,6,1.261,2,0.571
147,Bergmite,0.90315,4,0.840,3,0.856
148,Koffing,0.89845,7,1.471,5,1.427
149,Petilil,0.89775,4,0.840,3,0.856
150,Goomy,0.89628,5,1.050,2,0.571
151,Riolu,0.88775,5,1.050,3,0.856
152,Sandile,0.87810,5,1.050,3,0.856
153,Krabby,0.83309,5,1.050,5,1.427
154,Numel,0.83285,4,0.840,2,0.571
155,Mankey,0.81271,5,1.050,2,0.571
156,Karrablast,0.81006,3,0.630,2,0.571
157,Joltik,0.78434,6,1.261,6,1.713
158,Pansage,0.76508,5,1.050,5,1.427
159,Hoothoot,0.75369,4,0.840,3,0.856
160,Turtwig,0.73239,5,1.050,5,1.427
161,Skiddo,0.73008,16,3.361,14,3.996
162,Fennekin,0.68316,4,0.840,2,0.571
163,Wooper,0.68106,4,0.840,4,1.142
164,Tepig,0.67349,5,1.050,4,1.142
165,Mudkip,0.66319,4,0.840,3,0.856
166,Phantump,0.64768,3,0.630,1,0.285
167,Flabebe,0.64463,4,0.840,4,1.142
168,Corphish,0.63836,3,0.630,2,0.571
169,Golett,0.60064,4,0.840,4,1.142
170,Ralts,0.55939,5,1.050,4,1.142
171,Kabuto,0.54981,3,0.630,3,0.856
172,Pineco,0.54219,2,0.420,2,0.571
173,Tyrogue,0.52739,2,0.420,1,0.285
174,Caterpie,0.51781,3,0.630,2,0.571
175,Piplup,0.49917,4,0.840,4,1.142
176,Shroomish,0.49374,3,0.630,3,0.856
177,Wynaut,0.48513,3,0.630,3,0.856
178,Wingull,0.47773,2,0.420,1,0.285
179,Roggenrola,0.47672,3,0.630,3,0.856
180,Remoraid,0.46921,5,1.050,5,1.427
181,Electrike,0.44496,2,0.420,2,0.571
182,Horsea,0.43880,3,0.630,3,0.856
183,Poliwag,0.42889,2,0.420,1,0.285
184,Pidgey,0.42881,4,0.840,3,0.856
185,Trapinch,0.42880,2,0.420,1,0.285
186,Shuppet,0.41315,3,0.630,3,0.856
187,Klink,0.38370,2,0.420,1,0.285
188,Combee,0.38329,4,0.840,4,1.142
189,Goldeen,0.33442,2,0.420,2,0.571
190,Pumpkaboo-Small,0.31496,1,0.210,1,0.285
191,Panpour,0.30886,2,0.420,1,0.285
192,Swablu,0.30843,2,0.420,2,0.571
193,Ducklett,0.30227,1,0.210,1,0.285
194,Shellos,0.28690,2,0.420,2,0.571
195,Bonsly,0.24605,2,0.420,1,0.285
196,Poochyena,0.24556,2,0.420,2,0.571
197,Elgyem,0.24101,1,0.210,1,0.285
198,Ledyba,0.24101,1,0.210,1,0.285
199,Munna,0.23534,4,0.840,3,0.856
200,Oshawott,0.22731,2,0.420,2,0.571
201,Feebas,0.21620,2,0.420,1,0.285
202,Shieldon,0.20963,1,0.210,1,0.285
203,Pidove,0.19115,2,0.420,2,0.571
204,Seel,0.14272,2,0.420,2,0.571
205,Magikarp,0.14269,1,0.210,1,0.285
206,Lillipup,0.14269,1,0.210,1,0.285
207,Patrat,0.14269,1,0.210,1,0.285
208,Skitty,0.05341,1,0.210,1,0.285
209,Finneon,0.05341,1,0.210,1,0.285
210,Spearow,0.04783,1,0.210,1,0.285
211,Shinx,0.03107,1,0.210,0,0.000
212,Spheal,0.00003,1,0.210,1,0.285
213,Weedle,0.00002,1,0.210,1,0.285
