 Total battles: 201962
 Avg. weight/team: 0.065
Rank,Pokemon,Usage percentage,Raw,Raw percentage,Real,Real percentage
1,Landorus-Therian,34.26896,47643,11.795,39578,13.354
2,Heatran,21.65396,39822,9.859,31873,10.754
3,Rotom-Wash,20.33596,39732,9.837,32153,10.848
4,Clefable,20.16102,38303,9.483,28001,9.448
5,Latios,19.61252,30097,7.451,20734,6.996
6,Excadrill,17.07987,35910,8.890,25597,8.636
7,Keldeo,16.83352,23246,5.755,17269,5.827
8,Garchomp,13.46007,43539,10.779,33074,11.159
9,Tyranitar,13.18161,33059,8.184,25237,8.515
10,Skarmory,12.99666,31101,7.700,25914,8.743
11,Ferrothorn,12.94733,42495,10.521,35164,11.864
12,Medicham-Mega,12.48961,18077,4.475,14568,4.915
13,Bisharp,11.55482,31255,7.738,22154,7.475
14,Lopunny-Mega,11.13307,26761,6.625,21005,7.087
15,Talonflame,10.67402,35799,8.863,25885,8.734
16,Tornadus-Therian,10.40129,11470,2.840,8903,3.004
17,Manaphy,9.11832,14330,3.548,10587,3.572
18,Weavile,8.84438,33437,8.278,24146,8.147
19,Jirachi,8.82301,14777,3.658,11245,3.794
20,Scizor-Mega,8.34609,21281,5.269,15727,5.306
21,Gengar,7.95668,47884,11.855,33603,11.338
22,Mew,7.47467,15985,3.957,12778,4.311
23,Dragonite,7.39142,40538,10.036,27878,9.406
24,Chansey,7.17058,23528,5.825,16609,5.604
25,Metagross-Mega,7.13812,20928,5.181,15124,5.103
26,Starmie,6.96084,23562,5.833,17162,5.790
27,Azumarill,6.93728,32090,7.945,23840,8.044
28,Magnezone,6.53198,19340,4.788,14604,4.927
29,Raikou,6.46320,9929,2.458,7285,2.458
30,Gliscor,6.37933,36238,8.971,27136,9.156
31,Diancie-Mega,6.22913,11150,2.760,8833,2.980
32,Zapdos,6.18991,17037,4.218,12956,4.371
33,Serperior,5.88223,33623,8.324,23557,7.948
34,Amoonguss,5.72632,10704,2.650,7743,2.612
35,Thundurus,5.67216,11543,2.858,8715,2.940
36,Scizor,5.50192,21408,5.300,15723,5.305
37,Latias,5.44169,11302,2.798,7713,2.602
38,Slowbro,5.43903,12395,3.069,9151,3.088
39,Kyurem-Black,5.11691,13382,3.313,9212,3.108
40,Pinsir-Mega,5.07701,8864,2.194,6046,2.040
41,Venusaur-Mega,5.04407,19337,4.787,14346,4.840
42,Heracross-Mega,5.02551,12815,3.173,8875,2.994
43,Breloom,4.81571,25143,6.225,18175,6.132
44,Tangrowth,4.68815,8693,2.152,6486,2.188
45,Gardevoir-Mega,4.60058,21820,5.402,14729,4.970
46,Charizard-Mega-X,4.41350,28760,7.120,20929,7.061
47,Charizard-Mega-Y,4.11349,26795,6.634,19962,6.735
48,Azelf,4.03968,8175,2.024,7141,2.409
49,Politoed,3.92282,11047,2.735,10111,3.411
50,Togekiss,3.74941,22529,5.578,16334,5.511
51,Conkeldurr,3.74435,14104,3.492,10537,3.555
52,Manectric-Mega,3.60762,12905,3.195,10071,3.398
53,Kingdra,3.54974,10166,2.517,7049,2.378
54,Volcarona,3.37298,21224,5.254,15140,5.108
55,Swampert-Mega,3.33033,12210,3.023,9231,3.115
56,Hippowdon,2.83866,10674,2.643,8827,2.978
57,Volcanion,2.83808,15160,3.753,11637,3.926
58,Slowbro-Mega,2.68390,4346,1.076,3259,1.100
59,Sylveon,2.68186,14589,3.612,10024,3.382
60,Scolipede,2.33616,9755,2.415,7965,2.687
61,Hoopa,2.25278,1769,0.438,1297,0.438
62,Gastrodon,2.21983,5072,1.256,3882,1.310
63,Crawdaunt,2.19801,5069,1.255,3671,1.239
64,Victini,2.19393,7935,1.964,6065,2.046
65,Alakazam-Mega,2.11763,10193,2.523,7138,2.408
66,Hydreigon,2.06421,10620,2.629,7405,2.498
67,Dugtrio,2.04918,6478,1.604,4860,1.640
68,Blissey,2.01449,10324,2.556,7190,2.426
69,Alakazam,2.00626,10319,2.555,6883,2.322
70,Whimsicott,1.93999,6442,1.595,4640,1.566
71,Altaria-Mega,1.93994,8163,2.021,5737,1.936
72,Terrakion,1.92120,4070,1.008,2861,0.965
73,Ditto,1.91143,4765,1.180,3517,1.187
74,Tentacruel,1.90065,9470,2.345,7215,2.434
75,Klefki,1.84748,7436,1.841,6149,2.075
76,Suicune,1.77774,4925,1.219,3604,1.216
77,Gyarados,1.73012,14701,3.640,10962,3.699
78,Umbreon,1.57175,16598,4.109,11848,3.998
79,Thundurus-Therian,1.52468,7699,1.906,5636,1.902
80,Diggersby,1.51058,3592,0.889,2630,0.887
81,Quagsire,1.48304,5585,1.383,4056,1.368
82,Mamoswine,1.43072,9553,2.365,7238,2.442
83,Espeon,1.42493,16605,4.111,12207,4.119
84,Gyarados-Mega,1.40199,9539,2.362,6941,2.342
85,Gallade-Mega,1.34018,14177,3.510,10042,3.388
86,Cresselia,1.32830,4156,1.029,3081,1.040
87,Lucario,1.30873,12131,3.003,8613,2.906
88,Shedinja,1.28413,4517,1.118,2997,1.011
89,Arcanine,1.25363,15904,3.937,12072,4.073
90,Celebi,1.21044,4167,1.032,3021,1.019
91,Xatu,1.20830,3489,0.864,2524,0.852
92,Nidoking,1.20707,8162,2.021,5851,1.974
93,Cofagrigus,1.15464,6017,1.490,4717,1.592
94,Chandelure,1.11756,13689,3.389,9898,3.340
95,Meowstic,1.06505,2048,0.507,1732,0.584
96,Mandibuzz,1.05274,5884,1.457,4366,1.473
97,Empoleon,1.01215,5740,1.421,4423,1.492
98,Entei,0.99957,3177,0.787,2238,0.755
99,Latias-Mega,0.95845,2572,0.637,1766,0.596
100,Seismitoad,0.94738,2761,0.684,2234,0.754
101,Sceptile-Mega,0.94552,10935,2.707,7795,2.630
102,Infernape,0.91967,15085,3.735,11357,3.832
103,Shuckle,0.85491,8914,2.207,7445,2.512
104,Alomomola,0.83221,1899,0.470,1448,0.489
105,Milotic,0.81564,12960,3.209,9263,3.125
106,Vaporeon,0.80320,6982,1.729,5210,1.758
107,Salamence,0.78545,13471,3.335,9178,3.097
108,Darmanitan,0.78403,5706,1.413,4238,1.430
109,Staraptor,0.70070,9791,2.424,7072,2.386
110,Forretress,0.69784,9156,2.267,7873,2.656
111,Jolteon,0.67053,12651,3.132,9049,3.053
112,Jellicent,0.66819,3387,0.839,2516,0.849
113,Registeel,0.63842,1343,0.332,1046,0.353
114,Beedrill-Mega,0.62355,7661,1.897,5636,1.902
115,Donphan,0.61440,6712,1.662,5449,1.838
116,Sableye,0.60664,7410,1.835,5893,1.988
117,Goodra,0.60589,11894,2.945,8610,2.905
118,Reuniclus,0.60398,3531,0.874,2428,0.819
119,Meloetta,0.60297,2073,0.513,1505,0.508
120,Feraligatr,0.59925,8408,2.082,5939,2.004
121,Metagross,0.57261,9044,2.239,6502,2.194
122,Porygon2,0.57005,5611,1.389,4167,1.406
123,Garchomp-Mega,0.56665,8039,1.990,5542,1.870
124,Kabutops,0.54261,3385,0.838,2263,0.764
125,Claydol,0.53842,1271,0.315,1000,0.337
126,Pidgeot-Mega,0.52290,6087,1.507,4567,1.541
127,Chesnaught,0.51543,3909,0.968,2810,0.948
128,Tyranitar-Mega,0.51180,8500,2.104,5975,2.016
129,Cloyster,0.49998,16910,4.186,12756,4.304
130,Hawlucha,0.49500,7604,1.883,5433,1.833
131,Galvantula,0.46845,9240,2.288,7891,2.662
132,Slowking,0.44946,2913,0.721,2194,0.740
133,Aerodactyl-Mega,0.41645,3958,0.980,2758,0.931
134,Venusaur,0.39364,6823,1.689,4607,1.554
135,Swampert,0.38698,6372,1.578,4983,1.681
136,Absol-Mega,0.38632,4281,1.060,3159,1.066
137,Machamp,0.37219,7479,1.852,5706,1.925
138,Smeargle,0.37003,4459,1.104,3906,1.318
139,Blastoise-Mega,0.35554,5918,1.465,4406,1.487
140,Heliolisk,0.34798,3672,0.909,2524,0.852
141,Toxicroak,0.34201,4067,1.007,2810,0.948
142,Heracross,0.33999,4725,1.170,3383,1.141
143,Roserade,0.33094,6376,1.579,4720,1.593
144,Doublade,0.32807,2010,0.498,1457,0.492
145,Crobat,0.31204,10894,2.697,8069,2.722
146,Houndoom-Mega,0.29806,3717,0.920,2638,0.890
147,Aerodactyl,0.29328,3361,0.832,2671,0.901
148,Nidoqueen,0.28626,2117,0.524,1717,0.579
149,Bronzong,0.28072,2790,0.691,2286,0.771
150,Latios-Mega,0.27976,2966,0.734,2011,0.679
151,Uxie,0.26868,1264,0.313,1084,0.366
152,Florges,0.26724,5691,1.409,3733,1.260
153,Ninetales,0.26099,6953,1.721,5540,1.869
154,Rotom-Heat,0.25734,3212,0.795,2481,0.837
155,Porygon-Z,0.25168,6359,1.574,4623,1.560
156,Aggron-Mega,0.24968,4665,1.155,3546,1.196
157,Honchkrow,0.24644,4431,1.097,3069,1.035
158,Pangoro,0.24546,1302,0.322,902,0.304
159,Snorlax,0.24476,13620,3.372,9559,3.225
160,Mienshao,0.24205,3785,0.937,2580,0.870
161,Dragalge,0.22922,2432,0.602,1740,0.587
162,Omastar,0.22489,2132,0.528,1554,0.524
163,Haxorus,0.22471,8678,2.148,5502,1.856
164,Sharpedo-Mega,0.22121,1846,0.457,1251,0.422
165,Sigilyph,0.20777,3706,0.917,2502,0.844
166,Gourgeist-Super,0.20062,661,0.164,493,0.166
167,Camerupt,0.19759,1070,0.265,805,0.272
168,Kecleon,0.19635,953,0.236,686,0.231
169,Abomasnow-Mega,0.19493,2319,0.574,1783,0.602
170,Magneton,0.19418,1293,0.320,955,0.322
171,Krookodile,0.19011,6343,1.570,4541,1.532
172,Cobalion,0.18746,1391,0.344,1071,0.361
173,Venomoth,0.18144,1298,0.321,887,0.299
174,Electivire,0.17445,10235,2.534,7222,2.437
175,Kyurem,0.17240,775,0.192,544,0.184
176,Gardevoir,0.17072,7873,1.949,5115,1.726
177,Banette-Mega,0.16186,2883,0.714,2091,0.706
178,Gallade,0.15775,2829,0.700,1877,0.633
179,Vivillon,0.15674,1583,0.392,1171,0.395
180,Yanmega,0.15113,2273,0.563,1660,0.560
181,Drapion,0.15019,3983,0.986,2942,0.993
182,Ampharos-Mega,0.15017,4078,1.010,2890,0.975
183,Ludicolo,0.14944,4839,1.198,3363,1.135
184,Rhyperior,0.14926,3436,0.851,2488,0.839
185,Regirock,0.14811,880,0.218,685,0.231
186,Weezing,0.14760,2840,0.703,2182,0.736
187,Blastoise,0.14196,5066,1.254,3629,1.224
188,Zoroark,0.13207,4884,1.209,2491,0.840
189,Sharpedo,0.12975,2045,0.506,1437,0.485
190,Sceptile,0.12700,5113,1.266,3393,1.145
191,Froslass,0.12310,5433,1.345,4200,1.417
192,Clawitzer,0.11746,1958,0.485,1428,0.482
193,Steelix-Mega,0.11621,1747,0.433,1257,0.424
194,Linoone,0.11554,1242,0.307,820,0.277
195,Slurpuff,0.11500,4102,1.016,2782,0.939
196,Avalugg,0.11247,2179,0.539,1611,0.544
197,Shaymin,0.11163,1136,0.281,794,0.268
198,Flareon,0.10967,2025,0.501,1461,0.493
199,Ambipom,0.10813,5113,1.266,3971,1.340
200,Tornadus,0.10616,553,0.137,404,0.136
201,Tyrantrum,0.10492,3439,0.851,2342,0.790
202,Abomasnow,0.09963,845,0.209,650,0.219
203,Pikachu,0.09899,3339,0.827,2426,0.819
204,Noivern,0.09593,4638,1.148,3244,1.095
205,Scrafty,0.09258,4849,1.200,3412,1.151
206,Illumise,0.08646,333,0.082,234,0.079
207,Hitmonlee,0.08286,2900,0.718,2121,0.716
208,Typhlosion,0.07998,4567,1.131,3150,1.063
209,Muk,0.07957,2051,0.508,1323,0.446
210,Kingler,0.07927,916,0.227,612,0.206
211,Zygarde,0.07892,1377,0.341,958,0.323
212,Trapinch,0.07612,75,0.019,48,0.016
213,Flygon,0.07504,3875,0.959,2693,0.909
214,Jynx,0.07450,1518,0.376,1021,0.344
215,Squirtle,0.07338,192,0.048,151,0.051
216,Bulbasaur,0.07337,158,0.039,118,0.040
217,Lanturn,0.07304,2648,0.656,1877,0.633
218,Vigoroth,0.07174,225,0.056,175,0.059
219,Aggron,0.07054,3179,0.787,2334,0.787
220,Durant,0.06883,2493,0.617,2021,0.682
221,Lapras,0.06618,5749,1.423,4057,1.369
222,Eelektross,0.06581,5311,1.315,3863,1.303
223,Escavalier,0.06453,1515,0.375,1116,0.377
224,Cinccino,0.06262,2065,0.511,1462,0.493
225,Rotom-Mow,0.06206,828,0.205,569,0.192
226,Articuno,0.06186,984,0.244,676,0.228
227,Camerupt-Mega,0.06015,1361,0.337,1011,0.341
228,Slaking,0.05895,1410,0.349,1018,0.343
229,Meditite,0.05677,38,0.009,24,0.008
230,Raichu,0.05670,3664,0.907,2454,0.828
231,Spiritomb,0.05563,2207,0.546,1728,0.583
232,Dusclops,0.05341,2794,0.692,2098,0.708
233,Gigalith,0.05078,1288,0.319,959,0.324
234,Walrein,0.05077,1402,0.347,1110,0.375
235,Torkoal,0.04973,2056,0.509,1628,0.549
236,Trevenant,0.04918,2604,0.645,1868,0.630
237,Cradily,0.04902,2426,0.601,1705,0.575
238,Scyther,0.04888,1479,0.366,1003,0.338
239,Malamar,0.04816,3045,0.754,2162,0.729
240,Archeops,0.04749,1087,0.269,825,0.278
241,Swellow,0.04742,2967,0.735,2142,0.723
242,Charizard,0.04722,3591,0.889,2331,0.786
243,Electabuzz,0.04713,365,0.090,264,0.089
244,Armaldo,0.04654,994,0.246,727,0.245
245,Ninjask,0.04618,3424,0.848,2699,0.911
246,Sawk,0.04528,944,0.234,729,0.246
247,Regice,0.04409,1326,0.328,932,0.314
248,Hitmontop,0.04200,1556,0.385,1133,0.382
249,Diancie,0.04100,1029,0.255,783,0.264
250,Gligar,0.04070,265,0.066,207,0.070
251,Chatot,0.04036,1294,0.320,958,0.323
252,Audino-Mega,0.04001,1181,0.292,796,0.269
253,Golurk,0.03938,1355,0.335,992,0.335
254,Cacturne,0.03926,1263,0.313,822,0.277
255,Druddigon,0.03853,905,0.224,727,0.245
256,Emboar,0.03798,1678,0.415,1182,0.399
257,Steelix,0.03726,2316,0.573,1834,0.619
258,Tauros,0.03675,1882,0.466,1373,0.463
259,Medicham,0.03640,1803,0.446,1337,0.451
260,Braviary,0.03525,1716,0.425,1197,0.404
261,Delphox,0.03371,2584,0.640,1830,0.617
262,Manectric,0.03251,1437,0.356,1056,0.356
263,Octillery,0.03050,204,0.051,140,0.047
264,Leafeon,0.02921,1667,0.413,1119,0.378
265,Ursaring,0.02904,1488,0.368,1020,0.344
266,Rapidash,0.02888,717,0.178,466,0.157
267,Torterra,0.02808,2811,0.696,2052,0.692
268,Arbok,0.02802,637,0.158,422,0.142
269,Glaceon,0.02759,1616,0.400,1062,0.358
270,Mismagius,0.02727,1777,0.440,1327,0.448
271,Magmortar,0.02699,2461,0.609,1691,0.571
272,Poliwrath,0.02696,1849,0.458,1296,0.437
273,Regigigas,0.02683,1064,0.263,751,0.253
274,Luxray,0.02634,2909,0.720,2136,0.721
275,Bastiodon,0.02533,1029,0.255,860,0.290
276,Drifblim,0.02503,1511,0.374,1108,0.374
277,Exeggutor,0.02472,2437,0.603,1723,0.581
278,Probopass,0.02468,929,0.230,736,0.248
279,Golem,0.02422,2576,0.638,2112,0.713
280,Rhydon,0.02371,1071,0.265,782,0.264
281,Miltank,0.02360,2232,0.553,1442,0.487
282,Zangoose,0.02348,975,0.241,696,0.235
283,Hariyama,0.02343,1136,0.281,797,0.269
284,Liepard,0.02339,1351,0.334,1083,0.365
285,Dusknoir,0.02323,2759,0.683,2026,0.684
286,Accelgor,0.02312,1255,0.311,922,0.311
287,Ariados,0.02297,1116,0.276,954,0.322
288,Hitmonchan,0.02255,1726,0.427,1312,0.443
289,Exploud,0.02248,1499,0.371,1061,0.358
290,Granbull,0.02230,765,0.189,531,0.179
291,Shiftry,0.02219,1470,0.364,1062,0.358
292,Glalie-Mega,0.02201,590,0.146,421,0.142
293,Sandslash,0.01952,774,0.192,622,0.210
294,Electrode,0.01926,954,0.236,774,0.261
295,Aron,0.01849,1110,0.275,863,0.291
296,Grotle,0.01794,80,0.020,64,0.022
297,Absol,0.01777,2269,0.562,1582,0.534
298,Masquerain,0.01767,570,0.141,517,0.174
299,Mesprit,0.01741,281,0.070,200,0.067
300,Plusle,0.01725,148,0.037,102,0.034
301,Swanna,0.01723,586,0.145,413,0.139
302,Virizion,0.01690,463,0.115,323,0.109
303,Wigglytuff,0.01686,464,0.115,299,0.101
304,Cryogonal,0.01513,532,0.132,337,0.114
305,Persian,0.01486,696,0.172,507,0.171
306,Throh,0.01476,172,0.043,123,0.042
307,Butterfree,0.01468,1464,0.362,1149,0.388
308,Klinklang,0.01408,557,0.138,412,0.139
309,Parasect,0.01372,393,0.097,234,0.079
310,Vileplume,0.01369,1190,0.295,816,0.275
311,Gogoat,0.01359,669,0.166,439,0.148
312,Stoutland,0.01329,835,0.207,574,0.194
313,Moltres,0.01320,883,0.219,625,0.211
314,Marowak,0.01222,1080,0.267,807,0.272
315,Murkrow,0.01217,334,0.083,251,0.085
316,Primeape,0.01213,997,0.247,712,0.240
317,Meganium,0.01211,1163,0.288,836,0.282
318,Noctowl,0.01195,569,0.141,366,0.123
319,Carvanha,0.01177,29,0.007,19,0.006
320,Beheeyem,0.01168,240,0.059,156,0.053
321,Beartic,0.01161,445,0.110,296,0.100
322,Gourgeist,0.01145,543,0.134,419,0.141
323,Ferroseed,0.01143,76,0.019,68,0.023
324,Dodrio,0.01130,675,0.167,477,0.161
325,Rotom,0.01083,686,0.170,501,0.169
326,Hypno,0.01076,402,0.100,308,0.104
327,Ampharos,0.01068,1471,0.364,1003,0.338
328,Lilligant,0.01059,1360,0.337,900,0.304
329,Minun,0.01058,112,0.028,76,0.026
330,Stunfisk,0.01047,364,0.090,295,0.100
331,Togetic,0.01004,549,0.136,379,0.128
332,Mawile,0.00978,711,0.176,542,0.183
333,Rampardos,0.00972,1088,0.269,722,0.244
334,Mantine,0.00950,1033,0.256,757,0.255
335,Victreebel,0.00945,1001,0.248,688,0.232
336,Pyroar,0.00945,1340,0.332,926,0.312
337,Aurorus,0.00941,960,0.238,660,0.223
338,Pinsir,0.00934,282,0.070,191,0.064
339,Lickilicky,0.00932,675,0.167,501,0.169
340,Floatzel,0.00929,1782,0.441,1324,0.447
341,Audino,0.00926,289,0.072,206,0.070
342,Lopunny,0.00907,481,0.119,392,0.132
343,Vespiquen,0.00859,402,0.100,237,0.080
344,Basculin,0.00855,221,0.055,154,0.052
345,Carracosta,0.00849,995,0.246,697,0.235
346,Tangela,0.00821,335,0.083,203,0.068
347,Crustle,0.00798,680,0.168,513,0.173
348,Cottonee,0.00778,110,0.027,64,0.022
349,Houndoom,0.00764,1940,0.480,1376,0.464
350,Altaria,0.00737,674,0.167,457,0.154
351,Kricketune,0.00733,173,0.043,131,0.044
352,Raticate,0.00707,713,0.177,509,0.172
353,Rotom-Frost,0.00703,357,0.088,249,0.084
354,Beautifly,0.00678,133,0.033,83,0.028
355,Garbodor,0.00657,453,0.112,373,0.126
356,Watchog,0.00650,50,0.012,35,0.012
357,Purugly,0.00643,160,0.040,121,0.041
358,Mr. Mime,0.00640,951,0.235,672,0.227
359,Pidgeot,0.00624,1148,0.284,680,0.229
360,Golbat,0.00563,161,0.040,112,0.038
361,Piloswine,0.00561,209,0.052,170,0.057
362,Musharna,0.00553,360,0.089,263,0.089
363,Aromatisse,0.00534,370,0.092,244,0.082
364,Bouffalant,0.00532,573,0.142,380,0.128
365,Combusken,0.00530,226,0.056,182,0.061
366,Clefairy,0.00521,102,0.025,72,0.024
367,Furfrou,0.00513,362,0.090,257,0.087
368,Gothitelle,0.00483,433,0.107,289,0.098
369,Barbaracle,0.00474,897,0.222,590,0.199
370,Swoobat,0.00458,637,0.158,477,0.161
371,Vanilluxe,0.00455,281,0.070,197,0.066
372,Jumpluff,0.00451,467,0.116,377,0.127
373,Leavanny,0.00449,1114,0.276,824,0.278
374,Samurott,0.00430,1299,0.322,948,0.320
375,Relicanth,0.00390,190,0.047,145,0.049
376,Rotom-Fan,0.00386,182,0.045,126,0.043
377,Nosepass,0.00384,566,0.140,393,0.133
378,Delibird,0.00383,100,0.025,78,0.026
379,Wailord,0.00377,517,0.128,383,0.129
380,Emolga,0.00370,626,0.155,472,0.159
381,Unfezant,0.00361,775,0.192,522,0.176
382,Sawsbuck,0.00361,567,0.140,387,0.131
383,Munchlax,0.00352,151,0.037,98,0.033
384,Sneasel,0.00351,136,0.034,101,0.034
385,Sudowoodo,0.00329,387,0.096,310,0.105
386,Magcargo,0.00316,554,0.137,408,0.138
387,Dedenne,0.00295,727,0.180,551,0.186
388,Rattata,0.00287,494,0.122,388,0.131
389,Psyduck,0.00285,36,0.009,32,0.011
390,Whiscash,0.00280,351,0.087,244,0.082
391,Carbink,0.00277,592,0.147,511,0.172
392,Gorebyss,0.00274,295,0.073,188,0.063
393,Volbeat,0.00269,854,0.211,691,0.233
394,Kangaskhan,0.00259,508,0.126,353,0.119
395,Pineco,0.00252,295,0.073,252,0.085
396,Beedrill,0.00242,173,0.043,106,0.036
397,Mightyena,0.00238,490,0.121,356,0.120
398,Magnemite,0.00237,357,0.088,222,0.075
399,Grimer,0.00230,10,0.002,7,0.002
400,Delcatty,0.00229,341,0.084,269,0.091
401,Pachirisu,0.00225,322,0.080,243,0.082
402,Wobbuffet,0.00219,1099,0.272,762,0.257
403,Sunflora,0.00218,114,0.028,79,0.027
404,Simisage,0.00217,154,0.038,113,0.038
405,Tropius,0.00205,528,0.131,367,0.124
406,Dunsparce,0.00203,425,0.105,327,0.110
407,Huntail,0.00194,140,0.035,97,0.033
408,Maractus,0.00191,178,0.044,119,0.040
409,Grumpig,0.00164,257,0.064,189,0.064
410,Spinda,0.00162,240,0.059,203,0.068
411,Bibarel,0.00162,306,0.076,228,0.077
412,Pelipper,0.00162,766,0.190,490,0.165
413,Banette,0.00157,279,0.069,199,0.067
414,Haunter,0.00152,246,0.061,194,0.065
415,Seadra,0.00146,31,0.008,21,0.007
416,Graveler,0.00139,28,0.007,27,0.009
417,Seaking,0.00138,265,0.066,182,0.061
418,Fearow,0.00138,232,0.057,153,0.052
419,Meowth,0.00134,29,0.007,24,0.008
420,Pignite,0.00134,86,0.021,58,0.020
421,Zebstrika,0.00130,546,0.135,402,0.136
422,Dewgong,0.00129,148,0.037,109,0.037
423,Taillow,0.00127,106,0.026,72,0.024
424,Swalot,0.00121,209,0.052,160,0.054
425,Gourgeist-Large,0.00120,40,0.010,32,0.011
426,Qwilfish,0.00118,215,0.053,161,0.054
427,Golduck,0.00118,605,0.150,441,0.149
428,Pawniard,0.00113,35,0.009,27,0.009
429,Monferno,0.00111,49,0.012,40,0.013
430,Magmar,0.00108,340,0.084,228,0.077
431,Riolu,0.00102,273,0.068,206,0.070
432,Carnivine,0.00100,66,0.016,47,0.016
433,Skuntank,0.00099,393,0.097,296,0.100
434,Roselia,0.00096,55,0.014,34,0.011
435,Kadabra,0.00088,380,0.094,95,0.032
436,Bellossom,0.00087,232,0.057,178,0.060
437,Trubbish,0.00085,18,0.004,15,0.005
438,Zorua,0.00084,23,0.006,8,0.003
439,Metang,0.00079,103,0.025,79,0.027
440,Girafarig,0.00077,459,0.114,325,0.110
441,Ponyta,0.00074,14,0.003,13,0.004
442,Seel,0.00074,5,0.001,4,0.001
443,Frogadier,0.00071,144,0.036,111,0.037
444,Dustox,0.00070,186,0.046,117,0.039
445,Machoke,0.00069,46,0.011,35,0.012
446,Snivy,0.00068,83,0.021,71,0.024
447,Pupitar,0.00060,12,0.003,10,0.003
448,Onix,0.00058,188,0.047,136,0.046
449,Dragonair,0.00057,288,0.071,207,0.070
450,Magikarp,0.00056,166,0.041,128,0.043
451,Hippopotas,0.00055,112,0.028,92,0.031
452,Lairon,0.00053,43,0.011,36,0.012
453,Chimecho,0.00052,223,0.055,126,0.043
454,Seviper,0.00049,262,0.065,182,0.061
455,Gurdurr,0.00049,32,0.008,22,0.007
456,Ledian,0.00048,144,0.036,101,0.034
457,Braixen,0.00046,99,0.025,74,0.025
458,Eevee,0.00046,260,0.064,172,0.058
459,Furret,0.00045,326,0.081,256,0.086
460,Lumineon,0.00045,52,0.013,35,0.012
461,Simipour,0.00043,107,0.026,72,0.024
462,Mime Jr.,0.00043,38,0.009,25,0.008
463,Corsola,0.00041,124,0.031,86,0.029
464,Luvdisc,0.00041,43,0.011,30,0.010
465,Misdreavus,0.00041,151,0.037,104,0.035
466,Unown,0.00040,51,0.013,38,0.013
467,Marshtomp,0.00040,20,0.005,13,0.004
468,Torchic,0.00039,30,0.007,24,0.008
469,Growlithe,0.00038,33,0.008,29,0.010
470,Heatmor,0.00035,126,0.031,86,0.029
471,Shellder,0.00034,19,0.005,16,0.005
472,Farfetch'd,0.00033,111,0.027,78,0.026
473,Simisear,0.00031,116,0.029,83,0.028
474,Solosis,0.00030,30,0.007,18,0.006
475,Shroomish,0.00028,14,0.003,13,0.004
476,Lickitung,0.00027,45,0.011,33,0.011
477,Chinchou,0.00026,22,0.005,17,0.006
478,Sentret,0.00026,1,0.000,1,0.000
479,Aipom,0.00025,27,0.007,21,0.007
480,Sliggoo,0.00023,52,0.013,33,0.011
481,Krokorok,0.00023,43,0.011,33,0.011
482,Bayleef,0.00021,220,0.054,142,0.048
483,Yanma,0.00019,12,0.003,7,0.002
484,Fletchinder,0.00017,67,0.017,50,0.017
485,Shieldon,0.00016,25,0.006,25,0.008
486,Marill,0.00016,7,0.002,7,0.002
487,Solrock,0.00016,120,0.030,86,0.029
488,Wartortle,0.00015,269,0.067,145,0.049
489,Stantler,0.00014,80,0.020,67,0.023
490,Kakuna,0.00011,15,0.004,12,0.004
491,Cherrim,0.00011,126,0.031,48,0.016
492,Buizel,0.00011,208,0.051,161,0.054
493,Caterpie,0.00011,103,0.025,80,0.027
494,Feebas,0.00010,32,0.008,27,0.009
495,Zubat,0.00010,11,0.003,7,0.002
496,Castform,0.00009,260,0.064,196,0.066
497,Anorith,0.00008,11,0.003,9,0.003
498,Litwick,0.00008,6,0.001,4,0.001
499,Yamask,0.00007,27,0.007,23,0.008
500,Sandshrew,0.00007,13,0.003,8,0.003
501,Shellos,0.00007,10,0.002,7,0.002
502,Honedge,0.00007,25,0.006,22,0.007
503,Cacnea,0.00007,23,0.006,17,0.006
504,Bidoof,0.00006,17,0.004,12,0.004
505,Swadloon,0.00006,137,0.034,123,0.042
506,Natu,0.00006,25,0.006,19,0.006
507,Lampent,0.00005,48,0.012,40,0.013
508,Rhyhorn,0.00005,35,0.009,26,0.009
509,Whismur,0.00005,5,0.001,2,0.001
510,Shelgon,0.00005,84,0.021,72,0.024
511,Ivysaur,0.00004,44,0.011,39,0.013
512,Totodile,0.00004,42,0.010,31,0.010
513,Grovyle,0.00004,36,0.009,27,0.009
514,Metapod,0.00004,33,0.008,25,0.008
515,Servine,0.00003,29,0.007,22,0.007
516,Wurmple,0.00003,10,0.002,9,0.003
517,Lileep,0.00003,3,0.001,3,0.001
518,Combee,0.00003,29,0.007,26,0.009
519,Wailmer,0.00003,5,0.001,4,0.001
520,Happiny,0.00003,13,0.003,7,0.002
521,Flabebe,0.00003,2,0.000,2,0.001
522,Sandile,0.00003,11,0.003,8,0.003
523,Scatterbug,0.00003,7,0.002,5,0.002
524,Cleffa,0.00003,38,0.009,19,0.006
525,Mothim,0.00003,23,0.006,14,0.005
526,Kricketot,0.00003,7,0.002,7,0.002
527,Weedle,0.00003,33,0.008,28,0.009
528,Skitty,0.00003,13,0.003,7,0.002
529,Togepi,0.00003,12,0.003,8,0.003
530,Glalie,0.00002,161,0.040,110,0.037
531,Pichu,0.00002,65,0.016,45,0.015
532,Oshawott,0.00002,51,0.013,38,0.013
533,Boldore,0.00002,88,0.022,70,0.024
534,Woobat,0.00002,12,0.003,11,0.004
535,Electrike,0.00002,7,0.002,6,0.002
536,Abra,0.00002,47,0.012,32,0.011
537,Buneary,0.00002,62,0.015,38,0.013
538,Baltoy,0.00002,39,0.010,39,0.013
539,Swinub,0.00002,12,0.003,11,0.004
540,Jigglypuff,0.00002,61,0.015,48,0.016
541,Tynamo,0.00001,15,0.004,10,0.003
542,Spinarak,0.00001,10,0.002,9,0.003
543,Surskit,0.00001,24,0.006,21,0.007
544,Fennekin,0.00001,43,0.011,29,0.010
545,Eelektrik,0.00001,8,0.002,5,0.002
546,Chimchar,0.00001,20,0.005,15,0.005
547,Koffing,0.00001,9,0.002,8,0.003
548,Ralts,0.00001,29,0.007,20,0.007
549,Quilava,0.00001,49,0.012,41,0.014
550,Charmander,0.00001,88,0.022,67,0.023
551,Porygon,0.00001,21,0.005,19,0.006
552,Cascoon,0.00001,12,0.003,12,0.004
553,Poliwhirl,0.00001,28,0.007,25,0.008
554,Silcoon,0.00001,9,0.002,9,0.003
555,Axew,0.00001,23,0.006,20,0.007
556,Spewpa,0.00001,9,0.002,7,0.002
557,Wormadam-Trash,0.00001,30,0.007,24,0.008
558,Spheal,0.00001,17,0.004,9,0.003
559,Vulpix,0.00001,29,0.007,26,0.009
560,Gabite,0.00000,53,0.013,37,0.012
561,Duosion,0.00000,35,0.009,24,0.008
562,Archen,0.00000,25,0.006,8,0.003
563,Charmeleon,0.00000,67,0.017,53,0.018
564,Starly,0.00000,70,0.017,42,0.014
565,Mudkip,0.00000,15,0.004,11,0.004
566,Doduo,0.00000,35,0.009,19,0.006
567,Palpitoad,0.00000,17,0.004,14,0.005
568,Sewaddle,0.00000,7,0.002,6,0.002
569,Elekid,0.00000,34,0.008,30,0.010
570,Pidgeotto,0.00000,62,0.015,52,0.018
571,Froakie,0.00000,30,0.007,25,0.008
572,Duskull,0.00000,19,0.005,15,0.005
573,Phione,0.00000,27,0.007,14,0.005
574,Oddish,0.00000,6,0.001,5,0.002
575,Dewott,0.00000,32,0.008,24,0.008
576,Fletchling,0.00000,32,0.008,23,0.008
577,Staravia,0.00000,25,0.006,15,0.005
578,Sealeo,0.00000,25,0.006,18,0.006
579,Larvitar,0.00000,31,0.008,23,0.008
580,Vanillish,0.00000,6,0.001,3,0.001
581,Lunatone,0.00000,45,0.011,32,0.011
582,Inkay,0.00000,11,0.003,10,0.003
583,Gourgeist-Small,0.00000,94,0.023,75,0.025
584,Paras,0.00000,14,0.003,12,0.004
585,Gothorita,0.00000,9,0.002,5,0.002
586,Goomy,0.00000,30,0.007,29,0.010
587,Corphish,0.00000,55,0.014,37,0.012
588,Bunnelby,0.00000,34,0.008,26,0.009
589,Noibat,0.00000,7,0.002,5,0.002
590,Phanpy,0.00000,24,0.006,19,0.006
591,Clamperl,0.00000,91,0.023,55,0.019
592,Bronzor,0.00000,17,0.004,13,0.004
593,Floette,0.00000,37,0.009,25,0.008
594,Ekans,0.00000,8,0.002,8,0.003
595,Herdier,0.00000,3,0.001,2,0.001
596,Pidgey,0.00000,12,0.003,12,0.004
597,Klang,0.00000,42,0.010,35,0.012
598,Klink,0.00000,12,0.003,6,0.002
599,Panpour,0.00000,3,0.001,1,0.000
600,Helioptile,0.00000,6,0.001,5,0.002
601,Sunkern,0.00000,10,0.002,8,0.003
602,Snover,0.00000,20,0.005,14,0.005
603,Minccino,0.00000,6,0.001,5,0.002
604,Voltorb,0.00000,22,0.005,20,0.007
605,Spritzee,0.00000,1,0.000,1,0.000
606,Cyndaquil,0.00000,15,0.004,12,0.004
607,Fraxure,0.00000,24,0.006,21,0.007
608,Wormadam-Sandy,0.00000,5,0.001,4,0.001
609,Gible,0.00000,23,0.006,20,0.007
610,Flaaffy,0.00000,27,0.007,22,0.007
611,Swirlix,0.00000,7,0.002,4,0.001
612,Drowzee,0.00000,4,0.001,2,0.001
613,Croagunk,0.00000,11,0.003,6,0.002
614,Piplup,0.00000,34,0.008,25,0.008
615,Bagon,0.00000,19,0.005,17,0.006
616,Geodude,0.00000,45,0.011,41,0.014
617,Espurr,0.00000,10,0.002,7,0.002
618,Machop,0.00000,5,0.001,4,0.001
619,Scraggy,0.00000,54,0.013,41,0.014
620,Barboach,0.00000,2,0.000,2,0.001
621,Pumpkaboo-Small,0.00000,2,0.000,2,0.001
622,Larvesta,0.00000,6,0.001,5,0.002
623,Loudred,0.00000,3,0.001,3,0.001
624,Azurill,0.00000,11,0.003,10,0.003
625,Pancham,0.00000,10,0.002,9,0.003
626,Golett,0.00000,41,0.010,24,0.008
627,Shelmet,0.00000,8,0.002,6,0.002
628,Hoppip,0.00000,8,0.002,7,0.002
629,Cubchoo,0.00000,4,0.001,2,0.001
630,Burmy,0.00000,42,0.010,29,0.010
631,Spoink,0.00000,9,0.002,4,0.001
632,Kabuto,0.00000,8,0.002,7,0.002
633,Zigzagoon,0.00000,10,0.002,9,0.003
634,Wynaut,0.00000,7,0.002,4,0.001
635,Mienfoo,0.00000,13,0.003,12,0.004
636,Quilladin,0.00000,24,0.006,18,0.006
637,Deino,0.00000,7,0.002,5,0.002
638,Diglett,0.00000,109,0.027,90,0.030
639,Vullaby,0.00000,17,0.004,11,0.004
640,Cherubi,0.00000,4,0.001,3,0.001
641,Tyrogue,0.00000,6,0.001,4,0.001
642,Mankey,0.00000,10,0.002,9,0.003
643,Munna,0.00000,7,0.002,4,0.001
644,Roggenrola,0.00000,26,0.006,19,0.006
645,Tranquill,0.00000,24,0.006,18,0.006
646,Gastly,0.00000,57,0.014,43,0.015
647,Makuhita,0.00000,14,0.003,11,0.004
648,Skorupi,0.00000,2,0.000,2,0.001
649,Skiploom,0.00000,2,0.000,2,0.001
650,Timburr,0.00000,7,0.002,7,0.002
651,Swablu,0.00000,38,0.009,28,0.009
652,Litleo,0.00000,12,0.003,9,0.003
653,Spearow,0.00000,6,0.001,5,0.002
654,Poliwag,0.00000,6,0.001,5,0.002
655,Hoothoot,0.00000,3,0.001,2,0.001
656,Croconaw,0.00000,19,0.005,13,0.004
657,Tentacool,0.00000,11,0.003,9,0.003
658,Bonsly,0.00000,8,0.002,5,0.002
659,Mantyke,0.00000,3,0.001,2,0.001
660,Treecko,0.00000,42,0.010,27,0.009
661,Kirlia,0.00000,17,0.004,12,0.004
662,Weepinbell,0.00000,9,0.002,6,0.002
663,Pumpkaboo,0.00000,5,0.001,5,0.002
664,Turtwig,0.00000,7,0.002,6,0.002
665,Poochyena,0.00000,6,0.001,5,0.002
666,Teddiursa,0.00000,9,0.002,8,0.003
667,Nidorino,0.00000,22,0.005,18,0.006
668,Karrablast,0.00000,1,0.000,1,0.000
669,Bergmite,0.00000,6,0.001,4,0.001
670,Blitzle,0.00000,8,0.002,7,0.002
671,Lotad,0.00000,2,0.000,2,0.001
672,Beldum,0.00000,1,0.000,1,0.000
673,Dratini,0.00000,5,0.001,5,0.002
674,Tyrunt,0.00000,10,0.002,7,0.002
675,Lombre,0.00000,6,0.001,6,0.002
676,Dwebble,0.00000,2,0.000,1,0.000
677,Chikorita,0.00000,7,0.002,6,0.002
678,Krabby,0.00000,43,0.011,33,0.011
679,Chespin,0.00000,20,0.005,17,0.006
680,NidoranM,0.00000,17,0.004,15,0.005
681,NidoranF,0.00000,2,0.000,2,0.001
682,Whirlipede,0.00000,2,0.000,2,0.001
683,Staryu,0.00000,4,0.001,4,0.001
684,Wooper,0.00000,7,0.002,4,0.001
685,Smoochum,0.00000,8,0.002,8,0.003
686,Omanyte,0.00000,20,0.005,14,0.005
687,Petilil,0.00000,2,0.000,2,0.001
688,Igglybuff,0.00000,11,0.003,8,0.003
689,Binacle,0.00000,3,0.001,2,0.001
690,Drifloon,0.00000,12,0.003,10,0.003
691,Snubbull,0.00000,5,0.001,5,0.002
692,Horsea,0.00000,1,0.000,0,0.000
693,Cranidos,0.00000,6,0.001,4,0.001
694,Shinx,0.00000,8,0.002,7,0.002
695,Goldeen,0.00000,4,0.001,2,0.001
696,Houndour,0.00000,10,0.002,9,0.003
697,Cubone,0.00000,9,0.002,7,0.002
698,Deerling,0.00000,3,0.001,2,0.001
699,Joltik,0.00000,28,0.007,21,0.007
700,Wingull,0.00000,4,0.001,4,0.001
701,Pidove,0.00000,1,0.000,0,0.000
702,Pansage,0.00000,5,0.001,3,0.001
703,Zweilous,0.00000,9,0.002,7,0.002
704,Venipede,0.00000,5,0.001,5,0.002
705,Skrelp,0.00000,5,0.001,4,0.001
706,Mareep,0.00000,6,0.001,4,0.001
707,Stunky,0.00000,1,0.000,1,0.000
708,Clauncher,0.00000,1,0.000,1,0.000
709,Glameow,0.00000,4,0.001,2,0.001
710,Seedot,0.00000,8,0.002,8,0.003
711,Lillipup,0.00000,1,0.000,1,0.000
712,Slakoth,0.00000,1,0.000,1,0.000
713,Remoraid,0.00000,1,0.000,1,0.000
714,Snorunt,0.00000,18,0.004,13,0.004
715,Skiddo,0.00000,5,0.001,1,0.000
716,Venonat,0.00000,1,0.000,1,0.000
717,Numel,0.00000,8,0.002,5,0.002
718,Pumpkaboo-Large,0.00000,1,0.000,1,0.000
719,Slowpoke,0.00000,3,0.001,2,0.001
720,Tepig,0.00000,2,0.000,2,0.001
721,Bellsprout,0.00000,2,0.000,2,0.001
722,Phantump,0.00000,1,0.000,1,0.000
723,Elgyem,0.00000,2,0.000,2,0.001
724,Amaura,0.00000,2,0.000,1,0.000
725,Magby,0.00000,1,0.000,1,0.000
726,Prinplup,0.00000,5,0.001,5,0.002
727,Wormadam,0.00000,2,0.000,2,0.001
728,Foongus,0.00000,1,0.000,0,0.000
729,Frillish,0.00000,2,0.000,2,0.001
730,Ducklett,0.00000,1,0.000,0,0.000
731,Pumpkaboo-Super,0.00000,5,0.001,5,0.002
732,Tirtouga,0.00000,8,0.002,6,0.002
733,Gloom,0.00000,24,0.006,7,0.002
734,Slugma,0.00000,3,0.001,2,0.001
735,Patrat,0.00000,4,0.001,3,0.001
736,Nincada,0.00000,3,0.001,3,0.001
737,Drilbur,0.00000,12,0.003,7,0.002
738,Vibrava,0.00000,11,0.003,7,0.002
739,Darumaka,0.00000,5,0.001,4,0.001
740,Exeggcute,0.00000,28,0.007,24,0.008
741,Vanillite,0.00000,4,0.001,3,0.001
742,Nidorina,0.00000,5,0.001,3,0.001
743,Ledyba,0.00000,5,0.001,3,0.001
