 Total battles: 3921
 Avg. weight/team: 0.661
Rank,Pokemon,Usage percentage,Raw,Raw percentage,Real,Real percentage
1,Golem,17.88769,1228,15.659,1074,17.400
2,Monferno,16.91155,1100,14.027,843,13.658
3,Misdreavus,14.43671,880,11.222,749,12.135
4,Smeargle,14.06115,940,11.987,888,14.387
5,Avalugg,11.58202,870,11.094,655,10.612
6,Bouffalant,11.53794,732,9.334,561,9.089
7,Rotom-Frost,11.24457,714,9.105,603,9.769
8,Floatzel,11.03357,869,11.081,659,10.677
9,Mr. Mime,10.21959,748,9.538,527,8.538
10,Dodrio,9.65274,673,8.582,491,7.955
11,Rampardos,9.64286,598,7.626,435,7.048
12,Mawile,9.29745,631,8.046,513,8.311
13,Stoutland,9.10604,598,7.626,470,7.615
14,Muk,8.97970,612,7.804,488,7.906
15,Ampharos,8.86926,713,9.092,556,9.008
16,Kadabra,8.72526,626,7.983,461,7.469
17,Dusknoir,8.15082,641,8.174,525,8.506
18,Leafeon,7.84511,609,7.766,466,7.550
19,Altaria,7.72672,592,7.549,440,7.129
20,Armaldo,7.43087,585,7.460,451,7.307
21,Chatot,7.41937,554,7.065,399,6.464
22,Clefairy,7.23510,515,6.567,408,6.610
23,Cacturne,6.69583,556,7.090,435,7.048
24,Ninetales,6.68960,487,6.210,352,5.703
25,Raichu,6.43119,478,6.095,369,5.978
26,Marowak,6.36227,499,6.363,414,6.707
27,Rapidash,6.31897,528,6.733,397,6.432
28,Zebstrika,6.02874,456,5.815,363,5.881
29,Lapras,5.98730,475,6.057,377,6.108
30,Cryogonal,5.95457,445,5.675,326,5.282
31,Combusken,5.91095,432,5.509,354,5.735
32,Roselia,5.68433,422,5.381,343,5.557
33,Grumpig,5.61061,398,5.075,302,4.893
34,Arbok,5.41649,529,6.746,390,6.319
35,Lumineon,5.36097,373,4.756,316,5.120
36,Luxray,5.26182,460,5.866,342,5.541
37,Audino,5.16147,432,5.509,371,6.011
38,Krokorok,5.08615,299,3.813,239,3.872
39,Ursaring,5.07828,383,4.884,300,4.860
40,Seaking,4.91484,322,4.106,244,3.953
41,Dusclops,4.90302,357,4.552,292,4.731
42,Gabite,4.74003,334,4.259,285,4.617
43,Jumpluff,4.70771,341,4.348,274,4.439
44,Regice,4.62272,332,4.234,263,4.261
45,Probopass,4.38022,347,4.425,311,5.039
46,Gourgeist-Super,4.37603,328,4.183,275,4.455
47,Electrode,4.34591,321,4.093,265,4.293
48,Regigigas,4.09623,290,3.698,230,3.726
49,Meowstic,4.07534,341,4.348,290,4.698
50,Glalie,4.05769,232,2.958,219,3.548
51,Metang,4.01725,314,4.004,276,4.472
52,Kingler,3.87555,321,4.093,244,3.953
53,Articuno,3.87425,349,4.450,252,4.083
54,Beheeyem,3.86367,331,4.221,229,3.710
55,Stunfisk,3.83011,286,3.647,252,4.083
56,Relicanth,3.74942,293,3.736,228,3.694
57,Politoed,3.63895,250,3.188,203,3.289
58,Pelipper,3.54835,237,3.022,195,3.159
59,Vullaby,3.50722,235,2.997,198,3.208
60,Tangela,3.43303,280,3.571,217,3.516
61,Lickilicky,3.42962,250,3.188,164,2.657
62,Vibrava,3.28885,210,2.678,184,2.981
63,Leavanny,3.26514,253,3.226,226,3.662
64,Simisear,3.22993,253,3.226,182,2.949
65,Ninjask,3.22867,261,3.328,217,3.516
66,Golduck,3.21568,239,3.048,165,2.673
67,Torkoal,3.15623,297,3.787,262,4.245
68,Glaceon,3.14969,225,2.869,166,2.689
69,Mightyena,3.13059,254,3.239,205,3.321
70,Camerupt,3.11352,304,3.877,240,3.888
71,Prinplup,3.07673,218,2.780,199,3.224
72,Pawniard,2.96000,213,2.716,168,2.722
73,Drifblim,2.94368,265,3.379,213,3.451
74,Flareon,2.93701,331,4.221,237,3.840
75,Gorebyss,2.88760,241,3.073,190,3.078
76,Crustle,2.79366,242,3.086,203,3.289
77,Raticate,2.76274,198,2.525,147,2.382
78,Basculin,2.63213,229,2.920,161,2.608
79,Rotom-Fan,2.54985,199,2.538,166,2.689
80,Bastiodon,2.51543,238,3.035,213,3.451
81,Carbink,2.48343,201,2.563,174,2.819
82,Sawsbuck,2.42324,177,2.257,135,2.187
83,Gigalith,2.34112,212,2.703,181,2.932
84,Simipour,2.28105,175,2.232,127,2.058
85,Purugly,2.24589,154,1.964,122,1.977
86,Lopunny,2.20074,177,2.257,133,2.155
87,Bronzor,2.19560,128,1.632,113,1.831
88,Volbeat,2.19144,174,2.219,141,2.284
89,Duosion,2.18601,143,1.824,118,1.912
90,Ariados,2.16363,262,3.341,233,3.775
91,Trevenant,2.15892,177,2.257,138,2.236
92,Meganium,2.15862,228,2.907,177,2.868
93,Servine,2.11445,138,1.760,104,1.685
94,Pikachu,2.10389,189,2.410,137,2.220
95,Beartic,2.06809,179,2.283,125,2.025
96,Klang,1.96853,146,1.862,108,1.750
97,Trapinch,1.96621,117,1.492,94,1.523
98,Fraxure,1.94941,132,1.683,115,1.863
99,Butterfree,1.86034,239,3.048,181,2.932
100,Unfezant,1.84901,119,1.517,82,1.329
101,Gogoat,1.83150,186,2.372,131,2.122
102,Persian,1.78392,177,2.257,155,2.511
103,Electabuzz,1.75206,127,1.619,87,1.410
104,Palpitoad,1.73139,101,1.288,84,1.361
105,Lunatone,1.70830,119,1.517,89,1.442
106,Wigglytuff,1.68296,160,2.040,122,1.977
107,Swanna,1.54648,115,1.466,94,1.523
108,Octillery,1.54516,128,1.632,95,1.539
109,Frogadier,1.50360,128,1.632,104,1.685
110,Mienfoo,1.47409,86,1.097,62,1.004
111,Huntail,1.43978,117,1.492,97,1.572
112,Masquerain,1.41740,122,1.556,96,1.555
113,Ditto,1.41537,130,1.658,97,1.572
114,Murkrow,1.40869,120,1.530,91,1.474
115,Slaking,1.34946,146,1.862,121,1.960
116,Wartortle,1.33225,106,1.352,84,1.361
117,Furfrou,1.31430,118,1.505,92,1.491
118,Shedinja,1.30256,180,2.295,108,1.750
119,Timburr,1.28535,69,0.880,50,0.810
120,Hypno,1.28203,97,1.237,71,1.150
121,Hippopotas,1.26224,87,1.109,78,1.264
122,Vanilluxe,1.19281,99,1.262,72,1.166
123,Beedrill,1.16491,127,1.619,104,1.685
124,Beautifly,1.12533,94,1.199,69,1.118
125,Solrock,1.05420,92,1.173,77,1.248
126,Dunsparce,1.04750,153,1.951,115,1.863
127,Lampent,1.00613,90,1.148,71,1.150
128,Bellossom,0.98914,85,1.084,65,1.053
129,Gourgeist-Small,0.98257,65,0.829,52,0.842
130,Walrein,0.96388,131,1.670,108,1.750
131,Fearow,0.95313,63,0.803,55,0.891
132,Dedenne,0.95033,120,1.530,88,1.426
133,Quilladin,0.94175,71,0.905,64,1.037
134,Tropius,0.91533,107,1.364,86,1.393
135,Diglett,0.90407,52,0.663,44,0.713
136,Magmar,0.86499,79,1.007,59,0.956
137,Wailord,0.84589,116,1.479,98,1.588
138,Seviper,0.84500,115,1.466,87,1.410
139,Sliggoo,0.82984,71,0.905,58,0.940
140,Banette,0.82611,94,1.199,82,1.329
141,Swoobat,0.80762,91,1.160,62,1.004
142,Maractus,0.78238,73,0.931,61,0.988
143,Gothitelle,0.73733,59,0.752,49,0.794
144,Spinda,0.71748,73,0.931,62,1.004
145,Simisage,0.68203,68,0.867,52,0.842
146,Amaura,0.66747,46,0.587,44,0.713
147,Weepinbell,0.66595,46,0.587,37,0.599
148,Bibarel,0.65788,86,1.097,66,1.069
149,Magcargo,0.65406,60,0.765,50,0.810
150,Whiscash,0.64903,69,0.880,50,0.810
151,Corsola,0.62452,58,0.740,48,0.778
152,Furret,0.62417,89,1.135,69,1.118
153,Riolu,0.60489,32,0.408,18,0.292
154,Pidgeot,0.58874,51,0.650,40,0.648
155,Munchlax,0.54358,40,0.510,33,0.535
156,Castform,0.53472,83,1.058,67,1.085
157,Dragonair,0.53023,86,1.097,67,1.085
158,Heatmor,0.48342,59,0.752,48,0.778
159,Dustox,0.46934,89,1.135,74,1.199
160,Eelektrik,0.46460,42,0.536,36,0.583
161,Chimecho,0.45556,51,0.650,46,0.745
162,Clamperl,0.43424,31,0.395,19,0.308
163,Emolga,0.43177,65,0.829,55,0.891
164,Sunflora,0.42889,66,0.842,49,0.794
165,Meditite,0.42089,32,0.408,24,0.389
166,Seadra,0.41497,42,0.536,31,0.502
167,Chinchou,0.40582,29,0.370,26,0.421
168,Kricketune,0.39021,72,0.918,69,1.118
169,Gourgeist-Large,0.38459,30,0.383,28,0.454
170,Noctowl,0.38212,68,0.867,45,0.729
171,Sudowoodo,0.36839,78,0.995,60,0.972
172,Drilbur,0.35715,24,0.306,20,0.324
173,Wormadam-Trash,0.35083,59,0.752,48,0.778
174,Farfetch'd,0.34149,46,0.587,36,0.583
175,Dewgong,0.33633,99,1.262,76,1.231
176,Swalot,0.32739,41,0.523,33,0.535
177,Vespiquen,0.31933,66,0.842,48,0.778
178,Zweilous,0.31616,30,0.383,23,0.373
179,Swadloon,0.31457,19,0.242,18,0.292
180,Girafarig,0.29427,51,0.650,31,0.502
181,Shelgon,0.28267,29,0.370,26,0.421
182,Illumise,0.28199,33,0.421,28,0.454
183,Marshtomp,0.28045,36,0.459,26,0.421
184,Porygon,0.26025,31,0.395,28,0.454
185,Zorua,0.25471,25,0.319,17,0.275
186,Charmeleon,0.25258,36,0.459,27,0.437
187,Pignite,0.24350,25,0.319,22,0.356
188,Tentacool,0.23793,22,0.281,18,0.292
189,Tyrunt,0.21166,13,0.166,11,0.178
190,Lairon,0.21131,35,0.446,32,0.518
191,Parasect,0.20678,24,0.306,19,0.308
192,Carnivine,0.20510,34,0.434,24,0.389
193,Stantler,0.20164,20,0.255,13,0.211
194,Snover,0.19947,16,0.204,15,0.243
195,Delcatty,0.19685,83,1.058,64,1.037
196,Croconaw,0.19346,26,0.332,17,0.275
197,Pachirisu,0.18086,26,0.332,16,0.259
198,Natu,0.18077,31,0.395,26,0.421
199,Yamask,0.17806,21,0.268,21,0.340
200,Marill,0.17265,27,0.344,19,0.308
201,Braixen,0.17024,57,0.727,47,0.761
202,Yanma,0.16866,18,0.230,13,0.211
203,Whirlipede,0.16441,24,0.306,18,0.292
204,Mantyke,0.16104,11,0.140,10,0.162
205,Venipede,0.15640,16,0.204,14,0.227
206,Luvdisc,0.15546,21,0.268,18,0.292
207,Cherrim,0.15333,21,0.268,19,0.308
208,Phione,0.14794,20,0.255,12,0.194
209,Floette,0.14505,21,0.268,16,0.259
210,Poliwhirl,0.14400,18,0.230,12,0.194
211,Pineco,0.14082,13,0.166,11,0.178
212,Carvanha,0.13980,13,0.166,7,0.113
213,Wobbuffet,0.13663,22,0.281,18,0.292
214,Slowpoke,0.13628,10,0.128,6,0.097
215,Honedge,0.13555,8,0.102,8,0.130
216,Nosepass,0.13505,8,0.102,7,0.113
217,Mothim,0.13295,18,0.230,10,0.162
218,Delibird,0.12965,12,0.153,11,0.178
219,Grovyle,0.12893,25,0.319,17,0.275
220,Scraggy,0.12790,14,0.179,13,0.211
221,Grotle,0.12586,13,0.166,11,0.178
222,Gourgeist,0.12238,12,0.153,11,0.178
223,Onix,0.12033,13,0.166,13,0.211
224,Sandshrew,0.11850,8,0.102,8,0.130
225,Skrelp,0.11287,9,0.115,7,0.113
226,Minun,0.11029,21,0.268,16,0.259
227,Lickitung,0.10632,17,0.217,13,0.211
228,Gastly,0.09973,20,0.255,17,0.275
229,Wormadam-Sandy,0.09379,10,0.128,8,0.130
230,Koffing,0.09058,15,0.191,13,0.211
231,Cottonee,0.08831,7,0.089,5,0.081
232,Graveler,0.08332,9,0.115,7,0.113
233,Plusle,0.08302,13,0.166,11,0.178
234,Staravia,0.08165,10,0.128,8,0.130
235,Minccino,0.07712,5,0.064,2,0.032
236,Ledian,0.07653,14,0.179,13,0.211
237,Croagunk,0.07302,12,0.153,11,0.178
238,Numel,0.06574,4,0.051,4,0.065
239,Magikarp,0.05930,11,0.140,9,0.146
240,Taillow,0.05785,3,0.038,1,0.016
241,Wooper,0.05783,3,0.038,3,0.049
242,Unown,0.05644,9,0.115,7,0.113
243,Clauncher,0.05601,14,0.179,14,0.227
244,Anorith,0.05410,6,0.077,4,0.065
245,Ivysaur,0.05251,12,0.153,9,0.146
246,Aipom,0.05106,7,0.089,5,0.081
247,Shellder,0.05068,3,0.038,3,0.049
248,Quilava,0.04884,10,0.128,6,0.097
249,Archen,0.04781,5,0.064,5,0.081
250,Helioptile,0.04689,3,0.038,3,0.049
251,Pancham,0.04632,6,0.077,5,0.081
252,Purrloin,0.04508,3,0.038,1,0.016
253,Boldore,0.04467,10,0.128,9,0.146
254,Rattata,0.04060,5,0.064,3,0.049
255,Ponyta,0.04045,4,0.051,4,0.065
256,Rhyhorn,0.03936,5,0.064,5,0.081
257,Nidorino,0.03911,7,0.089,5,0.081
258,Growlithe,0.03907,4,0.051,2,0.032
259,Houndour,0.03757,3,0.038,2,0.032
260,Snubbull,0.03716,4,0.051,4,0.065
261,Gloom,0.03407,6,0.077,6,0.097
262,Lileep,0.03385,3,0.038,3,0.049
263,Staryu,0.03276,7,0.089,6,0.097
264,Cleffa,0.03156,3,0.038,1,0.016
265,Swirlix,0.03095,3,0.038,3,0.049
266,Bayleef,0.02981,5,0.064,5,0.081
267,Drowzee,0.02953,3,0.038,2,0.032
268,Magnemite,0.02900,5,0.064,3,0.049
269,Larvesta,0.02893,3,0.038,2,0.032
270,Watchog,0.02824,10,0.128,9,0.146
271,Squirtle,0.02752,4,0.051,2,0.032
272,Bulbasaur,0.02752,4,0.051,4,0.065
273,Sealeo,0.02400,3,0.038,1,0.016
274,Pidgeotto,0.02388,3,0.038,3,0.049
275,Charmander,0.02388,3,0.038,2,0.032
276,Omanyte,0.02290,2,0.026,2,0.032
277,Solosis,0.02290,2,0.026,2,0.032
278,Krabby,0.02290,2,0.026,2,0.032
279,Loudred,0.02249,4,0.051,1,0.016
280,Jigglypuff,0.02140,3,0.038,3,0.049
281,Kirlia,0.02006,3,0.038,3,0.049
282,Surskit,0.01843,3,0.038,1,0.016
283,Corphish,0.01796,2,0.026,2,0.032
284,Dewott,0.01796,2,0.026,1,0.016
285,Aron,0.01720,4,0.051,4,0.065
286,Psyduck,0.01655,1,0.013,1,0.016
287,Joltik,0.01653,2,0.026,2,0.032
288,Nuzleaf,0.01587,5,0.064,3,0.049
289,Frillish,0.01529,3,0.038,0,0.000
290,Stunky,0.01506,4,0.051,4,0.065
291,Pupitar,0.01372,3,0.038,3,0.049
292,Snivy,0.01352,2,0.026,1,0.016
293,Flaaffy,0.01275,10,0.128,7,0.113
294,Binacle,0.01213,3,0.038,3,0.049
295,Tirtouga,0.01211,1,0.013,1,0.016
296,Swinub,0.01200,1,0.013,1,0.016
297,Vulpix,0.01092,1,0.013,1,0.016
298,Wynaut,0.01076,2,0.026,2,0.032
299,Mankey,0.01059,1,0.013,1,0.016
300,Trubbish,0.00914,9,0.115,8,0.130
301,Geodude,0.00835,1,0.013,1,0.016
302,Flabebe,0.00821,1,0.013,1,0.016
303,Bunnelby,0.00778,3,0.038,3,0.049
304,Woobat,0.00767,1,0.013,1,0.016
305,Tynamo,0.00759,1,0.013,1,0.016
306,Shieldon,0.00753,9,0.115,5,0.081
307,Darumaka,0.00753,8,0.102,7,0.113
308,Wailmer,0.00732,1,0.013,1,0.016
309,Inkay,0.00718,1,0.013,1,0.016
310,Azurill,0.00717,1,0.013,0,0.000
311,Sunkern,0.00717,1,0.013,1,0.016
312,Kricketot,0.00717,1,0.013,1,0.016
313,Wurmple,0.00717,1,0.013,1,0.016
314,Bidoof,0.00717,1,0.013,1,0.016
315,Weedle,0.00717,1,0.013,0,0.000
316,Caterpie,0.00717,1,0.013,0,0.000
317,Noibat,0.00710,1,0.013,1,0.016
318,Chimchar,0.00710,1,0.013,1,0.016
319,Oshawott,0.00700,1,0.013,0,0.000
320,Machop,0.00692,1,0.013,1,0.016
321,Wormadam,0.00679,1,0.013,0,0.000
322,Seel,0.00664,4,0.051,4,0.065
323,Makuhita,0.00662,1,0.013,1,0.016
324,Pidove,0.00652,1,0.013,0,0.000
325,Buizel,0.00652,1,0.013,1,0.016
326,Nidorina,0.00576,1,0.013,1,0.016
327,Fennekin,0.00494,2,0.026,2,0.032
328,Whismur,0.00494,1,0.013,1,0.016
329,Voltorb,0.00475,1,0.013,0,0.000
330,Totodile,0.00365,2,0.026,1,0.016
331,Togepi,0.00190,1,0.013,0,0.000
332,Magby,0.00104,1,0.013,1,0.016
333,Poliwag,0.00104,1,0.013,1,0.016
334,Skitty,0.00104,1,0.013,1,0.016
335,Gothorita,0.00039,2,0.026,2,0.032
336,Drifloon,0.00018,1,0.013,0,0.000
337,Bonsly,0.00016,2,0.026,2,0.032
338,Combee,0.00013,3,0.038,3,0.049
339,Eevee,0.00012,2,0.026,2,0.032
340,Duskull,0.00002,1,0.013,1,0.016
341,Deino,0.00002,2,0.026,2,0.032
342,Barboach,0.00002,2,0.026,2,0.032
343,Piplup,0.00002,2,0.026,2,0.032
344,Kakuna,0.00002,1,0.013,1,0.016
345,Tranquill,0.00000,1,0.013,1,0.016
