 Total battles: 781
 Avg. weight/team: 1.0
Rank,Pokemon,Usage percentage,Raw,Raw percentage,Real,Real percentage
1,Flygon,17.09347,267,17.093,190,15.884
2,Jolteon,16.70935,261,16.709,199,16.636
3,Virizion,16.13316,252,16.133,188,15.717
4,Drapion,15.49296,242,15.493,190,15.884
5,Ambipom,15.30090,239,15.301,197,16.469
6,Banette-Mega,12.86812,201,12.868,157,13.125
7,Glalie-Mega,12.61204,197,12.612,130,10.868
8,Diancie,12.16389,190,12.164,165,13.794
9,Scrafty,12.03585,188,12.036,143,11.955
10,Blastoise,11.84379,185,11.844,149,12.456
11,Jellicent,10.88348,170,10.883,142,11.871
12,Braviary,10.75544,168,10.755,126,10.534
13,Uxie,10.05122,157,10.051,137,11.453
14,Accelgor,10.05122,157,10.051,112,9.363
15,Aerodactyl,9.92318,155,9.923,115,9.614
16,Camerupt-Mega,9.92318,155,9.923,115,9.614
17,Cinccino,9.47503,148,9.475,110,9.196
18,Registeel,9.47503,148,9.475,126,10.534
19,Houndoom,9.15493,143,9.155,115,9.614
20,Cofagrigus,9.02689,141,9.027,108,9.029
21,Sigilyph,8.96287,140,8.963,97,8.109
22,Hitmonlee,8.83483,138,8.835,105,8.778
23,Gallade,8.83483,138,8.835,102,8.527
24,Escavalier,8.64277,135,8.643,99,8.276
25,Venusaur,8.51472,133,8.515,106,8.862
26,Exploud,8.45070,132,8.451,98,8.193
27,Rhyperior,8.38668,131,8.387,109,9.112
28,Clawitzer,8.38668,131,8.387,96,8.026
29,Alomomola,8.32266,130,8.323,96,8.026
30,Bronzong,8.25864,129,8.259,115,9.614
31,Druddigon,8.13060,127,8.131,109,9.112
32,Slowking,8.00256,125,8.003,87,7.273
33,Typhlosion,7.74648,121,7.746,99,8.276
34,Eelektross,7.42638,116,7.426,90,7.524
35,Delphox,7.29834,114,7.298,81,6.772
36,Magneton,6.53009,102,6.530,80,6.688
37,Qwilfish,6.40205,100,6.402,89,7.440
38,Rotom-Mow,6.27401,98,6.274,79,6.604
39,Hoopa,6.27401,98,6.274,75,6.270
40,Sceptile,6.14597,96,6.146,74,6.186
41,Emboar,5.69782,89,5.698,59,4.932
42,Meloetta,5.44174,85,5.442,62,5.183
43,Aromatisse,5.31370,83,5.314,57,4.765
44,Golbat,5.18566,81,5.186,70,5.852
45,Absol,4.86556,76,4.866,57,4.765
46,Sawk,4.67350,73,4.673,51,4.264
47,Togetic,4.28937,67,4.289,51,4.264
48,Sneasel,4.28937,67,4.289,47,3.929
49,Seismitoad,4.22535,66,4.225,58,4.849
50,Medicham,4.22535,66,4.225,46,3.846
51,Hitmontop,4.09731,64,4.097,51,4.264
52,Granbull,3.84123,60,3.841,46,3.846
53,Miltank,3.58515,56,3.585,48,4.013
54,Lanturn,3.52113,55,3.521,43,3.595
55,Spiritomb,2.75288,43,2.753,35,2.926
56,Skuntank,2.75288,43,2.753,33,2.759
57,Mismagius,2.49680,39,2.497,29,2.424
58,Charizard,2.49680,39,2.497,31,2.592
59,Audino-Mega,2.36876,37,2.369,26,2.174
60,Zangoose,2.24072,35,2.241,30,2.508
61,Electivire,2.24072,35,2.241,27,2.257
62,Regice,2.11268,33,2.113,17,1.421
63,Magmortar,2.11268,33,2.113,24,2.006
64,Vileplume,2.11268,33,2.113,25,2.090
65,Primeape,2.04866,32,2.049,26,2.174
66,Claydol,2.04866,32,2.049,30,2.508
67,Dragonair,1.98464,31,1.985,17,1.421
68,Aggron,1.98464,31,1.985,20,1.672
69,Cradily,1.98464,31,1.985,21,1.756
70,Steelix,1.98464,31,1.985,30,2.508
71,Electrode,1.98464,31,1.985,26,2.174
72,Lapras,1.92061,30,1.921,24,2.006
73,Slaking,1.92061,30,1.921,24,2.006
74,Xatu,1.85659,29,1.857,24,2.006
75,Fletchinder,1.79257,28,1.793,20,1.672
76,Manectric,1.72855,27,1.729,24,2.006
77,Scyther,1.53649,24,1.536,19,1.588
78,Malamar,1.53649,24,1.536,16,1.338
79,Swellow,1.47247,23,1.472,18,1.505
80,Kecleon,1.47247,23,1.472,14,1.170
81,Avalugg,1.47247,23,1.472,15,1.254
82,Ursaring,1.47247,23,1.472,20,1.672
83,Vivillon,1.40845,22,1.408,19,1.588
84,Hitmonchan,1.28041,20,1.280,14,1.170
85,Regirock,1.28041,20,1.280,14,1.170
86,Arbok,1.28041,20,1.280,13,1.087
87,Hariyama,1.28041,20,1.280,13,1.087
88,Ludicolo,1.28041,20,1.280,18,1.505
89,Dusclops,1.28041,20,1.280,12,1.003
90,Ninetales,1.28041,20,1.280,15,1.254
91,Archeops,1.21639,19,1.216,17,1.421
92,Mantine,1.21639,19,1.216,13,1.087
93,Trevenant,1.21639,19,1.216,11,0.920
94,Shiftry,1.21639,19,1.216,14,1.170
95,Muk,1.15237,18,1.152,14,1.170
96,Murkrow,1.15237,18,1.152,11,0.920
97,Pinsir,1.02433,16,1.024,10,0.836
98,Haunter,1.02433,16,1.024,12,1.003
99,Samurott,1.02433,16,1.024,12,1.003
100,Luxray,1.02433,16,1.024,13,1.087
101,Marowak,0.96031,15,0.960,9,0.752
102,Regigigas,0.96031,15,0.960,13,1.087
103,Sandslash,0.89629,14,0.896,13,1.087
104,Mawile,0.89629,14,0.896,8,0.669
105,Meowstic,0.89629,14,0.896,13,1.087
106,Garbodor,0.89629,14,0.896,12,1.003
107,Meganium,0.89629,14,0.896,12,1.003
108,Pyroar,0.89629,14,0.896,9,0.752
109,Persian,0.89629,14,0.896,12,1.003
110,Gabite,0.83227,13,0.832,11,0.920
111,Smeargle,0.83227,13,0.832,11,0.920
112,Liepard,0.76825,12,0.768,12,1.003
113,Rhydon,0.76825,12,0.768,11,0.920
114,Gastrodon,0.76825,12,0.768,8,0.669
115,Jynx,0.76825,12,0.768,7,0.585
116,Kadabra,0.70423,11,0.704,9,0.752
117,Torterra,0.70423,11,0.704,6,0.502
118,Golem,0.70423,11,0.704,9,0.752
119,Armaldo,0.70423,11,0.704,8,0.669
120,Aurorus,0.64020,10,0.640,9,0.752
121,Rampardos,0.64020,10,0.640,8,0.669
122,Leafeon,0.64020,10,0.640,7,0.585
123,Dusknoir,0.64020,10,0.640,8,0.669
124,Pikachu,0.64020,10,0.640,7,0.585
125,Abomasnow,0.64020,10,0.640,7,0.585
126,Weezing,0.57618,9,0.576,6,0.502
127,Poliwrath,0.57618,9,0.576,6,0.502
128,Piloswine,0.57618,9,0.576,6,0.502
129,Stunfisk,0.57618,9,0.576,7,0.585
130,Lickilicky,0.57618,9,0.576,9,0.752
131,Floatzel,0.57618,9,0.576,8,0.669
132,Magmar,0.57618,9,0.576,5,0.418
133,Tangela,0.51216,8,0.512,6,0.502
134,Frogadier,0.51216,8,0.512,7,0.585
135,Articuno,0.51216,8,0.512,7,0.585
136,Golurk,0.51216,8,0.512,7,0.585
137,Kabutops,0.51216,8,0.512,6,0.502
138,Monferno,0.51216,8,0.512,8,0.669
139,Quagsire,0.51216,8,0.512,5,0.418
140,Zebstrika,0.51216,8,0.512,7,0.585
141,Combusken,0.51216,8,0.512,5,0.418
142,Probopass,0.51216,8,0.512,6,0.502
143,Rapidash,0.51216,8,0.512,8,0.669
144,Vespiquen,0.51216,8,0.512,5,0.418
145,Flareon,0.51216,8,0.512,5,0.418
146,Gigalith,0.51216,8,0.512,8,0.669
147,Raticate,0.44814,7,0.448,4,0.334
148,Roselia,0.44814,7,0.448,7,0.585
149,Tauros,0.44814,7,0.448,7,0.585
150,Golduck,0.44814,7,0.448,4,0.334
151,Rotom-Frost,0.44814,7,0.448,5,0.418
152,Metang,0.44814,7,0.448,6,0.502
153,Gurdurr,0.44814,7,0.448,7,0.585
154,Bastiodon,0.44814,7,0.448,6,0.502
155,Linoone,0.44814,7,0.448,7,0.585
156,Swoobat,0.38412,6,0.384,5,0.418
157,Exeggutor,0.38412,6,0.384,5,0.418
158,Lilligant,0.38412,6,0.384,4,0.334
159,Gothitelle,0.38412,6,0.384,5,0.418
160,Boldore,0.38412,6,0.384,5,0.418
161,Drifblim,0.38412,6,0.384,3,0.251
162,Vanillish,0.38412,6,0.384,5,0.418
163,Carracosta,0.38412,6,0.384,5,0.418
164,Wigglytuff,0.38412,6,0.384,2,0.167
165,Ariados,0.38412,6,0.384,4,0.334
166,Mightyena,0.32010,5,0.320,2,0.167
167,Farfetch'd,0.32010,5,0.320,4,0.334
168,Mesprit,0.32010,5,0.320,3,0.251
169,Ampharos,0.32010,5,0.320,4,0.334
170,Omastar,0.32010,5,0.320,4,0.334
171,Kangaskhan,0.32010,5,0.320,2,0.167
172,Hypno,0.32010,5,0.320,4,0.334
173,Machoke,0.32010,5,0.320,5,0.418
174,Torkoal,0.32010,5,0.320,3,0.251
175,Lairon,0.32010,5,0.320,4,0.334
176,Unfezant,0.32010,5,0.320,5,0.418
177,Ditto,0.32010,5,0.320,5,0.418
178,Sudowoodo,0.32010,5,0.320,2,0.167
179,Braixen,0.32010,5,0.320,3,0.251
180,Cacturne,0.25608,4,0.256,4,0.334
181,Altaria,0.25608,4,0.256,3,0.251
182,Corphish,0.25608,4,0.256,2,0.167
183,Rotom,0.25608,4,0.256,3,0.251
184,Wartortle,0.25608,4,0.256,3,0.251
185,Ferroseed,0.25608,4,0.256,4,0.334
186,Mr. Mime,0.25608,4,0.256,4,0.334
187,Audino,0.25608,4,0.256,3,0.251
188,Maractus,0.25608,4,0.256,4,0.334
189,Pidgeot,0.25608,4,0.256,4,0.334
190,Dustox,0.25608,4,0.256,3,0.251
191,Ninjask,0.25608,4,0.256,3,0.251
192,Sliggoo,0.25608,4,0.256,2,0.167
193,Barbaracle,0.25608,4,0.256,3,0.251
194,Victreebel,0.25608,4,0.256,3,0.251
195,Dunsparce,0.25608,4,0.256,2,0.167
196,Machop,0.19206,3,0.192,3,0.251
197,Glaceon,0.19206,3,0.192,3,0.251
198,Gorebyss,0.19206,3,0.192,1,0.084
199,Butterfree,0.19206,3,0.192,3,0.251
200,Seviper,0.19206,3,0.192,3,0.251
201,Cryogonal,0.19206,3,0.192,2,0.167
202,Starly,0.19206,3,0.192,2,0.167
203,Bibarel,0.19206,3,0.192,3,0.251
204,Servine,0.19206,3,0.192,3,0.251
205,Squirtle,0.19206,3,0.192,2,0.167
206,Throh,0.19206,3,0.192,3,0.251
207,Aipom,0.19206,3,0.192,2,0.167
208,Masquerain,0.19206,3,0.192,2,0.167
209,Carbink,0.19206,3,0.192,3,0.251
210,Magcargo,0.19206,3,0.192,3,0.251
211,Onix,0.19206,3,0.192,3,0.251
212,Quilladin,0.19206,3,0.192,3,0.251
213,Heatmor,0.19206,3,0.192,3,0.251
214,Gourgeist-Super,0.19206,3,0.192,3,0.251
215,Electabuzz,0.19206,3,0.192,2,0.167
216,Kirlia,0.19206,3,0.192,2,0.167
217,Kingler,0.19206,3,0.192,2,0.167
218,Shedinja,0.19206,3,0.192,2,0.167
219,Volbeat,0.19206,3,0.192,3,0.251
220,Watchog,0.12804,2,0.128,1,0.084
221,Beedrill,0.12804,2,0.128,2,0.167
222,Emolga,0.12804,2,0.128,2,0.167
223,Raichu,0.12804,2,0.128,1,0.084
224,Omanyte,0.12804,2,0.128,1,0.084
225,Honedge,0.12804,2,0.128,2,0.167
226,Parasect,0.12804,2,0.128,2,0.167
227,Basculin,0.12804,2,0.128,2,0.167
228,Bulbasaur,0.12804,2,0.128,2,0.167
229,Croconaw,0.12804,2,0.128,1,0.084
230,Magikarp,0.12804,2,0.128,2,0.167
231,Relicanth,0.12804,2,0.128,2,0.167
232,Sawsbuck,0.12804,2,0.128,2,0.167
233,Politoed,0.12804,2,0.128,2,0.167
234,Vigoroth,0.12804,2,0.128,2,0.167
235,Deerling,0.12804,2,0.128,2,0.167
236,Lopunny,0.12804,2,0.128,1,0.084
237,Shelgon,0.12804,2,0.128,2,0.167
238,Wormadam-Trash,0.12804,2,0.128,2,0.167
239,Crustle,0.12804,2,0.128,2,0.167
240,Furret,0.12804,2,0.128,2,0.167
241,Leavanny,0.12804,2,0.128,2,0.167
242,Simipour,0.12804,2,0.128,2,0.167
243,Dewgong,0.12804,2,0.128,2,0.167
244,Gogoat,0.12804,2,0.128,2,0.167
245,Beheeyem,0.12804,2,0.128,2,0.167
246,Camerupt,0.12804,2,0.128,2,0.167
247,Delcatty,0.06402,1,0.064,1,0.084
248,Corsola,0.06402,1,0.064,1,0.084
249,Tropius,0.06402,1,0.064,1,0.084
250,Aron,0.06402,1,0.064,0,0.000
251,Musharna,0.06402,1,0.064,1,0.084
252,Bunnelby,0.06402,1,0.064,0,0.000
253,Vullaby,0.06402,1,0.064,0,0.000
254,Chingling,0.06402,1,0.064,1,0.084
255,Gourgeist-Large,0.06402,1,0.064,1,0.084
256,Seadra,0.06402,1,0.064,1,0.084
257,Porygon,0.06402,1,0.064,1,0.084
258,Swanna,0.06402,1,0.064,1,0.084
259,Geodude,0.06402,1,0.064,0,0.000
260,Bellossom,0.06402,1,0.064,1,0.084
261,Girafarig,0.06402,1,0.064,0,0.000
262,Tyrogue,0.06402,1,0.064,1,0.084
263,Mime Jr.,0.06402,1,0.064,1,0.084
264,Beautifly,0.06402,1,0.064,1,0.084
265,Meowth,0.06402,1,0.064,1,0.084
266,Pelipper,0.06402,1,0.064,1,0.084
267,Beartic,0.06402,1,0.064,1,0.084
268,Wailord,0.06402,1,0.064,0,0.000
269,Dedenne,0.06402,1,0.064,1,0.084
270,Lileep,0.06402,1,0.064,1,0.084
271,Mienfoo,0.06402,1,0.064,1,0.084
272,Spinda,0.06402,1,0.064,1,0.084
273,Bayleef,0.06402,1,0.064,0,0.000
274,Klinklang,0.06402,1,0.064,1,0.084
275,Taillow,0.06402,1,0.064,0,0.000
276,Whiscash,0.06402,1,0.064,1,0.084
277,Yanma,0.06402,1,0.064,1,0.084
278,Jumpluff,0.06402,1,0.064,1,0.084
279,Pancham,0.06402,1,0.064,1,0.084
280,Lickitung,0.06402,1,0.064,1,0.084
281,Bronzor,0.06402,1,0.064,1,0.084
282,Carnivine,0.06402,1,0.064,1,0.084
283,Turtwig,0.06402,1,0.064,1,0.084
284,Fraxure,0.06402,1,0.064,0,0.000
285,Diglett,0.06402,1,0.064,1,0.084
286,Clamperl,0.06402,1,0.064,1,0.084
287,Octillery,0.06402,1,0.064,1,0.084
288,Helioptile,0.06402,1,0.064,1,0.084
289,Kricketune,0.06402,1,0.064,1,0.084
290,Illumise,0.06402,1,0.064,1,0.084
291,Grovyle,0.06402,1,0.064,1,0.084
292,Pawniard,0.06402,1,0.064,1,0.084
293,Nuzleaf,0.06402,1,0.064,0,0.000
294,Snover,0.06402,1,0.064,0,0.000
295,Delibird,0.06402,1,0.064,1,0.084
296,Clefairy,0.06402,1,0.064,1,0.084
297,Rotom-Fan,0.06402,1,0.064,0,0.000
