 Total battles: 42479
 Avg. weight/team: 0.062
Rank,Pokemon,Usage percentage,Raw,Raw percentage,Real,Real percentage
1,Groudon-Primal,75.18544,23741,27.944,17524,31.078
2,Arceus,39.06754,11012,12.962,7121,12.629
3,Yveltal,37.59913,6631,7.805,4717,8.365
4,Xerneas,34.40042,17725,20.863,11472,20.345
5,Giratina-Origin,30.15057,6464,7.608,4501,7.982
6,Ho-Oh,24.52069,4504,5.301,3160,5.604
7,Darkrai,20.46320,12794,15.059,8312,14.741
8,Lugia,18.96154,8023,9.443,5266,9.339
9,Kyogre-Primal,17.81114,13939,16.407,8845,15.686
10,Mewtwo-Mega-Y,17.64441,9054,10.657,5940,10.534
11,Deoxys-Attack,14.77788,5557,6.541,3728,6.611
12,Ferrothorn,14.57892,4199,4.942,3242,5.750
13,Salamence-Mega,13.49512,4423,5.206,2911,5.163
14,Lucario-Mega,10.26237,5787,6.812,3965,7.032
15,Aegislash,10.05747,10584,12.458,6676,11.840
16,Arceus-Water,9.87360,1388,1.634,1028,1.823
17,Rayquaza,9.61410,8735,10.282,5365,9.515
18,Arceus-Ground,9.59588,1217,1.432,834,1.479
19,Blissey,8.80793,2085,2.454,1446,2.564
20,Arceus-Ghost,8.25321,2801,3.297,1841,3.265
21,Chansey,7.61860,1936,2.279,1279,2.268
22,Diancie-Mega,7.40146,2393,2.817,1907,3.382
23,Ditto,7.19178,1485,1.748,1027,1.821
24,Kyogre,6.38011,1680,1.977,1057,1.875
25,Deoxys-Speed,6.27876,2293,2.699,1933,3.428
26,Scolipede,6.20930,3515,4.137,2974,5.274
27,Klefki,5.92973,1266,1.490,969,1.718
28,Blaziken-Mega,5.88870,8619,10.145,5981,10.607
29,Gengar-Mega,5.48048,4976,5.857,3338,5.920
30,Shaymin-Sky,4.99844,2893,3.405,1688,2.994
31,Genesect,4.78282,2591,3.050,1781,3.159
32,Greninja,4.73703,14307,16.840,10093,17.899
33,Mewtwo-Mega-X,4.62029,4154,4.889,2876,5.100
34,Smeargle,4.61940,2457,2.892,1849,3.279
35,Landorus-Therian,4.37165,1416,1.667,1091,1.935
36,Sableye-Mega,4.20061,2048,2.411,1548,2.745
37,Latios,4.13860,1749,2.059,1051,1.864
38,Kangaskhan-Mega,4.12586,4958,5.836,3654,6.480
39,Scizor,3.81487,2247,2.645,1510,2.678
40,Arceus-Fairy,3.53615,1074,1.264,730,1.295
41,Mewtwo,3.46500,3177,3.739,1988,3.526
42,Mawile-Mega,3.10335,2749,3.236,1889,3.350
43,Kyurem-White,3.09946,2099,2.471,1211,2.148
44,Arceus-Rock,3.09358,397,0.467,240,0.426
45,Giratina,3.05770,1686,1.985,1097,1.945
46,Dialga,2.60274,3575,4.208,2234,3.962
47,Sylveon,2.55072,3114,3.665,1957,3.471
48,Espeon,2.42815,2611,3.073,1708,3.029
49,Vaporeon,2.15763,1550,1.824,1055,1.871
50,Palkia,1.95397,2337,2.751,1504,2.667
51,Skarmory,1.94990,1850,2.178,1399,2.481
52,Arceus-Dragon,1.64190,727,0.856,439,0.779
53,Forretress,1.54469,1484,1.747,1282,2.274
54,Blaziken,1.51251,5418,6.377,3788,6.718
55,Zekrom,1.48319,2312,2.721,1466,2.600
56,Clefable,1.34890,1290,1.518,842,1.493
57,Shuckle,1.16472,1624,1.912,1401,2.485
58,Mew,1.07577,1517,1.786,1061,1.882
59,Latias,1.05579,665,0.783,407,0.722
60,Excadrill,1.04959,1385,1.630,903,1.601
61,Talonflame,1.01049,4574,5.384,3039,5.390
62,Mr. Mime,0.95694,217,0.255,171,0.303
63,Arceus-Steel,0.94770,1271,1.496,789,1.399
64,Reshiram,0.89305,1209,1.423,756,1.341
65,Tyranitar,0.82856,2484,2.924,1702,3.018
66,Deoxys-Defense,0.78072,1555,1.830,1117,1.981
67,Hoopa-Unbound,0.76244,1486,1.749,929,1.648
68,Gengar,0.67836,3949,4.648,2642,4.685
69,Cloyster,0.67338,2478,2.917,1693,3.002
70,Arceus-Poison,0.66624,549,0.646,355,0.630
71,Scizor-Mega,0.60156,1545,1.819,973,1.726
72,Wobbuffet,0.57630,1149,1.352,814,1.444
73,Bronzong,0.54729,286,0.337,227,0.403
74,Lopunny-Mega,0.53219,1189,1.400,867,1.538
75,Terrakion,0.49178,314,0.370,208,0.369
76,Garchomp,0.48948,4022,4.734,2762,4.898
77,Tyranitar-Mega,0.47946,1696,1.996,1129,2.002
78,Metagross-Mega,0.46962,1967,2.315,1241,2.201
79,Tentacruel,0.44968,525,0.618,380,0.674
80,Landorus,0.40250,667,0.785,441,0.782
81,Jirachi,0.37699,719,0.846,442,0.784
82,Volbeat,0.34498,171,0.201,86,0.153
83,Umbreon,0.34097,2119,2.494,1345,2.385
84,Groudon,0.32279,834,0.982,614,1.089
85,Victini,0.30653,908,1.069,602,1.068
86,Dragonite,0.28222,4288,5.047,2791,4.950
87,Quagsire,0.27986,419,0.493,256,0.454
88,Thundurus,0.26765,609,0.717,412,0.731
89,Togekiss,0.26594,2255,2.654,1500,2.660
90,Heatran,0.25727,794,0.935,544,0.965
91,Azumarill,0.25586,1805,2.125,1225,2.172
92,Medicham-Mega,0.25568,454,0.534,313,0.555
93,Metagross,0.24811,1770,2.083,1150,2.039
94,Volcarona,0.24112,2230,2.625,1331,2.360
95,Gliscor,0.23205,3829,4.507,2560,4.540
96,Keldeo,0.22442,519,0.611,354,0.628
97,Breloom,0.21028,1840,2.166,1163,2.063
98,Arceus-Electric,0.20917,521,0.613,330,0.585
99,Beedrill-Mega,0.19274,1024,1.205,685,1.215
100,Sableye,0.19232,1048,1.234,733,1.300
101,Bisharp,0.19214,2013,2.369,1288,2.284
102,Ninjask,0.19191,2136,2.514,1782,3.160
103,Serperior,0.18125,3656,4.303,2391,4.240
104,Volcanion,0.15707,670,0.789,445,0.789
105,Chandelure,0.15630,1267,1.491,854,1.515
106,Deoxys,0.15346,330,0.388,203,0.360
107,Milotic,0.15212,1693,1.993,1115,1.977
108,Latios-Mega,0.15107,574,0.676,367,0.651
109,Probopass,0.13929,195,0.230,124,0.220
110,Golem,0.13833,234,0.275,182,0.323
111,Arceus-Dark,0.13638,260,0.306,156,0.277
112,Nosepass,0.13182,150,0.177,106,0.188
113,Solrock,0.12823,98,0.115,58,0.103
114,Hawlucha,0.12609,1360,1.601,893,1.584
115,Drifblim,0.12426,378,0.445,227,0.403
116,Whimsicott,0.12075,547,0.644,336,0.596
117,Rotom-Wash,0.11705,1300,1.530,888,1.575
118,Conkeldurr,0.11161,970,1.142,632,1.121
119,Empoleon,0.10978,718,0.845,537,0.952
120,Hippowdon,0.10706,689,0.811,569,1.009
121,Arceus-Fire,0.10548,307,0.361,157,0.278
122,Salamence,0.09969,2017,2.374,1191,2.112
123,Mamoswine,0.09449,656,0.772,471,0.835
124,Thundurus-Therian,0.09393,442,0.520,272,0.482
125,Kyurem-Black,0.09061,815,0.959,468,0.830
126,Venusaur-Mega,0.09038,1603,1.887,1089,1.931
127,Gothitelle,0.08994,318,0.374,194,0.344
128,Electivire,0.08943,1506,1.773,1014,1.798
129,Porygon2,0.08941,573,0.674,355,0.630
130,Galvantula,0.08796,992,1.168,776,1.376
131,Gardevoir-Mega,0.08724,2774,3.265,1766,3.132
132,Zoroark,0.08505,1159,1.364,580,1.029
133,Arceus-Grass,0.08360,238,0.280,126,0.223
134,Shedinja,0.08248,768,0.904,533,0.945
135,Charizard,0.08083,1294,1.523,874,1.550
136,Gardevoir,0.07757,2084,2.453,1345,2.385
137,Weavile,0.07294,2112,2.486,1381,2.449
138,Charizard-Mega-X,0.07076,4877,5.740,3266,5.792
139,Magnezone,0.06941,1190,1.401,790,1.401
140,Aron,0.06777,255,0.300,163,0.289
141,Haxorus,0.06364,1249,1.470,791,1.403
142,Charizard-Mega-Y,0.06295,2909,3.424,1960,3.476
143,Sceptile-Mega,0.06164,3977,4.681,2451,4.347
144,Jellicent,0.06157,299,0.352,200,0.355
145,Aggron-Mega,0.06144,664,0.782,469,0.832
146,Gastrodon,0.06114,392,0.461,266,0.472
147,Garchomp-Mega,0.06032,1430,1.683,950,1.685
148,Arceus-Flying,0.06017,155,0.182,104,0.184
149,Gyarados,0.05716,1615,1.901,1067,1.892
150,Arcanine,0.05615,1298,1.528,900,1.596
151,Infernape,0.05591,2950,3.472,2067,3.666
152,Zapdos,0.05550,943,1.110,658,1.167
153,Snorlax,0.05430,1800,2.119,1258,2.231
154,Ludicolo,0.05269,600,0.706,424,0.752
155,Krookodile,0.05257,1252,1.474,873,1.548
156,Cofagrigus,0.05252,484,0.570,342,0.607
157,Swampert-Mega,0.05239,1632,1.921,1171,2.077
158,Froslass,0.04859,782,0.920,597,1.059
159,Diancie,0.04810,101,0.119,78,0.138
160,Mandibuzz,0.04733,354,0.417,240,0.426
161,Hydreigon,0.04712,1588,1.869,1006,1.784
162,Machamp,0.04507,860,1.012,556,0.986
163,Aggron,0.04365,775,0.912,556,0.986
164,Rattata,0.04339,270,0.318,209,0.371
165,Latias-Mega,0.04336,360,0.424,194,0.344
166,Malamar,0.04125,514,0.605,350,0.621
167,Porygon-Z,0.04090,840,0.989,579,1.027
168,Blastoise-Mega,0.04072,1157,1.362,805,1.428
169,Dugtrio,0.04061,361,0.425,264,0.468
170,Golduck,0.03993,287,0.338,208,0.369
171,Durant,0.03985,372,0.438,298,0.528
172,Gyarados-Mega,0.03972,1142,1.344,757,1.343
173,Altaria-Mega,0.03965,905,1.065,571,1.013
174,Hoopa,0.03897,96,0.113,65,0.115
175,Noivern,0.03833,1336,1.573,902,1.600
176,Absol-Mega,0.03808,395,0.465,271,0.481
177,Heracross-Mega,0.03775,1394,1.641,884,1.568
178,Chesnaught,0.03774,619,0.729,401,0.711
179,Trevenant,0.03739,581,0.684,304,0.539
180,Gallade-Mega,0.03616,1787,2.103,1144,2.029
181,Feraligatr,0.03467,995,1.171,718,1.273
182,Venomoth,0.03424,253,0.298,209,0.371
183,Venusaur,0.03115,1096,1.290,729,1.293
184,Alakazam,0.03103,892,1.050,559,0.991
185,Slowbro-Mega,0.03016,237,0.279,158,0.280
186,Darmanitan,0.03007,311,0.366,209,0.371
187,Goodra,0.02883,1561,1.837,1005,1.782
188,Donphan,0.02870,414,0.487,320,0.568
189,Eelektross,0.02847,725,0.853,523,0.928
190,Registeel,0.02842,149,0.175,101,0.179
191,Manectric-Mega,0.02837,587,0.691,417,0.740
192,Amoonguss,0.02771,411,0.484,257,0.456
193,Kabutops,0.02769,128,0.151,97,0.172
194,Jolteon,0.02733,2309,2.718,1533,2.719
195,Meloetta,0.02680,124,0.146,74,0.131
196,Braviary,0.02610,286,0.337,177,0.314
197,Reuniclus,0.02610,166,0.195,99,0.176
198,Sceptile,0.02595,1954,2.300,1200,2.128
199,Kingdra,0.02524,1254,1.476,870,1.543
200,Nidoking,0.02488,539,0.634,366,0.649
201,Slowking,0.02454,348,0.410,216,0.383
202,Entei,0.02409,336,0.395,224,0.397
203,Gothorita,0.02402,36,0.042,31,0.055
204,Pikachu,0.02331,1453,1.710,969,1.718
205,Suicune,0.02268,387,0.456,249,0.442
206,Slurpuff,0.02205,427,0.503,245,0.434
207,Ivysaur,0.02197,33,0.039,21,0.037
208,Lucario,0.02182,1512,1.780,992,1.759
209,Zangoose,0.02166,271,0.319,172,0.305
210,Crobat,0.02144,1242,1.462,845,1.499
211,Golurk,0.02132,353,0.415,260,0.461
212,Florges,0.02110,585,0.689,341,0.605
213,Staraptor,0.02105,1853,2.181,1252,2.220
214,Manaphy,0.02051,332,0.391,211,0.374
215,Zygarde,0.02045,402,0.473,240,0.426
216,Absol,0.02036,358,0.421,234,0.415
217,Alakazam-Mega,0.01960,997,1.174,655,1.162
218,Avalugg,0.01950,356,0.419,202,0.358
219,Politoed,0.01944,702,0.826,544,0.965
220,Tangrowth,0.01896,281,0.331,161,0.286
221,Dusclops,0.01891,340,0.400,210,0.372
222,Omastar,0.01860,307,0.361,175,0.310
223,Pinsir-Mega,0.01811,409,0.481,249,0.442
224,Weezing,0.01781,210,0.247,141,0.250
225,Ampharos-Mega,0.01765,659,0.776,460,0.816
226,Azelf,0.01763,258,0.304,178,0.316
227,Rhyperior,0.01742,388,0.457,264,0.468
228,Gallade,0.01702,621,0.731,407,0.722
229,Pidgeot-Mega,0.01637,794,0.935,529,0.938
230,Swampert,0.01620,1316,1.549,980,1.738
231,Arceus-Fighting,0.01596,123,0.145,85,0.151
232,Celebi,0.01596,373,0.439,274,0.486
233,Aerodactyl,0.01589,496,0.584,372,0.660
234,Slowbro,0.01536,573,0.674,386,0.685
235,Sharpedo,0.01522,294,0.346,190,0.337
236,Steelix-Mega,0.01491,337,0.397,255,0.452
237,Claydol,0.01483,174,0.205,123,0.218
238,Gligar,0.01457,84,0.099,71,0.126
239,Cresselia,0.01435,307,0.361,190,0.337
240,Yanmega,0.01428,429,0.505,298,0.528
241,Ambipom,0.01420,468,0.551,374,0.663
242,Slaking,0.01414,542,0.638,384,0.681
243,Flygon,0.01395,765,0.900,528,0.936
244,Delphox,0.01366,657,0.773,393,0.697
245,Druddigon,0.01363,199,0.234,131,0.232
246,Starmie,0.01355,776,0.913,520,0.922
247,Chatot,0.01257,147,0.173,106,0.188
248,Abomasnow-Mega,0.01220,425,0.500,271,0.481
249,Rampardos,0.01201,200,0.235,139,0.247
250,Emboar,0.01194,410,0.483,282,0.500
251,Lapras,0.01156,1256,1.478,917,1.626
252,Cinccino,0.01149,563,0.663,337,0.598
253,Banette-Mega,0.01137,322,0.379,218,0.387
254,Ninetales,0.01114,653,0.769,439,0.779
255,Raichu,0.01114,766,0.902,530,0.940
256,Cradily,0.01077,322,0.379,238,0.422
257,Tornadus-Therian,0.01076,174,0.205,116,0.206
258,Exploud,0.01074,126,0.148,83,0.147
259,Arbok,0.01045,170,0.200,95,0.168
260,Blastoise,0.01039,686,0.807,479,0.849
261,Vivillon,0.01004,252,0.297,172,0.305
262,Tyrantrum,0.00974,523,0.616,326,0.578
263,Fearow,0.00972,24,0.028,13,0.023
264,Dragalge,0.00964,191,0.225,128,0.227
265,Huntail,0.00932,129,0.152,88,0.156
266,Dusknoir,0.00921,365,0.430,269,0.477
267,Mantyke,0.00919,12,0.014,11,0.020
268,Raikou,0.00885,489,0.576,318,0.564
269,Cottonee,0.00853,66,0.078,45,0.080
270,Samurott,0.00833,390,0.459,261,0.463
271,Scrafty,0.00831,333,0.392,200,0.355
272,Roserade,0.00794,475,0.559,330,0.585
273,Clawitzer,0.00766,424,0.499,267,0.474
274,Drapion,0.00765,744,0.876,518,0.919
275,Ursaring,0.00740,219,0.258,157,0.278
276,Diggersby,0.00738,164,0.193,109,0.193
277,Scyther,0.00737,203,0.239,130,0.231
278,Rotom-Heat,0.00699,136,0.160,86,0.153
279,Torterra,0.00694,775,0.912,544,0.965
280,Stoutland,0.00694,75,0.088,58,0.103
281,Archeops,0.00689,331,0.390,206,0.365
282,Heliolisk,0.00683,419,0.493,262,0.465
283,Pangoro,0.00679,337,0.397,247,0.438
284,Gourgeist-Super,0.00669,43,0.051,26,0.046
285,Manectric,0.00653,240,0.282,150,0.266
286,Nidoqueen,0.00653,259,0.305,202,0.358
287,Heracross,0.00636,816,0.960,540,0.958
288,Kecleon,0.00618,53,0.062,40,0.071
289,Sigilyph,0.00616,345,0.406,213,0.378
290,Poliwrath,0.00601,226,0.266,164,0.291
291,Audino-Mega,0.00583,100,0.118,81,0.144
292,Bouffalant,0.00575,70,0.082,48,0.085
293,Steelix,0.00559,502,0.591,342,0.607
294,Aerodactyl-Mega,0.00541,486,0.572,320,0.568
295,Pinsir,0.00539,38,0.045,23,0.041
296,Typhlosion,0.00531,1198,1.410,868,1.539
297,Luxray,0.00509,1010,1.189,727,1.289
298,Muk,0.00507,187,0.220,106,0.188
299,Torkoal,0.00490,132,0.155,96,0.170
300,Gogoat,0.00484,168,0.198,111,0.197
301,Toxicroak,0.00477,495,0.583,335,0.594
302,Arceus-Psychic,0.00473,273,0.321,176,0.312
303,Ampharos,0.00469,335,0.394,217,0.385
304,Escavalier,0.00425,147,0.173,102,0.181
305,Emolga,0.00423,74,0.087,58,0.103
306,Raticate,0.00419,146,0.172,105,0.186
307,Arceus-Ice,0.00415,91,0.107,49,0.087
308,Ariados,0.00413,206,0.242,164,0.291
309,Honchkrow,0.00392,385,0.453,261,0.463
310,Kingler,0.00384,42,0.049,28,0.050
311,Magnemite,0.00379,118,0.139,76,0.135
312,Miltank,0.00377,512,0.603,385,0.683
313,Spiritomb,0.00372,235,0.277,155,0.275
314,Flareon,0.00367,244,0.287,162,0.287
315,Hitmonchan,0.00356,339,0.399,238,0.422
316,Gigalith,0.00344,196,0.231,139,0.247
317,Houndoom-Mega,0.00337,613,0.722,429,0.761
318,Primeape,0.00323,100,0.118,69,0.122
319,Crustle,0.00303,349,0.411,236,0.419
320,Virizion,0.00302,91,0.107,53,0.094
321,Tauros,0.00300,129,0.152,86,0.153
322,Hitmonlee,0.00298,302,0.355,190,0.337
323,Electrode,0.00298,78,0.092,64,0.114
324,Hariyama,0.00297,161,0.190,105,0.186
325,Walrein,0.00297,162,0.191,109,0.193
326,Armaldo,0.00292,267,0.314,176,0.312
327,Seismitoad,0.00289,177,0.208,110,0.195
328,Vileplume,0.00285,91,0.107,59,0.105
329,Pineco,0.00283,35,0.041,30,0.053
330,Regice,0.00281,338,0.398,187,0.332
331,Jynx,0.00275,104,0.122,64,0.114
332,Hitmontop,0.00265,210,0.247,161,0.286
333,Cobalion,0.00262,119,0.140,76,0.135
334,Alomomola,0.00262,38,0.045,24,0.043
335,Solosis,0.00261,11,0.013,6,0.011
336,Murkrow,0.00258,25,0.029,18,0.032
337,Doublade,0.00257,138,0.162,110,0.195
338,Lilligant,0.00248,142,0.167,75,0.133
339,Kyurem,0.00241,101,0.119,66,0.117
340,Hippopotas,0.00240,52,0.061,40,0.071
341,Glaceon,0.00228,360,0.424,202,0.358
342,Exeggutor,0.00227,299,0.352,193,0.342
343,Swellow,0.00226,369,0.434,263,0.466
344,Glalie-Mega,0.00221,208,0.245,149,0.264
345,Crawdaunt,0.00199,559,0.658,344,0.610
346,Aurorus,0.00193,206,0.242,146,0.259
347,Bellossom,0.00193,13,0.015,9,0.016
348,Klinklang,0.00193,62,0.073,46,0.082
349,Leafeon,0.00192,355,0.418,238,0.422
350,Moltres,0.00191,284,0.334,177,0.314
351,Camerupt,0.00190,87,0.102,57,0.101
352,Lanturn,0.00188,155,0.182,108,0.192
353,Accelgor,0.00181,156,0.184,116,0.206
354,Delcatty,0.00177,59,0.069,42,0.074
355,Articuno,0.00175,454,0.534,294,0.521
356,Shaymin,0.00173,70,0.082,42,0.074
357,Shiftry,0.00170,129,0.152,90,0.160
358,Combusken,0.00163,49,0.058,41,0.073
359,Clamperl,0.00156,19,0.022,12,0.021
360,Regigigas,0.00148,292,0.344,201,0.356
361,Xatu,0.00146,68,0.080,39,0.069
362,Floatzel,0.00139,266,0.313,189,0.335
363,Sandslash,0.00134,88,0.104,76,0.135
364,Meowstic,0.00128,221,0.260,145,0.257
365,Bastiodon,0.00126,78,0.092,61,0.108
366,Sharpedo-Mega,0.00121,398,0.468,273,0.484
367,Magikarp,0.00120,171,0.201,107,0.190
368,Mienshao,0.00117,310,0.365,204,0.362
369,Houndoom,0.00114,319,0.375,197,0.349
370,Leavanny,0.00112,153,0.180,95,0.168
371,Magneton,0.00110,51,0.060,27,0.048
372,Togetic,0.00108,74,0.087,55,0.098
373,Linoone,0.00107,61,0.072,32,0.057
374,Noibat,0.00105,7,0.008,6,0.011
375,Lickilicky,0.00104,81,0.095,55,0.098
376,Starly,0.00101,38,0.045,25,0.044
377,Meganium,0.00100,216,0.254,148,0.262
378,Vanilluxe,0.00098,55,0.065,35,0.062
379,Riolu,0.00095,31,0.036,26,0.046
380,Unown,0.00094,17,0.020,15,0.027
381,Whiscash,0.00091,51,0.060,34,0.060
382,Musharna,0.00088,47,0.055,31,0.055
383,Pidgeot,0.00087,204,0.240,140,0.248
384,Magmar,0.00087,26,0.031,17,0.030
385,Mawile,0.00084,154,0.181,104,0.184
386,Mothim,0.00081,2,0.002,2,0.004
387,Dodrio,0.00080,106,0.125,65,0.115
388,Mismagius,0.00080,247,0.291,191,0.339
389,Gourgeist,0.00078,17,0.020,15,0.027
390,Abomasnow,0.00078,142,0.167,97,0.172
391,Kirlia,0.00077,22,0.026,21,0.037
392,Minun,0.00075,39,0.046,30,0.053
393,Maractus,0.00074,24,0.028,21,0.037
394,Tornadus,0.00074,61,0.072,33,0.059
395,Swanna,0.00073,79,0.093,60,0.106
396,Altaria,0.00071,134,0.158,95,0.168
397,Ponyta,0.00065,15,0.018,7,0.012
398,Castform,0.00064,68,0.080,56,0.099
399,Arceus-Bug,0.00060,62,0.073,34,0.060
400,Barbaracle,0.00059,129,0.152,76,0.135
401,Granbull,0.00058,103,0.121,81,0.144
402,Carbink,0.00054,51,0.060,40,0.071
403,Regirock,0.00053,177,0.208,122,0.216
404,Uxie,0.00051,124,0.146,76,0.135
405,Sawsbuck,0.00047,36,0.042,25,0.044
406,Porygon,0.00047,32,0.038,30,0.053
407,Mantine,0.00047,44,0.052,30,0.053
408,Onix,0.00047,98,0.115,80,0.142
409,Graveler,0.00046,22,0.026,18,0.032
410,Kangaskhan,0.00045,84,0.099,57,0.101
411,Poliwhirl,0.00044,14,0.016,9,0.016
412,Servine,0.00044,10,0.012,4,0.007
413,Krokorok,0.00044,8,0.009,5,0.009
414,Pyroar,0.00044,176,0.207,131,0.232
415,Seaking,0.00043,43,0.051,26,0.046
416,Dedenne,0.00042,64,0.075,51,0.090
417,Pichu,0.00039,22,0.026,19,0.034
418,Metang,0.00035,3,0.004,2,0.004
419,Larvitar,0.00035,3,0.004,2,0.004
420,Phione,0.00035,6,0.007,5,0.009
421,Wailord,0.00034,104,0.122,82,0.145
422,Marowak,0.00031,244,0.287,178,0.316
423,Carracosta,0.00029,254,0.299,161,0.286
424,Omanyte,0.00028,7,0.008,7,0.012
425,Chimecho,0.00028,7,0.008,6,0.011
426,Rotom,0.00028,92,0.108,65,0.115
427,Squirtle,0.00028,58,0.068,46,0.082
428,Dustox,0.00027,24,0.028,9,0.016
429,Sawk,0.00026,158,0.186,125,0.222
430,Magmortar,0.00025,300,0.353,192,0.341
431,Furfrou,0.00024,55,0.065,43,0.076
432,Timburr,0.00024,4,0.005,3,0.005
433,Seviper,0.00023,114,0.134,106,0.188
434,Gorebyss,0.00022,92,0.108,48,0.085
435,Camerupt-Mega,0.00022,143,0.168,105,0.186
436,Illumise,0.00021,11,0.013,11,0.020
437,Tropius,0.00020,65,0.077,39,0.069
438,Rotom-Mow,0.00019,59,0.069,35,0.062
439,Noctowl,0.00019,252,0.297,159,0.282
440,Masquerain,0.00019,92,0.108,53,0.094
441,Zebstrika,0.00018,102,0.120,72,0.128
442,Aromatisse,0.00018,66,0.078,38,0.067
443,Cryogonal,0.00016,144,0.169,78,0.138
444,Wartortle,0.00015,61,0.072,46,0.082
445,Beheeyem,0.00015,37,0.044,23,0.041
446,Beedrill,0.00014,44,0.052,21,0.037
447,Floette,0.00014,8,0.009,7,0.012
448,Fennekin,0.00013,23,0.027,18,0.032
449,Kadabra,0.00012,11,0.013,6,0.011
450,Chikorita,0.00012,16,0.019,10,0.018
451,Wailmer,0.00012,7,0.008,6,0.011
452,Gabite,0.00012,13,0.015,8,0.014
453,Electabuzz,0.00012,31,0.036,23,0.041
454,Garbodor,0.00011,21,0.025,16,0.028
455,Dewott,0.00011,34,0.040,19,0.034
456,Farfetch'd,0.00011,18,0.021,11,0.020
457,Dunsparce,0.00011,59,0.069,47,0.083
458,Rhydon,0.00011,103,0.121,72,0.128
459,Butterfree,0.00011,237,0.279,199,0.353
460,Medicham,0.00011,162,0.191,103,0.183
461,Cubone,0.00010,10,0.012,6,0.011
462,Sandile,0.00009,7,0.008,7,0.012
463,Qwilfish,0.00009,13,0.015,13,0.023
464,Liepard,0.00009,155,0.182,119,0.211
465,Zorua,0.00008,23,0.027,8,0.014
466,Spinda,0.00008,24,0.028,19,0.034
467,Audino,0.00008,38,0.045,23,0.041
468,Spinarak,0.00007,9,0.011,7,0.012
469,Dwebble,0.00007,2,0.002,2,0.004
470,Hypno,0.00007,32,0.038,27,0.048
471,Ferroseed,0.00007,5,0.006,5,0.009
472,Sudowoodo,0.00007,63,0.074,47,0.083
473,Beartic,0.00007,66,0.078,50,0.089
474,Machoke,0.00007,6,0.007,3,0.005
475,Girafarig,0.00006,44,0.052,25,0.044
476,Bidoof,0.00006,40,0.047,32,0.057
477,Stantler,0.00006,8,0.009,8,0.014
478,Unfezant,0.00006,190,0.224,116,0.206
479,Jigglypuff,0.00006,31,0.036,27,0.048
480,Skrelp,0.00006,4,0.005,3,0.005
481,Dewgong,0.00006,30,0.035,23,0.041
482,Tirtouga,0.00006,3,0.004,2,0.004
483,Lopunny,0.00005,67,0.079,43,0.076
484,Skuntank,0.00005,28,0.033,23,0.041
485,Persian,0.00005,94,0.111,75,0.133
486,Cherrim,0.00005,5,0.006,4,0.007
487,Rhyhorn,0.00005,5,0.006,5,0.009
488,Throh,0.00005,17,0.020,11,0.020
489,Jumpluff,0.00004,29,0.034,26,0.046
490,Wynaut,0.00004,19,0.022,16,0.028
491,Seadra,0.00004,12,0.014,8,0.014
492,Treecko,0.00004,24,0.028,13,0.023
493,Sneasel,0.00004,16,0.019,7,0.012
494,Lampent,0.00004,16,0.019,12,0.021
495,Purugly,0.00004,24,0.028,21,0.037
496,Victreebel,0.00004,176,0.207,113,0.200
497,Cacturne,0.00004,95,0.112,64,0.114
498,Panpour,0.00003,12,0.014,9,0.016
499,Rufflet,0.00003,6,0.007,3,0.005
500,Fletchling,0.00003,8,0.009,4,0.007
501,Haunter,0.00003,35,0.041,21,0.037
502,Shuppet,0.00003,2,0.002,1,0.002
503,Foongus,0.00003,4,0.005,3,0.005
504,Mienfoo,0.00003,3,0.004,1,0.002
505,Wormadam-Sandy,0.00003,1,0.001,1,0.002
506,Grumpig,0.00003,19,0.022,17,0.030
507,Pachirisu,0.00003,54,0.064,39,0.069
508,Pumpkaboo,0.00003,3,0.004,3,0.005
509,Joltik,0.00003,2,0.002,2,0.004
510,Rotom-Fan,0.00003,47,0.055,27,0.048
511,Eevee,0.00002,66,0.078,40,0.071
512,Rapidash,0.00002,86,0.101,55,0.098
513,Parasect,0.00002,59,0.069,41,0.073
514,Rotom-Frost,0.00002,59,0.069,35,0.062
515,Bulbasaur,0.00002,32,0.038,25,0.044
516,Kakuna,0.00002,8,0.009,7,0.012
517,Wigglytuff,0.00002,47,0.055,35,0.062
518,Stunfisk,0.00002,23,0.027,16,0.028
519,Sunkern,0.00002,2,0.002,0,0.000
520,Delibird,0.00002,7,0.008,6,0.011
521,Caterpie,0.00002,82,0.097,65,0.115
522,Basculin,0.00002,9,0.011,9,0.016
523,Lairon,0.00002,20,0.024,11,0.020
524,Bunnelby,0.00002,11,0.013,7,0.012
525,Sunflora,0.00002,30,0.035,14,0.025
526,Spritzee,0.00002,3,0.004,2,0.004
527,Mightyena,0.00002,71,0.084,46,0.082
528,Mesprit,0.00002,12,0.014,7,0.012
529,Plusle,0.00002,18,0.021,12,0.021
530,Marshtomp,0.00001,10,0.012,8,0.014
531,Croagunk,0.00001,3,0.004,3,0.005
532,Frogadier,0.00001,94,0.111,85,0.151
533,Swoobat,0.00001,121,0.142,71,0.126
534,Minccino,0.00001,18,0.021,10,0.018
535,Braixen,0.00001,26,0.031,16,0.028
536,Monferno,0.00001,7,0.008,6,0.011
537,Nincada,0.00001,6,0.007,5,0.009
538,Ralts,0.00001,4,0.005,3,0.005
539,Skiddo,0.00001,1,0.001,1,0.002
540,Duskull,0.00001,19,0.022,17,0.030
541,Baltoy,0.00001,41,0.048,38,0.067
542,Kricketot,0.00001,3,0.004,3,0.005
543,Pignite,0.00001,40,0.047,19,0.034
544,Pancham,0.00001,11,0.013,7,0.012
545,Bayleef,0.00001,27,0.032,20,0.035
546,Weedle,0.00001,12,0.014,9,0.016
547,Roselia,0.00001,32,0.038,29,0.051
548,Cherubi,0.00001,4,0.005,3,0.005
549,Clefairy,0.00001,27,0.032,21,0.037
550,Scraggy,0.00001,2,0.002,2,0.004
551,Watchog,0.00001,57,0.067,26,0.046
552,Simisear,0.00001,18,0.021,14,0.025
553,Taillow,0.00001,48,0.056,31,0.055
554,Munchlax,0.00001,33,0.039,24,0.043
555,Beautifly,0.00000,75,0.088,48,0.085
556,Octillery,0.00000,21,0.025,10,0.018
557,Magcargo,0.00000,57,0.067,47,0.083
558,Axew,0.00000,4,0.005,4,0.007
559,Dragonair,0.00000,92,0.108,63,0.112
560,Pelipper,0.00000,84,0.099,58,0.103
561,Golbat,0.00000,27,0.032,14,0.025
562,Koffing,0.00000,5,0.006,3,0.005
563,Phanpy,0.00000,3,0.004,2,0.004
564,Relicanth,0.00000,20,0.024,13,0.023
565,Diglett,0.00000,12,0.014,12,0.021
566,Togepi,0.00000,7,0.008,3,0.005
567,Furret,0.00000,69,0.081,51,0.090
568,Tangela,0.00000,13,0.015,9,0.016
569,Nidorino,0.00000,10,0.012,6,0.011
570,Doduo,0.00000,7,0.008,5,0.009
571,Charmeleon,0.00000,12,0.014,8,0.014
572,Banette,0.00000,40,0.047,30,0.053
573,Swalot,0.00000,26,0.031,21,0.037
574,Simisage,0.00000,19,0.022,12,0.021
575,Pansear,0.00000,18,0.021,16,0.028
576,Buneary,0.00000,18,0.021,15,0.027
577,Deino,0.00000,11,0.013,8,0.014
578,Flabebe,0.00000,5,0.006,5,0.009
579,Zubat,0.00000,4,0.005,4,0.007
580,Trubbish,0.00000,15,0.018,14,0.025
581,Hoppip,0.00000,12,0.014,11,0.020
582,Glalie,0.00000,55,0.065,31,0.055
583,Palpitoad,0.00000,19,0.022,11,0.020
584,Pawniard,0.00000,8,0.009,6,0.011
585,Snivy,0.00000,57,0.067,36,0.064
586,Vespiquen,0.00000,56,0.066,20,0.035
587,Shellos,0.00000,2,0.002,2,0.004
588,Honedge,0.00000,11,0.013,10,0.018
589,Ledian,0.00000,20,0.024,9,0.016
590,Buizel,0.00000,84,0.099,60,0.106
591,Gastly,0.00000,12,0.014,11,0.020
592,Yamask,0.00000,8,0.009,5,0.009
593,Carnivine,0.00000,9,0.011,7,0.012
594,Metapod,0.00000,11,0.013,10,0.018
595,Cascoon,0.00000,4,0.005,4,0.007
596,Silcoon,0.00000,2,0.002,2,0.004
597,Flaaffy,0.00000,2,0.002,1,0.002
598,Magby,0.00000,7,0.008,4,0.007
599,Exeggcute,0.00000,8,0.009,4,0.007
600,Vanillish,0.00000,1,0.001,1,0.002
601,Sealeo,0.00000,1,0.001,1,0.002
602,Nuzleaf,0.00000,5,0.006,4,0.007
603,Krabby,0.00000,2,0.002,2,0.004
604,Shellder,0.00000,1,0.001,1,0.002
605,Gurdurr,0.00000,1,0.001,1,0.002
606,Pansage,0.00000,16,0.019,11,0.020
607,Roggenrola,0.00000,5,0.006,5,0.009
608,Oshawott,0.00000,26,0.031,21,0.037
609,Tepig,0.00000,5,0.006,1,0.002
610,Quilava,0.00000,59,0.069,45,0.080
611,Froakie,0.00000,19,0.022,14,0.025
612,Quilladin,0.00000,7,0.008,5,0.009
613,Corsola,0.00000,7,0.008,6,0.011
614,Shelgon,0.00000,8,0.009,7,0.012
615,Vibrava,0.00000,7,0.008,4,0.007
616,Lunatone,0.00000,29,0.034,16,0.028
617,Natu,0.00000,1,0.001,0,0.000
618,Gible,0.00000,18,0.021,11,0.020
619,Staravia,0.00000,13,0.015,6,0.011
620,Heatmor,0.00000,13,0.015,7,0.012
621,Fletchinder,0.00000,6,0.007,5,0.009
622,Grovyle,0.00000,12,0.014,8,0.014
623,Swinub,0.00000,3,0.004,3,0.005
624,Woobat,0.00000,1,0.001,0,0.000
625,Machop,0.00000,4,0.005,3,0.005
626,Frillish,0.00000,53,0.062,47,0.083
627,Amaura,0.00000,8,0.009,5,0.009
628,Chespin,0.00000,10,0.012,6,0.011
629,Cyndaquil,0.00000,8,0.009,7,0.012
630,Totodile,0.00000,16,0.019,15,0.027
631,Hoothoot,0.00000,2,0.002,2,0.004
632,Houndour,0.00000,5,0.006,4,0.007
633,Kabuto,0.00000,1,0.001,0,0.000
634,Pumpkaboo-Super,0.00000,1,0.001,1,0.002
635,Darumaka,0.00000,1,0.001,1,0.002
636,Lombre,0.00000,4,0.005,2,0.004
637,Numel,0.00000,3,0.004,3,0.005
638,Mime Jr.,0.00000,16,0.019,14,0.025
639,NidoranF,0.00000,6,0.007,5,0.009
640,NidoranM,0.00000,8,0.009,7,0.012
641,Goomy,0.00000,6,0.007,4,0.007
642,Feebas,0.00000,5,0.006,5,0.009
643,Tranquill,0.00000,16,0.019,11,0.020
644,Croconaw,0.00000,13,0.015,13,0.023
645,Paras,0.00000,1,0.001,0,0.000
646,Herdier,0.00000,2,0.002,1,0.002
647,Corphish,0.00000,26,0.031,17,0.030
648,Charmander,0.00000,35,0.041,22,0.039
649,Luvdisc,0.00000,57,0.067,38,0.067
650,Duosion,0.00000,4,0.005,4,0.007
651,Boldore,0.00000,8,0.009,4,0.007
652,Voltorb,0.00000,6,0.007,1,0.002
653,Tyrogue,0.00000,1,0.001,0,0.000
654,Pidove,0.00000,2,0.002,2,0.004
655,Pidgey,0.00000,3,0.004,3,0.005
656,Beldum,0.00000,1,0.001,1,0.002
657,Gourgeist-Small,0.00000,3,0.004,2,0.004
658,Poochyena,0.00000,2,0.002,2,0.004
659,Torchic,0.00000,5,0.006,5,0.009
660,Drowzee,0.00000,15,0.018,13,0.023
661,Kricketune,0.00000,28,0.033,17,0.030
662,Abra,0.00000,11,0.013,7,0.012
663,Aipom,0.00000,25,0.029,10,0.018
664,Pupitar,0.00000,4,0.005,4,0.007
665,Vulpix,0.00000,4,0.005,3,0.005
666,Nidorina,0.00000,1,0.001,1,0.002
667,Turtwig,0.00000,6,0.007,6,0.011
668,Spewpa,0.00000,3,0.004,3,0.005
669,Vigoroth,0.00000,29,0.034,16,0.028
670,Simipour,0.00000,12,0.014,7,0.012
671,Phantump,0.00000,1,0.001,1,0.002
672,Cleffa,0.00000,4,0.005,4,0.007
673,Larvesta,0.00000,5,0.006,2,0.004
674,Piplup,0.00000,5,0.006,3,0.005
675,Igglybuff,0.00000,5,0.006,2,0.004
676,Mankey,0.00000,4,0.005,4,0.007
677,Pidgeotto,0.00000,2,0.002,2,0.004
678,Lickitung,0.00000,1,0.001,0,0.000
679,Luxio,0.00000,2,0.002,1,0.002
680,Skorupi,0.00000,3,0.004,3,0.005
681,Spheal,0.00000,2,0.002,1,0.002
682,Snubbull,0.00000,1,0.001,1,0.002
683,Whismur,0.00000,1,0.001,1,0.002
684,Slowpoke,0.00000,2,0.002,2,0.004
685,Zigzagoon,0.00000,5,0.006,3,0.005
686,Wurmple,0.00000,4,0.005,3,0.005
687,Wooper,0.00000,3,0.004,2,0.004
688,Eelektrik,0.00000,2,0.002,1,0.002
689,Bagon,0.00000,3,0.004,3,0.005
690,Cacnea,0.00000,2,0.002,2,0.004
691,Seedot,0.00000,1,0.001,1,0.002
692,Swirlix,0.00000,3,0.004,2,0.004
693,Piloswine,0.00000,29,0.034,20,0.035
694,Bibarel,0.00000,2,0.002,2,0.004
695,Whirlipede,0.00000,3,0.004,2,0.004
696,Zweilous,0.00000,2,0.002,1,0.002
697,Goldeen,0.00000,1,0.001,0,0.000
698,Weepinbell,0.00000,2,0.002,1,0.002
699,Venonat,0.00000,1,0.001,1,0.002
700,Psyduck,0.00000,4,0.005,3,0.005
701,Prinplup,0.00000,7,0.008,6,0.011
702,Mareep,0.00000,1,0.001,0,0.000
703,Horsea,0.00000,1,0.001,0,0.000
704,Mudkip,0.00000,3,0.004,1,0.002
705,Deerling,0.00000,1,0.001,1,0.002
706,Venipede,0.00000,1,0.001,1,0.002
707,Spearow,0.00000,2,0.002,2,0.004
708,Sewaddle,0.00000,3,0.004,0,0.000
709,Chingling,0.00000,4,0.005,4,0.007
710,Spoink,0.00000,1,0.001,1,0.002
711,Blitzle,0.00000,1,0.001,1,0.002
712,Lumineon,0.00000,12,0.014,8,0.014
713,Elgyem,0.00000,1,0.001,0,0.000
714,Wormadam,0.00000,2,0.002,1,0.002
715,Ducklett,0.00000,3,0.004,3,0.005
716,Combee,0.00000,1,0.001,1,0.002
717,Dratini,0.00000,3,0.004,2,0.004
718,Golett,0.00000,1,0.001,1,0.002
719,Gloom,0.00000,2,0.002,0,0.000
720,Clauncher,0.00000,5,0.006,4,0.007
721,Geodude,0.00000,2,0.002,2,0.004
722,Swablu,0.00000,1,0.001,1,0.002
723,Chimchar,0.00000,4,0.005,3,0.005
724,Smoochum,0.00000,2,0.002,2,0.004
725,Teddiursa,0.00000,3,0.004,1,0.002
726,Drifloon,0.00000,10,0.012,9,0.016
727,Fraxure,0.00000,3,0.004,3,0.005
728,Shinx,0.00000,1,0.001,1,0.002
729,Glameow,0.00000,2,0.002,2,0.004
730,Helioptile,0.00000,2,0.002,2,0.004
731,Trapinch,0.00000,3,0.004,3,0.005
732,Sentret,0.00000,1,0.001,1,0.002
733,Snover,0.00000,1,0.001,1,0.002
734,Sliggoo,0.00000,1,0.001,0,0.000
735,Growlithe,0.00000,3,0.004,3,0.005
736,Shieldon,0.00000,2,0.002,2,0.004
737,Drilbur,0.00000,1,0.001,0,0.000
738,Gourgeist-Large,0.00000,3,0.004,2,0.004
739,Happiny,0.00000,1,0.001,0,0.000
740,Tyrunt,0.00000,2,0.002,1,0.002
741,Meowth,0.00000,5,0.006,5,0.009
742,Makuhita,0.00000,1,0.001,1,0.002
743,Shelmet,0.00000,2,0.002,2,0.004
744,Anorith,0.00000,2,0.002,0,0.000
745,Tynamo,0.00000,3,0.004,3,0.005
746,Grotle,0.00000,3,0.004,3,0.005
747,Scatterbug,0.00000,3,0.004,1,0.002
748,Vanillite,0.00000,11,0.013,10,0.018
749,Espurr,0.00000,4,0.005,1,0.002
750,Surskit,0.00000,1,0.001,0,0.000
751,Meditite,0.00000,3,0.004,2,0.004
752,Cranidos,0.00000,2,0.002,1,0.002
753,Elekid,0.00000,2,0.002,2,0.004
