 Total battles: 42479
 Avg. weight/team: 0.527
Rank,Pokemon,Usage percentage,Raw,Raw percentage,Real,Real percentage
1,Groudon-Primal,40.15526,23741,27.944,17524,31.078
2,Xerneas,29.71882,17725,20.863,11472,20.345
3,Kyogre-Primal,20.54442,13939,16.407,8845,15.686
4,Arceus,20.01628,11012,12.962,7121,12.629
5,Darkrai,19.31397,12794,15.059,8312,14.741
6,Greninja,14.90104,14307,16.840,10093,17.899
7,Lugia,14.33068,8023,9.443,5266,9.339
8,Aegislash,13.27415,10584,12.458,6676,11.840
9,Mewtwo-Mega-Y,13.13712,9054,10.657,5940,10.534
10,Yveltal,11.78474,6631,7.805,4717,8.365
11,Rayquaza,11.64731,8735,10.282,5365,9.515
12,Giratina-Origin,10.94212,6464,7.608,4501,7.982
13,Deoxys-Attack,9.39232,5557,6.541,3728,6.611
14,Blaziken-Mega,9.08342,8619,10.145,5981,10.607
15,Ho-Oh,7.77524,4504,5.301,3160,5.604
16,Kangaskhan-Mega,7.09951,4958,5.836,3654,6.480
17,Lucario-Mega,7.08232,5787,6.812,3965,7.032
18,Gengar-Mega,6.99978,4976,5.857,3338,5.920
19,Blaziken,6.84251,5418,6.377,3788,6.718
20,Salamence-Mega,6.67539,4423,5.206,2911,5.163
21,Ferrothorn,6.41243,4199,4.942,3242,5.750
22,Arceus-Ghost,5.38754,2801,3.297,1841,3.265
23,Scolipede,5.32727,3515,4.137,2974,5.274
24,Mewtwo-Mega-X,5.05848,4154,4.889,2876,5.100
25,Shaymin-Sky,4.88879,2893,3.405,1688,2.994
26,Talonflame,4.68072,4574,5.384,3039,5.390
27,Dialga,4.67537,3575,4.208,2234,3.962
28,Mewtwo,4.61489,3177,3.739,1988,3.526
29,Garchomp,4.45461,4022,4.734,2762,4.898
30,Genesect,3.97881,2591,3.050,1781,3.159
31,Dragonite,3.93333,4288,5.047,2791,4.950
32,Diancie-Mega,3.90065,2393,2.817,1907,3.382
33,Gengar,3.81790,3949,4.648,2642,4.685
34,Serperior,3.76295,3656,4.303,2391,4.240
35,Gliscor,3.74492,3829,4.507,2560,4.540
36,Mawile-Mega,3.74307,2749,3.236,1889,3.350
37,Deoxys-Speed,3.67682,2293,2.699,1933,3.428
38,Smeargle,3.54822,2457,2.892,1849,3.279
39,Espeon,3.53877,2611,3.073,1708,3.029
40,Blissey,3.46327,2085,2.454,1446,2.564
41,Palkia,3.39886,2337,2.751,1504,2.667
42,Chansey,3.23468,1936,2.279,1279,2.268
43,Cloyster,3.18864,2478,2.917,1693,3.002
44,Sableye-Mega,3.00970,2048,2.411,1548,2.745
45,Sylveon,3.00479,3114,3.665,1957,3.471
46,Kyurem-White,2.99477,2099,2.471,1211,2.148
47,Charizard-Mega-X,2.97372,4877,5.740,3266,5.792
48,Kyogre,2.92449,1680,1.977,1057,1.875
49,Giratina,2.80758,1686,1.985,1097,1.945
50,Arceus-Water,2.79145,1388,1.634,1028,1.823
51,Ninjask,2.73008,2136,2.514,1782,3.160
52,Latios,2.67416,1749,2.059,1051,1.864
53,Zekrom,2.62772,2312,2.721,1466,2.600
54,Arceus-Ground,2.53410,1217,1.432,834,1.479
55,Ditto,2.42898,1485,1.748,1027,1.821
56,Landorus-Therian,2.34747,1416,1.667,1091,1.935
57,Volcarona,2.30538,2230,2.625,1331,2.360
58,Arceus-Steel,2.27978,1271,1.496,789,1.399
59,Infernape,2.24512,2950,3.472,2067,3.666
60,Klefki,2.22466,1266,1.490,969,1.718
61,Skarmory,2.15627,1850,2.178,1399,2.481
62,Scizor,2.11674,2247,2.645,1510,2.678
63,Charizard-Mega-Y,2.10752,2909,3.424,1960,3.476
64,Umbreon,2.09769,2119,2.494,1345,2.385
65,Deoxys-Defense,2.08818,1555,1.830,1117,1.981
66,Togekiss,2.07755,2255,2.654,1500,2.660
67,Tyranitar,2.05987,2484,2.924,1702,3.018
68,Gardevoir-Mega,2.03292,2774,3.265,1766,3.132
69,Shuckle,2.02917,1624,1.912,1401,2.485
70,Sceptile-Mega,2.01850,3977,4.681,2451,4.347
71,Vaporeon,2.00322,1550,1.824,1055,1.871
72,Weavile,1.96997,2112,2.486,1381,2.449
73,Azumarill,1.94729,1805,2.125,1225,2.172
74,Forretress,1.93312,1484,1.747,1282,2.274
75,Breloom,1.86886,1840,2.166,1163,2.063
76,Arceus-Fairy,1.79313,1074,1.264,730,1.295
77,Mew,1.77868,1517,1.786,1061,1.882
78,Clefable,1.75816,1290,1.518,842,1.493
79,Gardevoir,1.75373,2084,2.453,1345,2.385
80,Jolteon,1.72662,2309,2.718,1533,2.719
81,Scizor-Mega,1.71944,1545,1.819,973,1.726
82,Hoopa-Unbound,1.71481,1486,1.749,929,1.648
83,Excadrill,1.65002,1385,1.630,903,1.601
84,Wobbuffet,1.56621,1149,1.352,814,1.444
85,Milotic,1.56405,1693,1.993,1115,1.977
86,Metagross-Mega,1.51736,1967,2.315,1241,2.201
87,Gyarados,1.45901,1615,1.901,1067,1.892
88,Salamence,1.41302,2017,2.374,1191,2.112
89,Bisharp,1.40446,2013,2.369,1288,2.284
90,Metagross,1.38316,1770,2.083,1150,2.039
91,Sableye,1.35119,1048,1.234,733,1.300
92,Snorlax,1.30426,1800,2.119,1258,2.231
93,Reshiram,1.30379,1209,1.423,756,1.341
94,Chandelure,1.28111,1267,1.491,854,1.515
95,Venusaur-Mega,1.24518,1603,1.887,1089,1.931
96,Swampert-Mega,1.24463,1632,1.921,1171,2.077
97,Tyranitar-Mega,1.24387,1696,1.996,1129,2.002
98,Rotom-Wash,1.22055,1300,1.530,888,1.575
99,Groudon,1.21634,834,0.982,614,1.089
100,Lopunny-Mega,1.18190,1189,1.400,867,1.538
101,Lucario,1.18047,1512,1.780,992,1.759
102,Heracross-Mega,1.15800,1394,1.641,884,1.568
103,Kingdra,1.15782,1254,1.476,870,1.543
104,Gallade-Mega,1.14671,1787,2.103,1144,2.029
105,Staraptor,1.14260,1853,2.181,1252,2.220
106,Lapras,1.14202,1256,1.478,917,1.626
107,Arcanine,1.13847,1298,1.528,900,1.596
108,Goodra,1.12095,1561,1.837,1005,1.782
109,Victini,1.10195,908,1.069,602,1.068
110,Sceptile,1.09605,1954,2.300,1200,2.128
111,Magnezone,1.08922,1190,1.401,790,1.401
112,Arceus-Poison,1.04279,549,0.646,355,0.630
113,Typhlosion,1.04172,1198,1.410,868,1.539
114,Swampert,1.03201,1316,1.549,980,1.738
115,Hydreigon,1.02236,1588,1.869,1006,1.784
116,Jirachi,1.01607,719,0.846,442,0.784
117,Latias,0.99701,665,0.783,407,0.722
118,Hawlucha,0.99359,1360,1.601,893,1.584
119,Noivern,0.99171,1336,1.573,902,1.600
120,Heatran,0.97516,794,0.935,544,0.965
121,Haxorus,0.97044,1249,1.470,791,1.403
122,Venusaur,0.96223,1096,1.290,729,1.293
123,Landorus,0.93478,667,0.785,441,0.782
124,Krookodile,0.91584,1252,1.474,873,1.548
125,Electivire,0.91337,1506,1.773,1014,1.798
126,Gyarados-Mega,0.90851,1142,1.344,757,1.343
127,Arceus-Dragon,0.90621,727,0.856,439,0.779
128,Garchomp-Mega,0.89060,1430,1.683,950,1.685
129,Crobat,0.88910,1242,1.462,845,1.499
130,Galvantula,0.88357,992,1.168,776,1.376
131,Pikachu,0.87653,1453,1.710,969,1.718
132,Hippowdon,0.86753,689,0.811,569,1.009
133,Thundurus,0.84915,609,0.717,412,0.731
134,Beedrill-Mega,0.84914,1024,1.205,685,1.215
135,Zoroark,0.84450,1159,1.364,580,1.029
136,Charizard,0.82197,1294,1.523,874,1.550
137,Froslass,0.79808,782,0.920,597,1.059
138,Miltank,0.77681,512,0.603,385,0.683
139,Zapdos,0.75794,943,1.110,658,1.167
140,Kyurem-Black,0.75322,815,0.959,468,0.830
141,Arceus-Rock,0.74578,397,0.467,240,0.426
142,Altaria-Mega,0.73953,905,1.065,571,1.013
143,Conkeldurr,0.72202,970,1.142,632,1.121
144,Shedinja,0.71626,768,0.904,533,0.945
145,Alakazam,0.70719,892,1.050,559,0.991
146,Starmie,0.69680,776,0.913,520,0.922
147,Feraligatr,0.69626,995,1.171,718,1.273
148,Slowbro,0.67874,573,0.674,386,0.685
149,Cofagrigus,0.64791,484,0.570,342,0.607
150,Whimsicott,0.63936,547,0.644,336,0.596
151,Empoleon,0.63047,718,0.845,537,0.952
152,Porygon-Z,0.61710,840,0.989,579,1.027
153,Blastoise-Mega,0.61386,1157,1.362,805,1.428
154,Tentacruel,0.60878,525,0.618,380,0.674
155,Machamp,0.60482,860,1.012,556,0.986
156,Arceus-Electric,0.59512,521,0.613,330,0.585
157,Volcanion,0.59276,670,0.789,445,0.789
158,Drifblim,0.59055,378,0.445,227,0.403
159,Pidgeot-Mega,0.58620,794,0.935,529,0.938
160,Mamoswine,0.58230,656,0.772,471,0.835
161,Ambipom,0.57652,468,0.551,374,0.663
162,Keldeo,0.56113,519,0.611,354,0.628
163,Crawdaunt,0.55820,559,0.658,344,0.610
164,Politoed,0.55746,702,0.826,544,0.965
165,Alakazam-Mega,0.55713,997,1.174,655,1.162
166,Raikou,0.55693,489,0.576,318,0.564
167,Ludicolo,0.55544,600,0.706,424,0.752
168,Eelektross,0.55381,725,0.853,523,0.928
169,Aggron,0.54893,775,0.912,556,0.986
170,Thundurus-Therian,0.54743,442,0.520,272,0.482
171,Heracross,0.54420,816,0.960,540,0.958
172,Medicham-Mega,0.53227,454,0.534,313,0.555
173,Yanmega,0.53212,429,0.505,298,0.528
174,Aerodactyl,0.52322,496,0.584,372,0.660
175,Arceus-Psychic,0.51759,273,0.321,176,0.312
176,Cinccino,0.51589,563,0.663,337,0.598
177,Chesnaught,0.50460,619,0.729,401,0.711
178,Florges,0.50442,585,0.689,341,0.605
179,Steelix,0.50063,502,0.591,342,0.607
180,Donphan,0.50010,414,0.487,320,0.568
181,Gallade,0.49668,621,0.731,407,0.722
182,Drapion,0.49635,744,0.876,518,0.919
183,Porygon2,0.48930,573,0.674,355,0.630
184,Delphox,0.48781,657,0.773,393,0.697
185,Ninetales,0.48041,653,0.769,439,0.779
186,Aggron-Mega,0.47660,664,0.782,469,0.832
187,Mandibuzz,0.45198,354,0.417,240,0.426
188,Nidoking,0.44613,539,0.634,366,0.649
189,Ampharos-Mega,0.43540,659,0.776,460,0.816
190,Sigilyph,0.43305,345,0.406,213,0.378
191,Raichu,0.42227,766,0.902,530,0.940
192,Quagsire,0.41964,419,0.493,256,0.454
193,Torterra,0.41686,775,0.912,544,0.965
194,Gothitelle,0.41527,318,0.374,194,0.344
195,Jellicent,0.40888,299,0.352,200,0.355
196,Terrakion,0.40414,314,0.370,208,0.369
197,Manectric-Mega,0.40393,587,0.691,417,0.740
198,Blastoise,0.39906,686,0.807,479,0.849
199,Aerodactyl-Mega,0.39789,486,0.572,320,0.568
200,Flygon,0.38911,765,0.900,528,0.936
201,Amoonguss,0.38229,411,0.484,257,0.456
202,Luxray,0.37861,1010,1.189,727,1.289
203,Trevenant,0.36561,581,0.684,304,0.539
204,Latios-Mega,0.36360,574,0.676,367,0.651
205,Arceus-Dark,0.35775,260,0.306,156,0.277
206,Houndoom-Mega,0.35697,613,0.722,429,0.761
207,Dugtrio,0.35328,361,0.425,264,0.468
208,Deoxys,0.35223,330,0.388,203,0.360
209,Slaking,0.34512,542,0.638,384,0.681
210,Slowking,0.34451,348,0.410,216,0.383
211,Honchkrow,0.34399,385,0.453,261,0.463
212,Suicune,0.33832,387,0.456,249,0.442
213,Durant,0.33684,372,0.438,298,0.528
214,Arceus-Fire,0.33485,307,0.361,157,0.278
215,Cresselia,0.33174,307,0.361,190,0.337
216,Malamar,0.32701,514,0.605,350,0.621
217,Latias-Mega,0.32091,360,0.424,194,0.344
218,Tyrantrum,0.32058,523,0.616,326,0.578
219,Entei,0.31466,336,0.395,224,0.397
220,Bronzong,0.30830,286,0.337,227,0.403
221,Absol,0.30560,358,0.421,234,0.415
222,Marowak,0.30484,244,0.287,178,0.316
223,Roserade,0.30328,475,0.559,330,0.585
224,Zygarde,0.29620,402,0.473,240,0.426
225,Emboar,0.28589,410,0.483,282,0.500
226,Arceus-Flying,0.28563,155,0.182,104,0.184
227,Gastrodon,0.28304,392,0.461,266,0.472
228,Manaphy,0.28125,332,0.391,211,0.374
229,Nidoqueen,0.26753,259,0.305,202,0.358
230,Hitmontop,0.26723,210,0.247,161,0.286
231,Mr. Mime,0.26688,217,0.255,171,0.303
232,Aron,0.25856,255,0.300,163,0.289
233,Dusknoir,0.25533,365,0.430,269,0.477
234,Ampharos,0.25411,335,0.394,217,0.385
235,Swellow,0.25121,369,0.434,263,0.466
236,Pinsir-Mega,0.25031,409,0.481,249,0.442
237,Slurpuff,0.25014,427,0.503,245,0.434
238,Toxicroak,0.24991,495,0.583,335,0.594
239,Arceus-Grass,0.24916,238,0.280,126,0.223
240,Absol-Mega,0.24791,395,0.465,271,0.481
241,Venomoth,0.24786,253,0.298,209,0.371
242,Celebi,0.24606,373,0.439,274,0.486
243,Heliolisk,0.24583,419,0.493,262,0.465
244,Hitmonlee,0.24468,302,0.355,190,0.337
245,Crustle,0.24334,349,0.411,236,0.419
246,Tangrowth,0.24307,281,0.331,161,0.286
247,Azelf,0.23898,258,0.304,178,0.316
248,Golduck,0.23892,287,0.338,208,0.369
249,Rattata,0.23104,270,0.318,209,0.371
250,Darmanitan,0.22954,311,0.366,209,0.371
251,Abomasnow-Mega,0.22833,425,0.500,271,0.481
252,Medicham,0.22807,162,0.191,103,0.183
253,Articuno,0.22728,454,0.534,294,0.521
254,Cradily,0.22702,322,0.379,238,0.422
255,Exeggutor,0.22687,299,0.352,193,0.342
256,Rhyperior,0.22352,388,0.457,264,0.468
257,Steelix-Mega,0.22350,337,0.397,255,0.452
258,Weezing,0.22214,210,0.247,141,0.250
259,Dusclops,0.22159,340,0.400,210,0.372
260,Vivillon,0.22143,252,0.297,172,0.305
261,Golurk,0.21939,353,0.415,260,0.461
262,Nosepass,0.21610,150,0.177,106,0.188
263,Mismagius,0.21322,247,0.291,191,0.339
264,Sharpedo-Mega,0.21076,398,0.468,273,0.484
265,Probopass,0.20453,195,0.230,124,0.220
266,Banette-Mega,0.20293,322,0.379,218,0.387
267,Avalugg,0.20038,356,0.419,202,0.358
268,Omastar,0.19559,307,0.361,175,0.310
269,Houndoom,0.19311,319,0.375,197,0.349
270,Spiritomb,0.19016,235,0.277,155,0.275
271,Braviary,0.18812,286,0.337,177,0.314
272,Scrafty,0.18451,333,0.392,200,0.355
273,Regigigas,0.18325,292,0.344,201,0.356
274,Slowbro-Mega,0.18177,237,0.279,158,0.280
275,Arceus-Fighting,0.18114,123,0.145,85,0.151
276,Mienshao,0.17842,310,0.365,204,0.362
277,Victreebel,0.17541,176,0.207,113,0.200
278,Ursaring,0.17155,219,0.258,157,0.278
279,Manectric,0.17001,240,0.282,150,0.266
280,Tornadus-Therian,0.16996,174,0.205,116,0.206
281,Regice,0.16835,338,0.398,187,0.332
282,Moltres,0.16829,284,0.334,177,0.314
283,Poliwrath,0.16436,226,0.266,164,0.291
284,Accelgor,0.16409,156,0.184,116,0.206
285,Sharpedo,0.16152,294,0.346,190,0.337
286,Pangoro,0.16139,337,0.397,247,0.438
287,Samurott,0.15754,390,0.459,261,0.463
288,Glaceon,0.15525,360,0.424,202,0.358
289,Gogoat,0.15341,168,0.198,111,0.197
290,Chatot,0.15071,147,0.173,106,0.188
291,Leafeon,0.15069,355,0.418,238,0.422
292,Registeel,0.15019,149,0.175,101,0.179
293,Scyther,0.14831,203,0.239,130,0.231
294,Solrock,0.14780,98,0.115,58,0.103
295,Zangoose,0.14713,271,0.319,172,0.305
296,Arbok,0.14649,170,0.200,95,0.168
297,Dragalge,0.14627,191,0.225,128,0.227
298,Clawitzer,0.14618,424,0.499,267,0.474
299,Seismitoad,0.14577,177,0.208,110,0.195
300,Magmortar,0.14409,300,0.353,192,0.341
301,Armaldo,0.14133,267,0.314,176,0.312
302,Lilligant,0.14033,142,0.167,75,0.133
303,Magnemite,0.14010,118,0.139,76,0.135
304,Floatzel,0.13946,266,0.313,189,0.335
305,Gligar,0.13937,84,0.099,71,0.126
306,Golem,0.13922,234,0.275,182,0.323
307,Huntail,0.13868,129,0.152,88,0.156
308,Carracosta,0.13862,254,0.299,161,0.286
309,Doublade,0.13701,138,0.162,110,0.195
310,Meloetta,0.13510,124,0.146,74,0.131
311,Hitmonchan,0.13092,339,0.399,238,0.422
312,Glalie-Mega,0.12940,208,0.245,149,0.264
313,Volbeat,0.12794,171,0.201,86,0.153
314,Diggersby,0.12780,164,0.193,109,0.193
315,Lanturn,0.12737,155,0.182,108,0.192
316,Claydol,0.12731,174,0.205,123,0.218
317,Gigalith,0.12725,196,0.231,139,0.247
318,Archeops,0.12573,331,0.390,206,0.365
319,Ariados,0.12530,206,0.242,164,0.291
320,Reuniclus,0.12501,166,0.195,99,0.176
321,Cottonee,0.12369,66,0.078,45,0.080
322,Kabutops,0.11938,128,0.151,97,0.172
323,Leavanny,0.11541,153,0.180,95,0.168
324,Meowstic,0.11447,221,0.260,145,0.257
325,Aurorus,0.10604,206,0.242,146,0.259
326,Arceus-Ice,0.10379,91,0.107,49,0.087
327,Regirock,0.10050,177,0.208,122,0.216
328,Flareon,0.09947,244,0.287,162,0.287
329,Pidgeot,0.09902,204,0.240,140,0.248
330,Abomasnow,0.09826,142,0.167,97,0.172
331,Rampardos,0.09428,200,0.235,139,0.247
332,Raticate,0.09298,146,0.172,105,0.186
333,Rotom-Heat,0.09276,136,0.160,86,0.153
334,Virizion,0.09273,91,0.107,53,0.094
335,Liepard,0.09190,155,0.182,119,0.211
336,Diancie,0.08838,101,0.119,78,0.138
337,Torkoal,0.08809,132,0.155,96,0.170
338,Hoopa,0.08744,96,0.113,65,0.115
339,Barbaracle,0.08650,129,0.152,76,0.135
340,Walrein,0.08565,162,0.191,109,0.193
341,Meganium,0.08516,216,0.254,148,0.262
342,Druddigon,0.08341,199,0.234,131,0.232
343,Hariyama,0.08194,161,0.190,105,0.186
344,Magikarp,0.08177,171,0.201,107,0.190
345,Tauros,0.08173,129,0.152,86,0.153
346,Exploud,0.08082,126,0.148,83,0.147
347,Kyurem,0.08068,101,0.119,66,0.117
348,Muk,0.07650,187,0.220,106,0.188
349,Audino-Mega,0.07278,100,0.118,81,0.144
350,Sawk,0.06961,158,0.186,125,0.222
351,Uxie,0.06807,124,0.146,76,0.135
352,Cobalion,0.06661,119,0.140,76,0.135
353,Furret,0.06591,69,0.081,51,0.090
354,Vileplume,0.06590,91,0.107,59,0.105
355,Noctowl,0.06556,252,0.297,159,0.282
356,Wailord,0.06542,104,0.122,82,0.145
357,Taillow,0.06523,48,0.056,31,0.055
358,Stoutland,0.06522,75,0.088,58,0.103
359,Xatu,0.06310,68,0.080,39,0.069
360,Mawile,0.06193,154,0.181,104,0.184
361,Sandslash,0.06152,88,0.104,76,0.135
362,Rhydon,0.06147,103,0.121,72,0.128
363,Camerupt-Mega,0.06146,143,0.168,105,0.186
364,Altaria,0.05732,134,0.158,95,0.168
365,Bouffalant,0.05684,70,0.082,48,0.085
366,Bastiodon,0.05677,78,0.092,61,0.108
367,Pyroar,0.05575,176,0.207,131,0.232
368,Shiftry,0.05454,129,0.152,90,0.160
369,Lickilicky,0.05338,81,0.095,55,0.098
370,Arceus-Bug,0.05241,62,0.073,34,0.060
371,Shaymin,0.05220,70,0.082,42,0.074
372,Kangaskhan,0.05148,84,0.099,57,0.101
373,Escavalier,0.05135,147,0.173,102,0.181
374,Camerupt,0.05025,87,0.102,57,0.101
375,Gothorita,0.04949,36,0.042,31,0.055
376,Jynx,0.04868,104,0.122,64,0.114
377,Swanna,0.04664,79,0.093,60,0.106
378,Whiscash,0.04654,51,0.060,34,0.060
379,Primeape,0.04650,100,0.118,69,0.122
380,Pelipper,0.04627,84,0.099,58,0.103
381,Gorebyss,0.04559,92,0.108,48,0.085
382,Pineco,0.04488,35,0.041,30,0.053
383,Ivysaur,0.04454,33,0.039,21,0.037
384,Electrode,0.04318,78,0.092,64,0.114
385,Dodrio,0.04303,106,0.125,65,0.115
386,Gourgeist-Super,0.04217,43,0.051,26,0.046
387,Rotom-Mow,0.04070,59,0.069,35,0.062
388,Castform,0.04030,68,0.080,56,0.099
389,Onix,0.04023,98,0.115,80,0.142
390,Aromatisse,0.03979,66,0.078,38,0.067
391,Persian,0.03972,94,0.111,75,0.133
392,Tropius,0.03963,65,0.077,39,0.069
393,Dedenne,0.03926,64,0.075,51,0.090
394,Minun,0.03907,39,0.046,30,0.053
395,Granbull,0.03894,103,0.121,81,0.144
396,Rotom,0.03865,92,0.108,65,0.115
397,Butterfree,0.03788,237,0.279,199,0.353
398,Pinsir,0.03745,38,0.045,23,0.041
399,Togetic,0.03737,74,0.087,55,0.098
400,Unfezant,0.03726,190,0.224,116,0.206
401,Alomomola,0.03647,38,0.045,24,0.043
402,Zebstrika,0.03641,102,0.120,72,0.128
403,Vanilluxe,0.03571,55,0.065,35,0.062
404,Lopunny,0.03498,67,0.079,43,0.076
405,Hippopotas,0.03425,52,0.061,40,0.071
406,Rapidash,0.03370,86,0.101,55,0.098
407,Combusken,0.03369,49,0.058,41,0.073
408,Kingler,0.03354,42,0.049,28,0.050
409,Cacturne,0.03267,95,0.112,64,0.114
410,Bidoof,0.03259,40,0.047,32,0.057
411,Furfrou,0.03258,55,0.065,43,0.076
412,Squirtle,0.03240,58,0.068,46,0.082
413,Eevee,0.03238,66,0.078,40,0.071
414,Audino,0.03181,38,0.045,23,0.041
415,Sudowoodo,0.03173,63,0.074,47,0.083
416,Klinklang,0.03164,62,0.073,46,0.082
417,Emolga,0.03155,74,0.087,58,0.103
418,Carbink,0.03126,51,0.060,40,0.071
419,Kecleon,0.03113,53,0.062,40,0.071
420,Mightyena,0.03112,71,0.084,46,0.082
421,Beheeyem,0.02996,37,0.044,23,0.041
422,Dragonair,0.02951,92,0.108,63,0.112
423,Seviper,0.02881,114,0.134,106,0.188
424,Minccino,0.02791,18,0.021,10,0.018
425,Mantine,0.02765,44,0.052,30,0.053
426,Murkrow,0.02746,25,0.029,18,0.032
427,Dewott,0.02736,34,0.040,19,0.034
428,Swoobat,0.02692,121,0.142,71,0.126
429,Masquerain,0.02630,92,0.108,53,0.094
430,Musharna,0.02573,47,0.055,31,0.055
431,Delcatty,0.02571,59,0.069,42,0.074
432,Vigoroth,0.02467,29,0.034,16,0.028
433,Linoone,0.02445,61,0.072,32,0.057
434,Clamperl,0.02434,19,0.022,12,0.021
435,Wigglytuff,0.02404,47,0.055,35,0.062
436,Tornadus,0.02372,61,0.072,33,0.059
437,Mantyke,0.02372,12,0.014,11,0.020
438,Wartortle,0.02343,61,0.072,46,0.082
439,Starly,0.02322,38,0.045,25,0.044
440,Hypno,0.02249,32,0.038,27,0.048
441,Seaking,0.02244,43,0.051,26,0.046
442,Magneton,0.02079,51,0.060,27,0.048
443,Riolu,0.02020,31,0.036,26,0.046
444,Beartic,0.01992,66,0.078,50,0.089
445,Sunflora,0.01926,30,0.035,14,0.025
446,Beedrill,0.01914,44,0.052,21,0.037
447,Poliwhirl,0.01909,14,0.016,9,0.016
448,Glalie,0.01906,55,0.065,31,0.055
449,Rotom-Fan,0.01836,47,0.055,27,0.048
450,Watchog,0.01807,57,0.067,26,0.046
451,Lunatone,0.01793,29,0.034,16,0.028
452,Pachirisu,0.01704,54,0.064,39,0.069
453,Banette,0.01638,40,0.047,30,0.053
454,Magmar,0.01626,26,0.031,17,0.030
455,Rotom-Frost,0.01586,59,0.069,35,0.062
456,Sawsbuck,0.01582,36,0.042,25,0.044
457,Solosis,0.01580,11,0.013,6,0.011
458,Fennekin,0.01553,23,0.027,18,0.032
459,Dewgong,0.01511,30,0.035,23,0.041
460,Porygon,0.01502,32,0.038,30,0.053
461,Yamask,0.01494,8,0.009,5,0.009
462,Cryogonal,0.01484,144,0.169,78,0.138
463,Magcargo,0.01466,57,0.067,47,0.083
464,Caterpie,0.01432,82,0.097,65,0.115
465,Jigglypuff,0.01383,31,0.036,27,0.048
466,Beautifly,0.01364,75,0.088,48,0.085
467,Frogadier,0.01361,94,0.111,85,0.151
468,Vespiquen,0.01354,56,0.066,20,0.035
469,Graveler,0.01330,22,0.026,18,0.032
470,Treecko,0.01326,24,0.028,13,0.023
471,Jumpluff,0.01324,29,0.034,26,0.046
472,Dustox,0.01321,24,0.028,9,0.016
473,Fearow,0.01305,24,0.028,13,0.023
474,Girafarig,0.01278,44,0.052,25,0.044
475,Bayleef,0.01275,27,0.032,20,0.035
476,Wailmer,0.01273,7,0.008,6,0.011
477,Pichu,0.01266,22,0.026,19,0.034
478,Stunfisk,0.01259,23,0.027,16,0.028
479,Omanyte,0.01241,7,0.008,7,0.012
480,Ponyta,0.01238,15,0.018,7,0.012
481,Parasect,0.01222,59,0.069,41,0.073
482,Clefairy,0.01207,27,0.032,21,0.037
483,Wynaut,0.01180,19,0.022,16,0.028
484,Bulbasaur,0.01170,32,0.038,25,0.044
485,Farfetch'd,0.01132,18,0.021,11,0.020
486,Quilava,0.01129,59,0.069,45,0.080
487,Octillery,0.01124,21,0.025,10,0.018
488,Qwilfish,0.01114,13,0.015,13,0.023
489,Garbodor,0.01112,21,0.025,16,0.028
490,Plusle,0.01105,18,0.021,12,0.021
491,Electabuzz,0.01089,31,0.036,23,0.041
492,Gabite,0.01078,13,0.015,8,0.014
493,Chikorita,0.01066,16,0.019,10,0.018
494,Seadra,0.01063,12,0.014,8,0.014
495,Illumise,0.01058,11,0.013,11,0.020
496,Haunter,0.01057,35,0.041,21,0.037
497,Charmander,0.01014,35,0.041,22,0.039
498,Maractus,0.01012,24,0.028,21,0.037
499,Buneary,0.00998,18,0.021,15,0.027
500,Zorua,0.00982,23,0.027,8,0.014
501,Stantler,0.00960,8,0.009,8,0.014
502,Gourgeist,0.00952,17,0.020,15,0.027
503,Snivy,0.00948,57,0.067,36,0.064
504,Roselia,0.00939,32,0.038,29,0.051
505,Servine,0.00934,10,0.012,4,0.007
506,Dunsparce,0.00913,59,0.069,47,0.083
507,Simisear,0.00911,18,0.021,14,0.025
508,Kadabra,0.00899,11,0.013,6,0.011
509,Spinda,0.00863,24,0.028,19,0.034
510,Simisage,0.00859,19,0.022,12,0.021
511,Marshtomp,0.00820,10,0.012,8,0.014
512,Grumpig,0.00820,19,0.022,17,0.030
513,Purugly,0.00816,24,0.028,21,0.037
514,Braixen,0.00802,26,0.031,16,0.028
515,Skuntank,0.00789,28,0.033,23,0.041
516,Bellossom,0.00775,13,0.015,9,0.016
517,Weedle,0.00770,12,0.014,9,0.016
518,Munchlax,0.00746,33,0.039,24,0.043
519,Cubone,0.00727,10,0.012,6,0.011
520,Metapod,0.00722,11,0.013,10,0.018
521,Krokorok,0.00704,8,0.009,5,0.009
522,Psyduck,0.00703,4,0.005,3,0.005
523,Phione,0.00699,6,0.007,5,0.009
524,Throh,0.00691,17,0.020,11,0.020
525,Corsola,0.00679,7,0.008,6,0.011
526,Kirlia,0.00676,22,0.026,21,0.037
527,Luvdisc,0.00657,57,0.067,38,0.067
528,Frillish,0.00651,53,0.062,47,0.083
529,Drifloon,0.00644,10,0.012,9,0.016
530,Basculin,0.00642,9,0.011,9,0.016
531,Deino,0.00626,11,0.013,8,0.014
532,Lairon,0.00625,20,0.024,11,0.020
533,Sandile,0.00624,7,0.008,7,0.012
534,Palpitoad,0.00624,19,0.022,11,0.020
535,Baltoy,0.00619,41,0.048,38,0.067
536,Pawniard,0.00616,8,0.009,6,0.011
537,Cherrim,0.00615,5,0.006,4,0.007
538,Spinarak,0.00612,9,0.011,7,0.012
539,Buizel,0.00607,84,0.099,60,0.106
540,Bunnelby,0.00597,11,0.013,7,0.012
541,Kakuna,0.00594,8,0.009,7,0.012
542,Mesprit,0.00583,12,0.014,7,0.012
543,Ferroseed,0.00575,5,0.006,5,0.009
544,Pignite,0.00574,40,0.047,19,0.034
545,Croconaw,0.00573,13,0.015,13,0.023
546,Chimecho,0.00556,7,0.008,6,0.011
547,Floette,0.00549,8,0.009,7,0.012
548,Diglett,0.00546,12,0.014,12,0.021
549,Grovyle,0.00537,12,0.014,8,0.014
550,Gastly,0.00534,12,0.014,11,0.020
551,Froakie,0.00533,19,0.022,14,0.025
552,Unown,0.00517,17,0.020,15,0.027
553,Simipour,0.00516,12,0.014,7,0.012
554,Amaura,0.00509,8,0.009,5,0.009
555,Monferno,0.00502,7,0.008,6,0.011
556,Carnivine,0.00497,9,0.011,7,0.012
557,Honedge,0.00488,11,0.013,10,0.018
558,Charmeleon,0.00487,12,0.014,8,0.014
559,Pancham,0.00479,11,0.013,7,0.012
560,Rufflet,0.00473,6,0.007,3,0.005
561,Doduo,0.00464,7,0.008,5,0.009
562,Sneasel,0.00454,16,0.019,7,0.012
563,Noibat,0.00440,7,0.008,6,0.011
564,Tangela,0.00435,13,0.015,9,0.016
565,Quilladin,0.00431,7,0.008,5,0.009
566,Nincada,0.00423,6,0.007,5,0.009
567,Staravia,0.00422,13,0.015,6,0.011
568,Skrelp,0.00417,4,0.005,3,0.005
569,Dwebble,0.00411,2,0.002,2,0.004
570,Scatterbug,0.00409,3,0.004,1,0.002
571,Lampent,0.00403,16,0.019,12,0.021
572,Machoke,0.00400,6,0.007,3,0.005
573,Wurmple,0.00400,4,0.005,3,0.005
574,Cascoon,0.00398,4,0.005,4,0.007
575,Mothim,0.00382,2,0.002,2,0.004
576,Togepi,0.00370,7,0.008,3,0.005
577,Rhyhorn,0.00365,5,0.006,5,0.009
578,Houndour,0.00359,5,0.006,4,0.007
579,Ledian,0.00357,20,0.024,9,0.016
580,Swalot,0.00355,26,0.031,21,0.037
581,Whirlipede,0.00352,3,0.004,2,0.004
582,Croagunk,0.00351,3,0.004,3,0.005
583,Aipom,0.00349,25,0.029,10,0.018
584,Corphish,0.00343,26,0.031,17,0.030
585,Magby,0.00335,7,0.008,4,0.007
586,Delibird,0.00334,7,0.008,6,0.011
587,Spritzee,0.00331,3,0.004,2,0.004
588,Pansage,0.00326,16,0.019,11,0.020
589,Larvitar,0.00324,3,0.004,2,0.004
590,Relicanth,0.00315,20,0.024,13,0.023
591,Kricketune,0.00312,28,0.033,17,0.030
592,Chespin,0.00310,10,0.012,6,0.011
593,Vulpix,0.00293,4,0.005,3,0.005
594,Spewpa,0.00291,3,0.004,3,0.005
595,Zigzagoon,0.00288,5,0.006,3,0.005
596,Igglybuff,0.00285,5,0.006,2,0.004
597,Heatmor,0.00278,13,0.015,7,0.012
598,Totodile,0.00277,16,0.019,15,0.027
599,Timburr,0.00273,4,0.005,3,0.005
600,Phanpy,0.00272,3,0.004,2,0.004
601,Clauncher,0.00265,5,0.006,4,0.007
602,Nuzleaf,0.00262,5,0.006,4,0.007
603,Machop,0.00258,4,0.005,3,0.005
604,Mudkip,0.00258,3,0.004,1,0.002
605,Foongus,0.00257,4,0.005,3,0.005
606,Fraxure,0.00256,3,0.004,3,0.005
607,Tirtouga,0.00255,3,0.004,2,0.004
608,Meditite,0.00250,3,0.004,2,0.004
609,Piloswine,0.00246,29,0.034,20,0.035
610,Trubbish,0.00244,15,0.018,14,0.025
611,Hoppip,0.00244,12,0.014,11,0.020
612,Swirlix,0.00242,3,0.004,2,0.004
613,Pansear,0.00239,18,0.021,16,0.028
614,Mienfoo,0.00237,3,0.004,1,0.002
615,Zubat,0.00234,4,0.005,4,0.007
616,Metang,0.00233,3,0.004,2,0.004
617,Tynamo,0.00232,3,0.004,3,0.005
618,Gourgeist-Small,0.00230,3,0.004,2,0.004
619,Vibrava,0.00226,7,0.008,4,0.007
620,Cherubi,0.00225,4,0.005,3,0.005
621,Gloom,0.00223,2,0.002,0,0.000
622,Panpour,0.00208,12,0.014,9,0.016
623,Espurr,0.00205,4,0.005,1,0.002
624,Dratini,0.00203,3,0.004,2,0.004
625,Trapinch,0.00195,3,0.004,3,0.005
626,Shelgon,0.00194,8,0.009,7,0.012
627,Silcoon,0.00194,2,0.002,2,0.004
628,Sunkern,0.00190,2,0.002,0,0.000
629,Shieldon,0.00190,2,0.002,2,0.004
630,Growlithe,0.00189,3,0.004,3,0.005
631,Golbat,0.00184,27,0.032,14,0.025
632,Fletchling,0.00180,8,0.009,4,0.007
633,Meowth,0.00177,5,0.006,5,0.009
634,Feebas,0.00175,5,0.006,5,0.009
635,Pidgey,0.00173,3,0.004,3,0.005
636,Wormadam-Sandy,0.00171,1,0.001,1,0.002
637,Grotle,0.00170,3,0.004,3,0.005
638,Bibarel,0.00170,2,0.002,2,0.004
639,Larvesta,0.00170,5,0.006,2,0.004
640,Lumineon,0.00170,12,0.014,8,0.014
641,Axew,0.00165,4,0.005,4,0.007
642,Lombre,0.00165,4,0.005,2,0.004
643,Golett,0.00164,1,0.001,1,0.002
644,Venonat,0.00161,1,0.001,1,0.002
645,Kricketot,0.00157,3,0.004,3,0.005
646,Oshawott,0.00157,26,0.031,21,0.037
647,Abra,0.00154,11,0.013,7,0.012
648,Weepinbell,0.00151,2,0.002,1,0.002
649,Herdier,0.00150,2,0.002,1,0.002
650,Cyndaquil,0.00149,8,0.009,7,0.012
651,Duskull,0.00148,19,0.022,17,0.030
652,Chimchar,0.00144,4,0.005,3,0.005
653,Cranidos,0.00143,2,0.002,1,0.002
654,Pupitar,0.00143,4,0.005,4,0.007
655,Zweilous,0.00143,2,0.002,1,0.002
656,Helioptile,0.00141,2,0.002,2,0.004
657,Horsea,0.00140,1,0.001,0,0.000
658,Sliggoo,0.00135,1,0.001,0,0.000
659,Tyrunt,0.00134,2,0.002,1,0.002
660,Glameow,0.00133,2,0.002,2,0.004
661,Drilbur,0.00133,1,0.001,0,0.000
662,Joltik,0.00129,2,0.002,2,0.004
663,NidoranM,0.00126,8,0.009,7,0.012
664,Teddiursa,0.00123,3,0.004,1,0.002
665,Voltorb,0.00122,6,0.007,1,0.002
666,Koffing,0.00120,5,0.006,3,0.005
667,Mareep,0.00115,1,0.001,0,0.000
668,Krabby,0.00114,2,0.002,2,0.004
669,Boldore,0.00112,8,0.009,4,0.007
670,Ralts,0.00110,4,0.005,3,0.005
671,Shuppet,0.00110,2,0.002,1,0.002
672,Happiny,0.00109,1,0.001,0,0.000
673,Pumpkaboo,0.00109,3,0.004,3,0.005
674,Ducklett,0.00108,3,0.004,3,0.005
675,Flaaffy,0.00107,2,0.002,1,0.002
676,Slowpoke,0.00107,2,0.002,2,0.004
677,Torchic,0.00107,5,0.006,5,0.009
678,Tranquill,0.00107,16,0.019,11,0.020
679,Goomy,0.00106,6,0.007,4,0.007
680,Shellos,0.00105,2,0.002,2,0.004
681,Shellder,0.00104,1,0.001,1,0.002
682,Gurdurr,0.00104,1,0.001,1,0.002
683,Wooper,0.00101,3,0.004,2,0.004
684,Nidorino,0.00099,10,0.012,6,0.011
685,Snover,0.00095,1,0.001,1,0.002
686,Smoochum,0.00095,2,0.002,2,0.004
687,Vanillite,0.00089,11,0.013,10,0.018
688,Spearow,0.00089,2,0.002,2,0.004
689,Luxio,0.00089,2,0.002,1,0.002
690,Skorupi,0.00088,3,0.004,3,0.005
691,Spoink,0.00087,1,0.001,1,0.002
692,Makuhita,0.00087,1,0.001,1,0.002
693,Pidove,0.00086,2,0.002,2,0.004
694,Bagon,0.00086,3,0.004,3,0.005
695,Scraggy,0.00085,2,0.002,2,0.004
696,Goldeen,0.00083,1,0.001,0,0.000
697,Blitzle,0.00083,1,0.001,1,0.002
698,Elgyem,0.00083,1,0.001,0,0.000
699,Shinx,0.00083,1,0.001,1,0.002
700,Roggenrola,0.00083,5,0.006,5,0.009
701,Surskit,0.00081,1,0.001,0,0.000
702,Sentret,0.00079,1,0.001,1,0.002
703,Duosion,0.00076,4,0.005,4,0.007
704,Swablu,0.00074,1,0.001,1,0.002
705,Seedot,0.00074,1,0.001,1,0.002
706,Tyrogue,0.00074,1,0.001,0,0.000
707,Prinplup,0.00072,7,0.008,6,0.011
708,Flabebe,0.00069,5,0.006,5,0.009
709,Turtwig,0.00067,6,0.007,6,0.011
710,Cleffa,0.00064,4,0.005,4,0.007
711,Spheal,0.00060,2,0.002,1,0.002
712,Skiddo,0.00058,1,0.001,1,0.002
713,Venipede,0.00058,1,0.001,1,0.002
714,Numel,0.00055,3,0.004,3,0.005
715,Swinub,0.00055,3,0.004,3,0.005
716,Fletchinder,0.00053,6,0.007,5,0.009
717,Woobat,0.00049,1,0.001,0,0.000
718,Natu,0.00041,1,0.001,0,0.000
719,Mime Jr.,0.00040,16,0.019,14,0.025
720,Chingling,0.00039,4,0.005,4,0.007
721,Deerling,0.00036,1,0.001,1,0.002
722,Tepig,0.00035,5,0.006,1,0.002
723,Exeggcute,0.00031,8,0.009,4,0.007
724,Pumpkaboo-Super,0.00026,1,0.001,1,0.002
725,Shelmet,0.00025,2,0.002,2,0.004
726,NidoranF,0.00019,6,0.007,5,0.009
727,Hoothoot,0.00017,2,0.002,2,0.004
728,Vanillish,0.00016,1,0.001,1,0.002
729,Sealeo,0.00016,1,0.001,1,0.002
730,Beldum,0.00015,1,0.001,1,0.002
731,Gible,0.00009,18,0.021,11,0.020
732,Kabuto,0.00009,1,0.001,0,0.000
733,Combee,0.00009,1,0.001,1,0.002
734,Paras,0.00008,1,0.001,0,0.000
735,Geodude,0.00005,2,0.002,2,0.004
736,Darumaka,0.00005,1,0.001,1,0.002
737,Drowzee,0.00004,15,0.018,13,0.023
738,Eelektrik,0.00003,2,0.002,1,0.002
739,Cacnea,0.00003,2,0.002,2,0.004
740,Poochyena,0.00003,2,0.002,2,0.004
741,Piplup,0.00002,5,0.006,3,0.005
742,Phantump,0.00001,1,0.001,1,0.002
743,Nidorina,0.00000,1,0.001,1,0.002
744,Lickitung,0.00000,1,0.001,0,0.000
745,Mankey,0.00000,4,0.005,4,0.007
746,Pidgeotto,0.00000,2,0.002,2,0.004
747,Snubbull,0.00000,1,0.001,1,0.002
748,Whismur,0.00000,1,0.001,1,0.002
749,Elekid,0.00000,2,0.002,2,0.004
750,Gourgeist-Large,0.00000,3,0.004,2,0.004
751,Wormadam,0.00000,2,0.002,1,0.002
752,Anorith,0.00000,2,0.002,0,0.000
753,Sewaddle,0.00000,3,0.004,0,0.000
