 Total battles: 9365
 Avg. weight/team: 0.02
Rank,Pokemon,Usage percentage,Raw,Raw percentage,Real,Real percentage
1,Aggron-Mega,30.67384,1664,8.884,1382,9.528
2,Blissey,23.91915,1199,6.401,900,6.205
3,Donphan,21.10950,1808,9.653,1560,10.755
4,Sylveon,20.90555,2348,12.536,1805,12.444
5,Conkeldurr,20.72014,2006,10.710,1594,10.989
6,Crobat,19.25977,2285,12.200,1824,12.575
7,Suicune,17.92108,886,4.730,722,4.978
8,Forretress,16.26841,1765,9.423,1586,10.934
9,Yanmega,15.57003,781,4.170,614,4.233
10,Celebi,13.14016,834,4.453,628,4.330
11,Krookodile,12.95068,2043,10.908,1607,11.079
12,Gligar,12.25036,754,4.026,643,4.433
13,Hydreigon,11.70213,1974,10.539,1483,10.224
14,Heracross,11.54888,939,5.013,686,4.729
15,Infernape,11.01107,2098,11.201,1616,11.141
16,Alomomola,10.09056,237,1.265,195,1.344
17,Rotom-Mow,9.99306,293,1.564,240,1.655
18,Florges,9.84959,1355,7.234,1020,7.032
19,Chandelure,9.70036,2405,12.840,1817,12.527
20,Entei,9.09057,1676,8.948,1356,9.349
21,Cobalion,8.88603,677,3.615,535,3.688
22,Arcanine,8.60515,2384,12.728,1892,13.044
23,Gyarados,8.51631,1590,8.489,1253,8.638
24,Mamoswine,8.37960,1529,8.163,1260,8.687
25,Gardevoir,8.32872,1407,7.512,1062,7.322
26,Moltres,7.84833,137,0.731,117,0.807
27,Tentacruel,7.73141,1551,8.281,1283,8.845
28,Crawdaunt,7.68911,914,4.880,712,4.909
29,Beedrill-Mega,7.49003,2023,10.801,1511,10.417
30,Swampert-Mega,7.46730,803,4.287,656,4.523
31,Jellicent,7.15434,241,1.287,185,1.275
32,Porygon2,7.09073,890,4.752,665,4.585
33,Milotic,6.64901,1433,7.651,1167,8.046
34,Empoleon,6.24804,1578,8.425,1268,8.742
35,Mienshao,6.19747,676,3.609,502,3.461
36,Darmanitan,6.00678,1534,8.190,1106,7.625
37,Metagross,5.97416,1332,7.112,1044,7.198
38,Nidoking,5.88289,1112,5.937,815,5.619
39,Blastoise-Mega,5.81450,1185,6.327,989,6.818
40,Articuno,5.18315,69,0.368,53,0.365
41,Tangela,5.17836,80,0.427,53,0.365
42,Sceptile-Mega,5.14215,1661,8.868,1177,8.114
43,Steelix-Mega,5.00306,218,1.164,182,1.255
44,Cresselia,5.00175,863,4.608,672,4.633
45,Swampert,4.92649,580,3.097,517,3.564
46,Aerodactyl-Mega,4.86401,1703,9.092,1235,8.514
47,Machamp,4.84926,1351,7.213,1129,7.784
48,Fletchinder,4.71141,69,0.368,49,0.338
49,Mandibuzz,4.57032,785,4.191,643,4.433
50,Abomasnow-Mega,4.45110,224,1.196,159,1.096
51,Ampharos-Mega,4.43435,1031,5.505,762,5.253
52,Heliolisk,4.37266,799,4.266,595,4.102
53,Espeon,4.21593,1839,9.818,1360,9.376
54,Goodra,3.77684,900,4.805,667,4.598
55,Toxicroak,3.55341,726,3.876,561,3.868
56,Roserade,3.50365,1031,5.505,801,5.522
57,Masquerain,3.24311,41,0.219,31,0.214
58,Rotom-Heat,3.13848,803,4.287,657,4.529
59,Umbreon,2.99225,1444,7.710,1063,7.329
60,Flygon,2.92109,271,1.447,207,1.427
61,Feraligatr,2.91476,1283,6.850,975,6.722
62,Honchkrow,2.87662,573,3.059,438,3.020
63,Vaporeon,2.84831,1019,5.440,851,5.867
64,Porygon-Z,2.83210,1010,5.392,693,4.778
65,Lucario,2.48228,1455,7.768,1041,7.177
66,Sharpedo-Mega,2.43462,592,3.161,427,2.944
67,Absol-Mega,2.42868,1274,6.802,939,6.474
68,Houndoom-Mega,2.31612,754,4.026,571,3.937
69,Tornadus,2.07710,360,1.922,298,2.054
70,Doublade,2.07585,497,2.653,374,2.578
71,Reuniclus,1.93741,586,3.129,426,2.937
72,Galvantula,1.89071,1721,9.188,1547,10.665
73,Tyrantrum,1.82840,315,1.682,239,1.648
74,Sableye,1.71772,525,2.803,437,3.013
75,Whimsicott,1.64086,992,5.296,756,5.212
76,Shuckle,1.58682,430,2.296,368,2.537
77,Chesnaught,1.38132,1160,6.193,897,6.184
78,Nidoqueen,1.36297,550,2.936,490,3.378
79,Magneton,1.32831,429,2.290,327,2.254
80,Leafeon,1.32652,108,0.577,86,0.593
81,Cloyster,1.10078,1603,8.558,1184,8.163
82,Froslass,1.01344,308,1.644,265,1.827
83,Kyurem,0.96460,225,1.201,152,1.048
84,Quagsire,0.92970,129,0.689,103,0.710
85,Haxorus,0.92794,1159,6.188,840,5.791
86,Snorlax,0.91674,1092,5.830,815,5.619
87,Dragalge,0.70388,246,1.313,195,1.344
88,Weezing,0.69497,238,1.271,215,1.482
89,Slurpuff,0.65843,438,2.338,308,2.123
90,Kingdra,0.64868,609,3.251,476,3.282
91,Electivire,0.58874,265,1.415,194,1.337
92,Bronzong,0.55470,229,1.223,200,1.379
93,Shaymin,0.46415,538,2.872,420,2.896
94,Klefki,0.45885,724,3.865,647,4.461
95,Rhyperior,0.41489,218,1.164,177,1.220
96,Scrafty,0.39973,255,1.361,200,1.379
97,Claydol,0.39575,75,0.400,63,0.434
98,Slowking,0.39419,180,0.961,145,1.000
99,Jolteon,0.38238,873,4.661,659,4.543
100,Slaking,0.35771,97,0.518,60,0.414
101,Ludicolo,0.34992,177,0.945,135,0.931
102,Noivern,0.32883,412,2.200,297,2.048
103,Qwilfish,0.31861,105,0.561,90,0.620
104,Poliwrath,0.31844,91,0.486,80,0.552
105,Politoed,0.31565,79,0.422,59,0.407
106,Drapion,0.28831,103,0.550,78,0.538
107,Audino-Mega,0.27827,107,0.571,75,0.517
108,Uxie,0.25348,99,0.529,88,0.607
109,Typhlosion,0.24099,366,1.954,229,1.579
110,Miltank,0.23444,99,0.529,79,0.545
111,Escavalier,0.23440,240,1.281,184,1.269
112,Ursaring,0.23068,119,0.635,90,0.620
113,Hitmontop,0.22800,133,0.710,105,0.724
114,Gastrodon,0.22018,136,0.726,110,0.758
115,Mesprit,0.21834,29,0.155,24,0.165
116,Durant,0.20675,147,0.785,94,0.648
117,Eelektross,0.20323,169,0.902,134,0.924
118,Swellow,0.20266,209,1.116,129,0.889
119,Blastoise,0.17071,204,1.089,166,1.144
120,Xatu,0.16282,119,0.635,98,0.676
121,Gothitelle,0.15822,31,0.166,24,0.165
122,Druddigon,0.15733,60,0.320,47,0.324
123,Pangoro,0.14594,128,0.683,95,0.655
124,Gallade,0.14506,374,1.997,312,2.151
125,Kabutops,0.14316,136,0.726,100,0.689
126,Seismitoad,0.12233,132,0.705,110,0.758
127,Piloswine,0.12061,14,0.075,10,0.069
128,Musharna,0.11707,38,0.203,27,0.186
129,Probopass,0.11349,31,0.166,28,0.193
130,Absol,0.11249,93,0.497,72,0.496
131,Ninjask,0.11071,67,0.358,53,0.365
132,Hitmonlee,0.11071,193,1.030,163,1.124
133,Diglett,0.11006,12,0.064,9,0.062
134,Venomoth,0.10709,100,0.534,71,0.489
135,Zoroark,0.10572,598,3.193,263,1.813
136,Sigilyph,0.10553,126,0.673,98,0.676
137,Ambipom,0.10523,258,1.377,212,1.462
138,Manectric,0.10266,100,0.534,80,0.552
139,Cinccino,0.09315,189,1.009,145,1.000
140,Trevenant,0.09289,250,1.335,198,1.365
141,Vivillon,0.09183,108,0.577,89,0.614
142,Sharpedo,0.09043,99,0.529,70,0.483
143,Camerupt-Mega,0.08737,67,0.358,51,0.352
144,Sceptile,0.08231,118,0.630,90,0.620
145,Cofagrigus,0.08226,186,0.993,158,1.089
146,Aggron,0.07318,263,1.404,196,1.351
147,Luxray,0.07246,120,0.641,83,0.572
148,Gigalith,0.07226,28,0.149,24,0.165
149,Dusknoir,0.07215,228,1.217,165,1.138
150,Scyther,0.06998,204,1.089,142,0.979
151,Togetic,0.06617,104,0.555,75,0.517
152,Aerodactyl,0.06469,149,0.796,115,0.793
153,Delphox,0.05783,258,1.377,187,1.289
154,Glalie-Mega,0.05763,45,0.240,34,0.234
155,Exploud,0.05525,73,0.390,52,0.358
156,Steelix,0.05282,76,0.406,66,0.455
157,Vileplume,0.05267,60,0.320,40,0.276
158,Pinsir,0.04923,67,0.358,50,0.345
159,Archeops,0.04406,81,0.432,64,0.441
160,Clawitzer,0.04062,83,0.443,66,0.455
161,Registeel,0.04021,88,0.470,74,0.510
162,Houndoom,0.03988,105,0.561,83,0.572
163,Pikachu,0.03985,105,0.561,87,0.600
164,Shedinja,0.03684,152,0.812,117,0.807
165,Kecleon,0.03318,39,0.208,35,0.241
166,Ariados,0.03248,21,0.112,20,0.138
167,Virizion,0.03171,35,0.187,28,0.193
168,Hariyama,0.03141,62,0.331,49,0.338
169,Linoone,0.02944,85,0.454,60,0.414
170,Swalot,0.02695,5,0.027,3,0.021
171,Liepard,0.02659,64,0.342,53,0.365
172,Electrode,0.02638,47,0.251,42,0.290
173,Banette-Mega,0.02392,313,1.671,253,1.744
174,Vanilluxe,0.02369,17,0.091,8,0.055
175,Flareon,0.02343,127,0.678,100,0.689
176,Spiritomb,0.02239,49,0.262,42,0.290
177,Braviary,0.02116,90,0.481,73,0.503
178,Malamar,0.02110,106,0.566,94,0.648
179,Sneasel,0.02000,59,0.315,50,0.345
180,Meowstic,0.01965,50,0.267,40,0.276
181,Purugly,0.01916,13,0.069,10,0.069
182,Golurk,0.01914,140,0.747,93,0.641
183,Swanna,0.01912,21,0.112,15,0.103
184,Omastar,0.01893,29,0.155,21,0.145
185,Mismagius,0.01879,121,0.646,99,0.683
186,Gourgeist-Super,0.01864,52,0.278,42,0.290
187,Dusclops,0.01857,146,0.779,112,0.772
188,Charizard,0.01852,294,1.570,223,1.537
189,Raticate,0.01848,22,0.117,16,0.110
190,Watchog,0.01730,11,0.059,10,0.069
191,Pawniard,0.01686,8,0.043,6,0.041
192,Skuntank,0.01663,30,0.160,21,0.145
193,Aromatisse,0.01572,71,0.379,51,0.352
194,Simipour,0.01552,22,0.117,13,0.090
195,Sandslash,0.01534,60,0.320,52,0.358
196,Lickilicky,0.01504,20,0.107,14,0.097
197,Venusaur,0.01449,255,1.361,158,1.089
198,Lanturn,0.01412,84,0.448,72,0.496
199,Jynx,0.01389,37,0.198,31,0.214
200,Rotom,0.01370,30,0.160,23,0.159
201,Lapras,0.01306,89,0.475,71,0.489
202,Diancie,0.01266,183,0.977,162,1.117
203,Butterfree,0.01208,28,0.149,16,0.110
204,Gurdurr,0.01155,17,0.091,14,0.097
205,Aurorus,0.01127,41,0.219,39,0.269
206,Accelgor,0.01057,122,0.651,83,0.572
207,Marowak,0.01055,37,0.198,29,0.200
208,Meloetta,0.01023,120,0.641,87,0.600
209,Smeargle,0.00994,131,0.699,114,0.786
210,Samurott,0.00988,46,0.246,41,0.283
211,Floatzel,0.00949,41,0.219,27,0.186
212,Mantine,0.00943,32,0.171,28,0.193
213,Magmortar,0.00907,107,0.571,81,0.558
214,Ninetales,0.00905,140,0.747,111,0.765
215,Raichu,0.00851,68,0.363,55,0.379
216,Altaria,0.00792,126,0.673,103,0.710
217,Ferroseed,0.00785,33,0.176,30,0.207
218,Ditto,0.00733,77,0.411,54,0.372
219,Garbodor,0.00733,133,0.710,122,0.841
220,Furfrou,0.00715,203,1.084,169,1.165
221,Jumpluff,0.00715,39,0.208,32,0.221
222,Relicanth,0.00707,3,0.016,3,0.021
223,Cradily,0.00682,164,0.876,117,0.807
224,Throh,0.00675,3,0.016,2,0.014
225,Chimecho,0.00665,24,0.128,23,0.159
226,Stoutland,0.00660,34,0.182,25,0.172
227,Hippopotas,0.00660,22,0.117,20,0.138
228,Combusken,0.00659,7,0.037,5,0.034
229,Zangoose,0.00646,98,0.523,74,0.510
230,Exeggutor,0.00619,55,0.294,33,0.228
231,Regirock,0.00614,101,0.539,86,0.593
232,Medicham,0.00611,142,0.758,101,0.696
233,Beartic,0.00606,6,0.032,4,0.028
234,Golbat,0.00594,38,0.203,34,0.234
235,Regice,0.00587,40,0.214,30,0.207
236,Rhydon,0.00567,30,0.160,26,0.179
237,Torterra,0.00560,276,1.474,182,1.255
238,Abomasnow,0.00501,10,0.053,8,0.055
239,Kingler,0.00490,32,0.171,22,0.152
240,Metang,0.00487,10,0.053,8,0.055
241,Clamperl,0.00471,16,0.085,14,0.097
242,Dragonair,0.00444,10,0.053,9,0.062
243,Persian,0.00441,49,0.262,32,0.221
244,Hoopa,0.00412,132,0.705,98,0.676
245,Primeape,0.00391,38,0.203,33,0.228
246,Meganium,0.00370,41,0.219,35,0.241
247,Cacturne,0.00364,17,0.091,11,0.076
248,Pelipper,0.00346,28,0.149,18,0.124
249,Bastiodon,0.00311,52,0.278,42,0.290
250,Granbull,0.00303,27,0.144,21,0.145
251,Drifblim,0.00300,56,0.299,48,0.331
252,Avalugg,0.00295,52,0.278,40,0.276
253,Rotom-Frost,0.00278,15,0.080,8,0.055
254,Golem,0.00266,106,0.566,82,0.565
255,Frogadier,0.00266,34,0.182,27,0.186
256,Sudowoodo,0.00238,14,0.075,11,0.076
257,Golduck,0.00236,20,0.107,16,0.110
258,Mawile,0.00226,10,0.053,9,0.062
259,Pidgeot,0.00220,49,0.262,40,0.276
260,Dodrio,0.00218,22,0.117,19,0.131
261,Armaldo,0.00207,19,0.101,15,0.103
262,Bellossom,0.00199,12,0.064,10,0.069
263,Cryogonal,0.00195,16,0.085,13,0.090
264,Klinklang,0.00189,31,0.166,21,0.145
265,Girafarig,0.00160,10,0.053,5,0.034
266,Fletchling,0.00143,1,0.005,1,0.007
267,Oddish,0.00143,1,0.005,1,0.007
268,Smoochum,0.00139,3,0.016,1,0.007
269,Pyroar,0.00123,34,0.182,29,0.200
270,Glaceon,0.00118,39,0.208,26,0.179
271,Whiscash,0.00111,11,0.059,10,0.069
272,Hitmonchan,0.00108,73,0.390,60,0.414
273,Camerupt,0.00096,31,0.166,26,0.179
274,Emboar,0.00093,46,0.246,37,0.255
275,Tauros,0.00086,85,0.454,66,0.455
276,Shiftry,0.00081,20,0.107,15,0.103
277,Gogoat,0.00069,66,0.352,48,0.331
278,Lilligant,0.00057,80,0.427,52,0.358
279,Leavanny,0.00056,22,0.117,22,0.152
280,Kangaskhan,0.00055,14,0.075,13,0.090
281,Onix,0.00044,4,0.021,4,0.028
282,Phione,0.00044,2,0.011,2,0.014
283,Rapidash,0.00043,40,0.214,29,0.200
284,Vespiquen,0.00042,60,0.320,40,0.276
285,Zebstrika,0.00041,39,0.208,32,0.221
286,Murkrow,0.00037,14,0.075,10,0.069
287,Chatot,0.00036,49,0.262,36,0.248
288,Huntail,0.00036,5,0.027,3,0.021
289,Illumise,0.00035,31,0.166,24,0.165
290,Sawk,0.00034,101,0.539,91,0.627
291,Torkoal,0.00034,53,0.283,45,0.310
292,Carracosta,0.00032,44,0.235,36,0.248
293,Victreebel,0.00029,15,0.080,9,0.062
294,Ampharos,0.00028,35,0.187,30,0.207
295,Wooper,0.00025,2,0.011,2,0.014
296,Wobbuffet,0.00025,14,0.075,13,0.090
297,Delibird,0.00023,8,0.043,6,0.041
298,Furret,0.00023,11,0.059,10,0.069
299,Plusle,0.00023,11,0.059,9,0.062
300,Noctowl,0.00022,18,0.096,15,0.103
301,Muk,0.00018,95,0.507,61,0.421
302,Beheeyem,0.00017,14,0.075,7,0.048
303,Pupitar,0.00017,2,0.011,1,0.007
304,Heatmor,0.00015,5,0.027,3,0.021
305,Swoobat,0.00015,29,0.155,16,0.110
306,Gorebyss,0.00014,11,0.059,4,0.028
307,Wigglytuff,0.00013,21,0.112,14,0.097
308,Seviper,0.00012,63,0.336,32,0.221
309,Tropius,0.00009,30,0.160,18,0.124
310,Dustox,0.00009,23,0.123,17,0.117
311,Minun,0.00008,13,0.069,12,0.083
312,Electrike,0.00007,1,0.005,1,0.007
313,Seaking,0.00005,7,0.037,4,0.028
314,Wartortle,0.00005,62,0.331,36,0.248
315,Spinda,0.00005,9,0.048,8,0.055
316,Carbink,0.00004,19,0.101,16,0.110
317,Elekid,0.00004,5,0.027,3,0.021
318,Lairon,0.00004,9,0.048,4,0.028
319,Hypno,0.00004,14,0.075,10,0.069
320,Rampardos,0.00003,63,0.336,37,0.255
321,Simisage,0.00003,14,0.075,8,0.055
322,Dewgong,0.00003,7,0.037,5,0.034
323,Mr. Mime,0.00002,20,0.107,19,0.131
324,Arbok,0.00002,43,0.230,38,0.262
325,Meowth,0.00002,8,0.043,7,0.048
326,Clefairy,0.00002,1,0.005,1,0.007
327,Eevee,0.00002,3,0.016,2,0.014
328,Electabuzz,0.00001,2,0.011,2,0.014
329,Riolu,0.00001,14,0.075,12,0.083
330,Pancham,0.00001,5,0.027,5,0.034
331,Nuzleaf,0.00001,5,0.027,4,0.028
332,Castform,0.00001,21,0.112,18,0.124
333,Walrein,0.00001,19,0.101,18,0.124
334,Emolga,0.00001,15,0.080,11,0.076
335,Barbaracle,0.00001,21,0.112,16,0.110
336,Delcatty,0.00001,15,0.080,14,0.097
337,Rotom-Fan,0.00000,8,0.043,3,0.021
338,Treecko,0.00000,4,0.021,2,0.014
339,Mudkip,0.00000,1,0.005,1,0.007
340,Taillow,0.00000,2,0.011,1,0.007
341,Poochyena,0.00000,1,0.005,1,0.007
342,Bagon,0.00000,1,0.005,1,0.007
343,Torchic,0.00000,1,0.005,1,0.007
344,Magmar,0.00000,1,0.005,0,0.000
345,Squirtle,0.00000,9,0.048,9,0.062
346,Dedenne,0.00000,6,0.032,5,0.034
347,Magcargo,0.00000,11,0.059,9,0.062
348,Mightyena,0.00000,7,0.037,6,0.041
349,Shelgon,0.00000,3,0.016,3,0.021
350,Marshtomp,0.00000,1,0.005,1,0.007
351,Grovyle,0.00000,3,0.016,3,0.021
352,Munchlax,0.00000,7,0.037,4,0.028
353,Kadabra,0.00000,16,0.085,10,0.069
354,Octillery,0.00000,8,0.043,8,0.055
355,Dunsparce,0.00000,8,0.043,4,0.028
356,Volbeat,0.00000,12,0.064,10,0.069
357,Haunter,0.00000,120,0.641,85,0.586
358,Beedrill,0.00000,4,0.021,2,0.014
359,Pachirisu,0.00000,8,0.043,6,0.041
360,Regigigas,0.00000,14,0.075,12,0.083
361,Wailord,0.00000,17,0.091,14,0.097
362,Parasect,0.00000,5,0.027,4,0.028
363,Servine,0.00000,7,0.037,4,0.028
364,Prinplup,0.00000,16,0.085,15,0.103
365,Grumpig,0.00000,9,0.048,9,0.062
366,Pignite,0.00000,6,0.032,5,0.034
367,Lopunny,0.00000,28,0.149,27,0.186
368,Lickitung,0.00000,1,0.005,1,0.007
369,Lumineon,0.00000,2,0.011,2,0.014
370,Trapinch,0.00000,2,0.011,1,0.007
371,Jigglypuff,0.00000,3,0.016,2,0.014
372,Foongus,0.00000,3,0.016,3,0.021
373,Sandile,0.00000,4,0.021,4,0.028
374,Solosis,0.00000,4,0.021,3,0.021
375,Sandshrew,0.00000,1,0.005,1,0.007
376,Stunfisk,0.00000,7,0.037,7,0.048
377,Goldeen,0.00000,10,0.053,10,0.069
378,Tyrogue,0.00000,10,0.053,9,0.062
379,Natu,0.00000,10,0.053,10,0.069
380,Misdreavus,0.00000,10,0.053,7,0.048
381,Horsea,0.00000,2,0.011,2,0.014
382,Igglybuff,0.00000,2,0.011,1,0.007
383,Nincada,0.00000,2,0.011,1,0.007
384,Growlithe,0.00000,3,0.016,3,0.021
385,Bouffalant,0.00000,19,0.101,15,0.103
386,Wormadam-Trash,0.00000,3,0.016,2,0.014
387,Houndour,0.00000,2,0.011,2,0.014
388,Shroomish,0.00000,3,0.016,3,0.021
389,Banette,0.00000,7,0.037,4,0.028
390,Bayleef,0.00000,8,0.043,7,0.048
391,Yanma,0.00000,1,0.005,0,0.000
392,Quilava,0.00000,4,0.021,4,0.028
393,Charmeleon,0.00000,2,0.011,1,0.007
394,Quilladin,0.00000,1,0.005,1,0.007
395,Koffing,0.00000,5,0.027,4,0.028
396,Solrock,0.00000,1,0.005,1,0.007
397,Lunatone,0.00000,1,0.005,1,0.007
398,Machoke,0.00000,19,0.101,18,0.124
399,Nosepass,0.00000,5,0.027,4,0.028
400,Sealeo,0.00000,10,0.053,10,0.069
401,Cascoon,0.00000,15,0.080,14,0.097
402,Unown,0.00000,17,0.091,15,0.103
403,Kricketune,0.00000,20,0.107,19,0.131
404,Marill,0.00000,1,0.005,1,0.007
405,Poliwhirl,0.00000,1,0.005,1,0.007
406,Aipom,0.00000,56,0.299,54,0.372
407,Bulbasaur,0.00000,14,0.075,11,0.076
408,Bibarel,0.00000,4,0.021,3,0.021
409,Beautifly,0.00000,13,0.069,6,0.041
410,Pineco,0.00000,4,0.021,2,0.014
411,Cranidos,0.00000,2,0.011,2,0.014
412,Buneary,0.00000,1,0.005,1,0.007
413,Magnemite,0.00000,3,0.016,1,0.007
414,Tepig,0.00000,1,0.005,1,0.007
415,Skrelp,0.00000,1,0.005,1,0.007
416,Ledian,0.00000,2,0.011,2,0.014
417,Whirlipede,0.00000,2,0.011,1,0.007
418,Klang,0.00000,1,0.005,1,0.007
419,Zubat,0.00000,1,0.005,1,0.007
420,Swinub,0.00000,1,0.005,0,0.000
421,Maractus,0.00000,3,0.016,3,0.021
422,Charmander,0.00000,1,0.005,1,0.007
423,Cherrim,0.00000,1,0.005,1,0.007
424,Zweilous,0.00000,1,0.005,1,0.007
425,Fennekin,0.00000,1,0.005,1,0.007
426,Kirlia,0.00000,10,0.053,10,0.069
427,Unfezant,0.00000,5,0.027,3,0.021
428,Gourgeist,0.00000,2,0.011,2,0.014
429,Togepi,0.00000,1,0.005,1,0.007
430,Bunnelby,0.00000,4,0.021,3,0.021
431,Chinchou,0.00000,1,0.005,1,0.007
432,Phanpy,0.00000,1,0.005,0,0.000
433,Glalie,0.00000,9,0.048,8,0.055
434,Wormadam-Sandy,0.00000,2,0.011,2,0.014
435,Pidove,0.00000,2,0.011,1,0.007
436,Aron,0.00000,11,0.059,7,0.048
437,Barboach,0.00000,1,0.005,1,0.007
438,Abra,0.00000,5,0.027,4,0.028
439,Boldore,0.00000,1,0.005,1,0.007
440,Magikarp,0.00000,5,0.027,5,0.034
441,Pidgeotto,0.00000,1,0.005,1,0.007
442,Rattata,0.00000,8,0.043,7,0.048
443,Basculin,0.00000,1,0.005,1,0.007
444,Sewaddle,0.00000,1,0.005,1,0.007
445,Combee,0.00000,1,0.005,1,0.007
446,Metapod,0.00000,2,0.011,2,0.014
447,Beldum,0.00000,1,0.005,1,0.007
448,Larvitar,0.00000,1,0.005,1,0.007
449,Crustle,0.00000,8,0.043,7,0.048
450,Kakuna,0.00000,2,0.011,2,0.014
451,Staravia,0.00000,2,0.011,2,0.014
452,Drowzee,0.00000,1,0.005,1,0.007
453,Sunflora,0.00000,7,0.037,6,0.041
454,Corsola,0.00000,2,0.011,2,0.014
455,Loudred,0.00000,1,0.005,1,0.007
456,Farfetch'd,0.00000,2,0.011,1,0.007
457,Shellder,0.00000,3,0.016,2,0.014
458,Starly,0.00000,1,0.005,1,0.007
459,Corphish,0.00000,1,0.005,1,0.007
460,Roselia,0.00000,1,0.005,1,0.007
461,Geodude,0.00000,1,0.005,1,0.007
462,Sawsbuck,0.00000,7,0.037,4,0.028
463,Gible,0.00000,2,0.011,2,0.014
464,Voltorb,0.00000,5,0.027,5,0.034
465,Cottonee,0.00000,3,0.016,1,0.007
466,Lileep,0.00000,1,0.005,1,0.007
467,Gastly,0.00000,1,0.005,1,0.007
468,Mothim,0.00000,1,0.005,0,0.000
469,Teddiursa,0.00000,2,0.011,2,0.014
470,Audino,0.00000,3,0.016,3,0.021
471,Chespin,0.00000,1,0.005,0,0.000
472,Stantler,0.00000,6,0.032,5,0.034
473,Honedge,0.00000,1,0.005,1,0.007
474,Machop,0.00000,1,0.005,1,0.007
475,Froakie,0.00000,1,0.005,0,0.000
476,Dewott,0.00000,1,0.005,1,0.007
477,Buizel,0.00000,5,0.027,5,0.034
478,Palpitoad,0.00000,1,0.005,1,0.007
479,Oshawott,0.00000,3,0.016,3,0.021
480,Gourgeist-Large,0.00000,4,0.021,2,0.014
481,Yamask,0.00000,1,0.005,1,0.007
482,Croconaw,0.00000,1,0.005,1,0.007
483,Pidgey,0.00000,1,0.005,1,0.007
484,Anorith,0.00000,1,0.005,1,0.007
485,Simisear,0.00000,8,0.043,5,0.034
486,Fearow,0.00000,6,0.032,2,0.014
487,Gloom,0.00000,4,0.021,1,0.007
488,Carnivine,0.00000,1,0.005,1,0.007
489,Snivy,0.00000,3,0.016,3,0.021
490,Flabebe,0.00000,6,0.032,4,0.028
