 Total battles: 258
 Avg. weight/team: 0.031
Rank,Pokemon,Usage percentage,Raw,Raw percentage,Real,Real percentage
1,Landorus-Therian,57.83381,75,14.535,0,0.000
2,Sylveon,39.29447,57,11.047,0,0.000
3,Zapdos,35.87971,28,5.426,0,0.000
4,Blaziken-Mega,33.29163,46,8.915,0,0.000
5,Amoonguss,33.27080,51,9.884,0,0.000
6,Weavile,33.07723,38,7.364,0,0.000
7,Scizor,33.00777,21,4.070,0,0.000
8,Milotic,22.93681,32,6.202,0,0.000
9,Kangaskhan-Mega,19.74101,46,8.915,0,0.000
10,Mawile-Mega,19.02939,26,5.039,0,0.000
11,Conkeldurr,18.63032,31,6.008,0,0.000
12,Raichu,18.57842,30,5.814,0,0.000
13,Aegislash,17.55828,48,9.302,0,0.000
14,Gothitelle,16.92197,11,2.132,0,0.000
15,Thundurus,16.14790,27,5.233,0,0.000
16,Gardevoir,15.34336,21,4.070,0,0.000
17,Gyarados-Mega,15.33813,19,3.682,0,0.000
18,Tyranitar,13.68200,29,5.620,0,0.000
19,Salamence-Mega,13.66189,27,5.233,0,0.000
20,Rotom-Heat,10.98635,7,1.357,0,0.000
21,Entei,9.87866,6,1.163,0,0.000
22,Heatran,8.59950,19,3.682,0,0.000
23,Cresselia,8.51350,27,5.233,0,0.000
24,Charizard-Mega-Y,7.86665,66,12.791,0,0.000
25,Volcarona,6.53665,16,3.101,0,0.000
26,Suicune,4.15987,15,2.907,0,0.000
27,Rotom-Wash,2.97388,20,3.876,0,0.000
28,Bisharp,2.96408,12,2.326,0,0.000
29,Gengar,2.87211,19,3.682,0,0.000
30,Gallade-Mega,2.87194,14,2.713,0,0.000
31,Greninja,2.83510,62,12.016,0,0.000
32,Mamoswine,2.55738,15,2.907,0,0.000
33,Arcanine,2.53180,34,6.589,0,0.000
34,Sableye,2.53180,5,0.969,0,0.000
35,Lucario-Mega,2.49104,30,5.814,0,0.000
36,Gyarados,2.49042,10,1.938,0,0.000
37,Pyroar,2.10649,3,0.581,0,0.000
38,Articuno,2.10649,4,0.775,0,0.000
39,Jolteon,2.10649,14,2.713,0,0.000
40,Chesnaught,2.10649,17,3.295,0,0.000
41,Vaporeon,2.10649,10,1.938,0,0.000
42,Gallade,1.59380,20,3.876,0,0.000
43,Scrafty,1.58392,15,2.907,0,0.000
44,Gardevoir-Mega,1.57184,40,7.752,0,0.000
45,Infernape,1.56504,22,4.264,0,0.000
46,Excadrill,1.28064,7,1.357,0,0.000
47,Hydreigon,1.17438,16,3.101,0,0.000
48,Virizion,1.17428,6,1.163,0,0.000
49,Ambipom,1.13339,14,2.713,0,0.000
50,Armaldo,1.11541,6,1.163,0,0.000
51,Swoobat,1.11529,6,1.163,0,0.000
52,Hitmontop,1.09581,9,1.744,0,0.000
53,Manectric-Mega,0.98814,7,1.357,0,0.000
54,Serperior,0.98814,20,3.876,0,0.000
55,Espeon,0.98814,16,3.101,0,0.000
56,Haxorus,0.81049,7,1.357,0,0.000
57,Lapras,0.74250,10,1.938,0,0.000
58,Smeargle,0.53081,27,5.233,0,0.000
59,Togekiss,0.52719,22,4.264,0,0.000
60,Garchomp,0.49993,44,8.527,0,0.000
61,Aerodactyl-Mega,0.46859,8,1.550,0,0.000
62,Cradily,0.42229,15,2.907,0,0.000
63,Beedrill-Mega,0.41312,4,0.775,0,0.000
64,Probopass,0.41312,5,0.969,0,0.000
65,Ferrothorn,0.40569,21,4.070,0,0.000
66,Hariyama,0.40163,1,0.194,0,0.000
67,Clawitzer,0.40163,5,0.969,0,0.000
68,Emboar,0.40163,2,0.388,0,0.000
69,Ampharos-Mega,0.40163,5,0.969,0,0.000
70,Gourgeist-Super,0.40163,1,0.194,0,0.000
71,Camerupt-Mega,0.35372,11,2.132,0,0.000
72,Smoochum,0.35336,5,0.969,0,0.000
73,Escavalier,0.35336,8,1.550,0,0.000
74,Liepard,0.35296,7,1.357,0,0.000
75,Ditto,0.35296,15,2.907,0,0.000
76,Absol,0.28110,9,1.744,0,0.000
77,Latios,0.28110,14,2.713,0,0.000
78,Latias,0.28110,12,2.326,0,0.000
79,Shuckle,0.16378,14,2.713,0,0.000
80,Malamar,0.16378,3,0.581,0,0.000
81,Sharpedo-Mega,0.16378,2,0.388,0,0.000
82,Gengar-Mega,0.16253,35,6.783,0,0.000
83,Eevee,0.15567,10,1.938,0,0.000
84,Slowking,0.15567,9,1.744,0,0.000
85,Medicham,0.15567,8,1.550,0,0.000
86,Blaziken,0.15567,16,3.101,0,0.000
87,Crobat,0.12163,19,3.682,0,0.000
88,Talonflame,0.09966,35,6.783,0,0.000
89,Terrakion,0.09955,4,0.775,0,0.000
90,Metagross,0.08044,18,3.488,0,0.000
91,Pidgeot-Mega,0.06945,21,4.070,0,0.000
92,Trevenant,0.06579,15,2.907,0,0.000
93,Politoed,0.04288,30,5.814,0,0.000
94,Meowstic,0.04021,12,2.326,0,0.000
95,Sableye-Mega,0.04021,12,2.326,0,0.000
96,Slurpuff,0.04021,4,0.775,0,0.000
97,Azelf,0.04021,1,0.194,0,0.000
98,Noivern,0.02946,15,2.907,0,0.000
99,Roserade,0.02946,9,1.744,0,0.000
100,Sceptile-Mega,0.02946,28,5.426,0,0.000
101,Sceptile,0.02558,11,2.132,0,0.000
102,Abomasnow-Mega,0.01814,8,1.550,0,0.000
103,Breloom,0.01810,14,2.713,0,0.000
104,Alakazam,0.01810,9,1.744,0,0.000
105,Golurk,0.01810,1,0.194,0,0.000
106,Accelgor,0.01810,1,0.194,0,0.000
107,Muk,0.01402,3,0.581,0,0.000
108,Golduck,0.01402,3,0.581,0,0.000
109,Staraptor,0.01402,6,1.163,0,0.000
110,Blastoise,0.01334,22,4.264,0,0.000
111,Ludicolo,0.01334,20,3.876,0,0.000
112,Swampert-Mega,0.00911,23,4.457,0,0.000
113,Venusaur-Mega,0.00707,25,4.845,0,0.000
114,Wobbuffet,0.00686,3,0.581,0,0.000
115,Mawile,0.00686,1,0.194,0,0.000
116,Murkrow,0.00686,4,0.775,0,0.000
117,Latias-Mega,0.00686,8,1.550,0,0.000
118,Gligar,0.00601,1,0.194,0,0.000
119,Minun,0.00601,1,0.194,0,0.000
120,Plusle,0.00601,1,0.194,0,0.000
121,Darmanitan,0.00523,2,0.388,0,0.000
122,Swampert,0.00523,9,1.744,0,0.000
123,Metagross-Mega,0.00523,15,2.907,0,0.000
124,Electivire,0.00523,14,2.713,0,0.000
125,Goodra,0.00431,7,1.357,0,0.000
126,Glaceon,0.00341,14,2.713,0,0.000
127,Altaria-Mega,0.00337,4,0.775,0,0.000
128,Ariados,0.00337,2,0.388,0,0.000
129,Abomasnow,0.00337,3,0.581,0,0.000
130,Pikachu,0.00310,13,2.519,0,0.000
131,Aggron-Mega,0.00275,9,1.744,0,0.000
132,Thundurus-Therian,0.00134,6,1.163,0,0.000
133,Skuntank,0.00104,4,0.775,0,0.000
134,Machamp,0.00061,12,2.326,0,0.000
135,Chansey,0.00061,9,1.744,0,0.000
136,Slowbro,0.00036,5,0.969,0,0.000
137,Gastrodon,0.00036,5,0.969,0,0.000
138,Porygon-Z,0.00018,3,0.581,0,0.000
139,Slowbro-Mega,0.00018,2,0.388,0,0.000
140,Umbreon,0.00006,8,1.550,0,0.000
141,Garchomp-Mega,0.00005,8,1.550,0,0.000
142,Carbink,0.00005,4,0.775,0,0.000
143,Lopunny,0.00005,1,0.194,0,0.000
144,Shedinja,0.00005,17,3.295,0,0.000
145,Jynx,0.00004,1,0.194,0,0.000
146,Porygon2,0.00004,3,0.581,0,0.000
147,Blastoise-Mega,0.00000,21,4.070,0,0.000
148,Heliolisk,0.00000,4,0.775,0,0.000
149,Zoroark,0.00000,8,1.550,0,0.000
150,Ninetales,0.00000,7,1.357,0,0.000
151,Cloyster,0.00000,3,0.581,0,0.000
152,Kingdra,0.00000,13,2.519,0,0.000
153,Dragonite,0.00000,20,3.876,0,0.000
154,Aggron,0.00000,6,1.163,0,0.000
155,Glalie,0.00000,3,0.581,0,0.000
156,Flygon,0.00000,4,0.775,0,0.000
157,Gliscor,0.00000,6,1.163,0,0.000
158,Tyrantrum,0.00000,3,0.581,0,0.000
159,Alakazam-Mega,0.00000,19,3.682,0,0.000
160,Exeggutor,0.00000,3,0.581,0,0.000
161,Rhydon,0.00000,3,0.581,0,0.000
162,Pidgeot,0.00000,3,0.581,0,0.000
163,Swellow,0.00000,7,1.357,0,0.000
164,Poliwrath,0.00000,2,0.388,0,0.000
165,Emolga,0.00000,1,0.194,0,0.000
166,Butterfree,0.00000,4,0.775,0,0.000
167,Frogadier,0.00000,1,0.194,0,0.000
168,Krookodile,0.00000,2,0.388,0,0.000
169,Gothorita,0.00000,1,0.194,0,0.000
170,Tyranitar-Mega,0.00000,16,3.101,0,0.000
171,Surskit,0.00000,1,0.194,0,0.000
172,Ampharos,0.00000,3,0.581,0,0.000
173,Walrein,0.00000,1,0.194,0,0.000
174,Durant,0.00000,1,0.194,0,0.000
175,Torterra,0.00000,8,1.550,0,0.000
176,Regirock,0.00000,2,0.388,0,0.000
177,Rotom,0.00000,2,0.388,0,0.000
178,Crawdaunt,0.00000,5,0.969,0,0.000
179,Exploud,0.00000,1,0.194,0,0.000
180,NidoranF,0.00000,1,0.194,0,0.000
181,Charizard-Mega-X,0.00000,34,6.589,0,0.000
182,Seismitoad,0.00000,3,0.581,0,0.000
183,Tornadus,0.00000,4,0.775,0,0.000
184,Lanturn,0.00000,2,0.388,0,0.000
185,Maractus,0.00000,1,0.194,0,0.000
186,Scizor-Mega,0.00000,8,1.550,0,0.000
187,Empoleon,0.00000,4,0.775,0,0.000
188,Dragalge,0.00000,3,0.581,0,0.000
189,Cherrim,0.00000,1,0.194,0,0.000
190,Reuniclus,0.00000,3,0.581,0,0.000
191,Houndoom-Mega,0.00000,1,0.194,0,0.000
192,Aipom,0.00000,1,0.194,0,0.000
193,Drifblim,0.00000,4,0.775,0,0.000
194,Alomomola,0.00000,1,0.194,0,0.000
195,Rotom-Mow,0.00000,1,0.194,0,0.000
196,Fennekin,0.00000,4,0.775,0,0.000
197,Regigigas,0.00000,1,0.194,0,0.000
198,Regice,0.00000,1,0.194,0,0.000
199,Dodrio,0.00000,2,0.388,0,0.000
200,Unfezant,0.00000,1,0.194,0,0.000
201,Floatzel,0.00000,3,0.581,0,0.000
202,Electrode,0.00000,1,0.194,0,0.000
203,Togepi,0.00000,2,0.388,0,0.000
204,Heracross-Mega,0.00000,5,0.969,0,0.000
205,Galvantula,0.00000,1,0.194,0,0.000
206,Clefable,0.00000,8,1.550,0,0.000
207,Latios-Mega,0.00000,5,0.969,0,0.000
208,Sudowoodo,0.00000,8,1.550,0,0.000
209,Starmie,0.00000,3,0.581,0,0.000
210,Tangrowth,0.00000,2,0.388,0,0.000
211,Phanpy,0.00000,1,0.194,0,0.000
212,Azumarill,0.00000,12,2.326,0,0.000
213,Camerupt,0.00000,2,0.388,0,0.000
214,Wingull,0.00000,1,0.194,0,0.000
215,Wormadam-Sandy,0.00000,2,0.388,0,0.000
216,Staryu,0.00000,1,0.194,0,0.000
217,Weezing,0.00000,1,0.194,0,0.000
218,Spiritomb,0.00000,2,0.388,0,0.000
219,Snorlax,0.00000,9,1.744,0,0.000
220,Vivillon,0.00000,2,0.388,0,0.000
221,Eelektross,0.00000,5,0.969,0,0.000
222,Zangoose,0.00000,1,0.194,0,0.000
223,Florges,0.00000,2,0.388,0,0.000
224,Venusaur,0.00000,10,1.938,0,0.000
225,Pachirisu,0.00000,1,0.194,0,0.000
226,Klefki,0.00000,7,1.357,0,0.000
227,Glalie-Mega,0.00000,1,0.194,0,0.000
228,Throh,0.00000,1,0.194,0,0.000
229,Wartortle,0.00000,3,0.581,0,0.000
230,Magikarp,0.00000,1,0.194,0,0.000
231,Dusknoir,0.00000,2,0.388,0,0.000
232,Basculin,0.00000,1,0.194,0,0.000
233,Granbull,0.00000,3,0.581,0,0.000
234,Kabutops,0.00000,2,0.388,0,0.000
235,Steelix,0.00000,1,0.194,0,0.000
236,Dedenne,0.00000,4,0.775,0,0.000
237,Slaking,0.00000,5,0.969,0,0.000
238,Scyther,0.00000,4,0.775,0,0.000
239,Honchkrow,0.00000,1,0.194,0,0.000
240,Magnezone,0.00000,2,0.388,0,0.000
241,Togetic,0.00000,2,0.388,0,0.000
242,Vigoroth,0.00000,1,0.194,0,0.000
243,Quagsire,0.00000,2,0.388,0,0.000
244,Magcargo,0.00000,6,1.163,0,0.000
245,Whiscash,0.00000,1,0.194,0,0.000
246,Hawlucha,0.00000,4,0.775,0,0.000
247,Bastiodon,0.00000,2,0.388,0,0.000
248,Braviary,0.00000,1,0.194,0,0.000
249,Venomoth,0.00000,1,0.194,0,0.000
250,Whimsicott,0.00000,7,1.357,0,0.000
251,Banette-Mega,0.00000,3,0.581,0,0.000
252,Finneon,0.00000,1,0.194,0,0.000
253,Pichu,0.00000,2,0.388,0,0.000
254,Rotom-Fan,0.00000,1,0.194,0,0.000
255,Manectric,0.00000,1,0.194,0,0.000
256,Illumise,0.00000,1,0.194,0,0.000
257,Xatu,0.00000,4,0.775,0,0.000
258,Forretress,0.00000,1,0.194,0,0.000
259,Floette,0.00000,1,0.194,0,0.000
260,Seaking,0.00000,2,0.388,0,0.000
261,Buizel,0.00000,1,0.194,0,0.000
262,Lopunny-Mega,0.00000,12,2.326,0,0.000
263,Dusclops,0.00000,1,0.194,0,0.000
264,Foongus,0.00000,1,0.194,0,0.000
265,Yanmega,0.00000,3,0.581,0,0.000
266,Sunflora,0.00000,1,0.194,0,0.000
267,Lombre,0.00000,1,0.194,0,0.000
268,Stoutland,0.00000,1,0.194,0,0.000
269,Beedrill,0.00000,1,0.194,0,0.000
270,Hitmonlee,0.00000,1,0.194,0,0.000
271,Cacturne,0.00000,1,0.194,0,0.000
272,Farfetch'd,0.00000,2,0.388,0,0.000
273,Aerodactyl,0.00000,2,0.388,0,0.000
274,Aurorus,0.00000,1,0.194,0,0.000
275,Mantine,0.00000,1,0.194,0,0.000
276,Doublade,0.00000,4,0.775,0,0.000
277,Leafeon,0.00000,6,1.163,0,0.000
278,Cofagrigus,0.00000,9,1.744,0,0.000
279,Sandslash,0.00000,1,0.194,0,0.000
280,Rhyperior,0.00000,1,0.194,0,0.000
281,Golem,0.00000,1,0.194,0,0.000
282,Pinsir,0.00000,2,0.388,0,0.000
283,Pangoro,0.00000,1,0.194,0,0.000
284,Banette,0.00000,1,0.194,0,0.000
285,Tauros,0.00000,4,0.775,0,0.000
286,Arbok,0.00000,2,0.388,0,0.000
287,Absol-Mega,0.00000,5,0.969,0,0.000
288,Mismagius,0.00000,2,0.388,0,0.000
289,Primeape,0.00000,1,0.194,0,0.000
290,Heracross,0.00000,3,0.581,0,0.000
291,Feraligatr,0.00000,5,0.969,0,0.000
292,Toxicroak,0.00000,5,0.969,0,0.000
293,Swadloon,0.00000,1,0.194,0,0.000
294,Froslass,0.00000,7,1.357,0,0.000
295,Audino-Mega,0.00000,10,1.938,0,0.000
296,Audino,0.00000,4,0.775,0,0.000
297,Drapion,0.00000,2,0.388,0,0.000
298,Sawk,0.00000,3,0.581,0,0.000
299,Samurott,0.00000,3,0.581,0,0.000
300,Seviper,0.00000,1,0.194,0,0.000
301,Dugtrio,0.00000,1,0.194,0,0.000
302,Typhlosion,0.00000,1,0.194,0,0.000
303,Nidoking,0.00000,5,0.969,0,0.000
304,Ninjask,0.00000,4,0.775,0,0.000
305,Grovyle,0.00000,1,0.194,0,0.000
306,Grumpig,0.00000,1,0.194,0,0.000
307,Moltres,0.00000,5,0.969,0,0.000
308,Flareon,0.00000,6,1.163,0,0.000
309,Tornadus-Therian,0.00000,1,0.194,0,0.000
310,Charizard,0.00000,9,1.744,0,0.000
311,Magmortar,0.00000,3,0.581,0,0.000
312,Luxray,0.00000,4,0.775,0,0.000
313,Jellicent,0.00000,1,0.194,0,0.000
314,Honedge,0.00000,1,0.194,0,0.000
315,Gogoat,0.00000,1,0.194,0,0.000
316,Landorus,0.00000,1,0.194,0,0.000
317,Vileplume,0.00000,1,0.194,0,0.000
318,Clefairy,0.00000,3,0.581,0,0.000
319,Magneton,0.00000,3,0.581,0,0.000
320,Skarmory,0.00000,2,0.388,0,0.000
321,Loudred,0.00000,1,0.194,0,0.000
322,Archeops,0.00000,2,0.388,0,0.000
323,Bronzong,0.00000,1,0.194,0,0.000
324,Delcatty,0.00000,4,0.775,0,0.000
325,Diggersby,0.00000,3,0.581,0,0.000
326,Lilligant,0.00000,2,0.388,0,0.000
327,Bouffalant,0.00000,2,0.388,0,0.000
328,Magmar,0.00000,2,0.388,0,0.000
329,Lucario,0.00000,10,1.938,0,0.000
330,Rampardos,0.00000,1,0.194,0,0.000
331,Cinccino,0.00000,5,0.969,0,0.000
332,Charmeleon,0.00000,1,0.194,0,0.000
333,Scolipede,0.00000,1,0.194,0,0.000
334,Oshawott,0.00000,1,0.194,0,0.000
335,Gourgeist-Large,0.00000,1,0.194,0,0.000
336,Salamence,0.00000,6,1.163,0,0.000
337,Marowak,0.00000,4,0.775,0,0.000
338,Steelix-Mega,0.00000,4,0.775,0,0.000
339,Croconaw,0.00000,1,0.194,0,0.000
340,Graveler,0.00000,1,0.194,0,0.000
341,Hippowdon,0.00000,1,0.194,0,0.000
342,Blissey,0.00000,11,2.132,0,0.000
343,Misdreavus,0.00000,1,0.194,0,0.000
344,Beautifly,0.00000,3,0.581,0,0.000
345,Delphox,0.00000,12,2.326,0,0.000
346,Pelipper,0.00000,2,0.388,0,0.000
347,Avalugg,0.00000,1,0.194,0,0.000
348,Meganium,0.00000,2,0.388,0,0.000
349,Monferno,0.00000,1,0.194,0,0.000
350,Mr. Mime,0.00000,2,0.388,0,0.000
351,Wailord,0.00000,3,0.581,0,0.000
352,Chandelure,0.00000,8,1.550,0,0.000
353,Ursaring,0.00000,1,0.194,0,0.000
354,Haunter,0.00000,1,0.194,0,0.000
355,Medicham-Mega,0.00000,2,0.388,0,0.000
356,Aromatisse,0.00000,2,0.388,0,0.000
357,Kingler,0.00000,1,0.194,0,0.000
358,Lunatone,0.00000,1,0.194,0,0.000
359,Rapidash,0.00000,3,0.581,0,0.000
360,Natu,0.00000,1,0.194,0,0.000
361,Bidoof,0.00000,1,0.194,0,0.000
362,Munchlax,0.00000,5,0.969,0,0.000
363,Meditite,0.00000,1,0.194,0,0.000
364,Weedle,0.00000,1,0.194,0,0.000
365,Kricketune,0.00000,1,0.194,0,0.000
366,Miltank,0.00000,1,0.194,0,0.000
367,Snivy,0.00000,2,0.388,0,0.000
368,Caterpie,0.00000,1,0.194,0,0.000
369,Dewgong,0.00000,2,0.388,0,0.000
370,Kecleon,0.00000,1,0.194,0,0.000
371,Beartic,0.00000,5,0.969,0,0.000
372,Tentacruel,0.00000,1,0.194,0,0.000
373,Sneasel,0.00000,1,0.194,0,0.000
